0 BFC CERTIFY CCW
1 16 32 0 0 0 -1 0 -1 0 0 0 0 -1 p/wpin4.dat
1 16 32 0 0 0 -1 0 4 0 0 0 0 4 p/4-4edge.dat
1 16 32 0 0 0 -1 0 1 0 0 0 0 1 p/4-4ring4.dat
1 16 32 0 0 0 -8 0 5 0 0 0 0 5 p/4-4cylo.dat
1 16 24 0 0 0 1 0 1 0 0 0 0 -1 p/4-4ring4.dat
1 16 24 0 0 0 -48 0 4 0 0 0 0 4 p/4-4cylo.dat
1 16 -24 0 0 0 -1 0 1 0 0 0 0 1 p/4-4ring4.dat
1 16 -32 0 0 0 8 0 5 0 0 0 0 -5 p/4-4cylo.dat
1 16 -32 0 0 0 1 0 1 0 0 0 0 -1 p/4-4ring4.dat
1 16 -32 0 0 0 1 0 4 0 0 0 0 -4 p/4-4edge.dat
1 16 -32 0 0 0 1 0 -1 0 0 0 0 1 p/wpin4.dat
