0 BFC CERTIFY CCW
1 16 0 0 0 1 0 0 0 1 0 0 0 1 s\10050s01.dat
1 16 0 0 0 -1 0 0 0 1 0 0 0 1 s\10050s01.dat
1 16 0 8 0 0 0 4 0 -5 0 4 0 0 4-4cylc.dat
1 16 0 3 0 0 0 0.266 0 -0.5 0 0.266 0 0 4-4con14.dat
1 16 0 2 0 0 0 -0.266 0 0.5 0 0.266 0 0 4-4con14.dat
1 16 0 2 0 0 0 -4 0 1 0 4 0 0 4-4edge.dat
1 16 0 1 0 0 0 -4 0 1 0 4 0 0 4-4cyli.dat
1 16 0 1 0 0 0 -4 0 1 0 4 0 0 4-4edge.dat
1 16 0 1 0 0 0 0.266 0 -0.5 0 0.266 0 0 4-4con14.dat
1 16 0 0 0 0 0 -0.266 0 0.5 0 0.266 0 0 4-4con14.dat
1 16 0 0 0 0 0 -4 0 1 0 4 0 0 4-4edge.dat
1 16 0 -1 0 0 0 -4 0 1 0 4 0 0 4-4cyli.dat
1 16 0 -1 0 0 0 -4 0 1 0 4 0 0 4-4edge.dat
1 16 0 -1 0 0 0 0.266 0 -0.5 0 0.266 0 0 4-4con14.dat
1 16 0 -2 0 0 0 -0.266 0 0.5 0 0.266 0 0 4-4con14.dat
1 16 0 -2 0 0 0 -4 0 1 0 4 0 0 4-4edge.dat
1 16 0 -3 0 0 0 -4 0 1 0 4 0 0 4-4cyli.dat
1 16 0 -3 0 0 0 -4 0 1 0 4 0 0 4-4edge.dat
1 16 0 -3 0 0 0 0.266 0 -0.5 0 0.266 0 0 4-4con14.dat
1 16 0 -4 0 0 0 -0.266 0 0.5 0 0.266 0 0 4-4con14.dat
1 16 0 -4 0 0 0 -4 0 1 0 4 0 0 4-4edge.dat
1 16 0 -5 0 0 0 -4 0 1 0 4 0 0 4-4cyli.dat
1 16 0 -5 0 0 0 -4 0 1 0 4 0 0 4-4edge.dat
1 16 0 -5 0 0 0 0.266 0 -0.5 0 0.266 0 0 4-4con14.dat
1 16 0 -6 0 0 0 -0.266 0 0.5 0 0.266 0 0 4-4con14.dat
1 16 0 -16 0 0 0 -4 0 10 0 4 0 0 4-4cylc.dat
