0 BFC CERTIFY CCW
1 16 0 8 0 0 0 -20 0 -8 0 20 0 0 p/box4-1.dat
0 BFC INVERTNEXT
1 16 -4 5.5 0 0 -12 0 0 0 -2.5 -16 0 0 p/box4-2p.dat
0 BFC INVERTNEXT
1 16 7.5 5.5 12.5 0 0 8.5 2.5 0 0 0 3.5 0 p/box2-5.dat
0 BFC INVERTNEXT
1 16 7.5 5.5 -12.5 0 0 8.5 2.5 0 0 0 -3.5 0 p/box2-5.dat
4 16 20 10 9 20 8 9 20 2 8 20 10 8
4 16 20 10 -9 20 10 -8 20 2 -8 20 8 -9
4 16 20 8 20 20 0 20 20 2 8 20 8 9
4 16 20 8 -20 20 8 -9 20 2 -8 20 0 -20
3 16 20 0 -20 20 2 -8 20 2 0
4 16 20 0 -20 20 2 0 20 2 8 20 0 20
1 16 20 10 0 0 -1 0 0 0 -8 8 0 0 p/2-4ndis.dat
4 16 20 8 9 16 8 9 16 8 16 20 8 20
3 16 20 8 20 16 8 16 -1 8 16
4 16 20 8 20 -1 8 16 -4 8 16 -20 8 20
3 16 -4 8 16 -16 8 16 -20 8 20
4 16 -20 8 20 -16 8 16 -16 8 -16 -20 8 -20
3 16 -1 8 -16 16 8 -16 20 8 -20
4 16 -20 8 -20 -4 8 -16 -1 8 -16 20 8 -20
3 16 -20 8 -20 -16 8 -16 -4 8 -16
4 16 20 8 -20 16 8 -16 16 8 -9 20 8 -9
1 16 20 10 0 0 -1 0 0 0 -1 -1 0 0 p/peghole.dat
0 BFC INVERTNEXT
1 16 2 10 0 0 16 0 0 0 -6 -6 0 0 p/4-4cyli.dat
1 16 2 10 0 0 -1 0 -6 0 0 0 0 -6 p/4-4edge.dat
1 16 20 10 0 0 -1 0 0 0 1 1 0 0 p/2-4ring8.dat
1 16 20 10 0 0 -18 0 0 0 9 9 0 0 p/2-4cylo.dat
4 16 20 10 9 2 10 9 16 8 9 20 8 9
4 16 16 8 9 2 10 9 2 3 9 16 3 9
4 16 20 10 -9 20 8 -9 16 8 -9 2 10 -9
4 16 16 8 -9 16 3 -9 2 3 -9 2 10 -9
1 16 -2.5 3 0 0 0 1.5 0 5 0 16 0 0 p/box3u8p.dat
1 16 2 10 0 0 1 0 0 0 3 -3 0 0 p/2-4ring2.dat
1 16 2 10 0 0 1 0 0 0 -6 6 0 0 p/2-4ndis.dat
4 16 2 10 6 2 4 6 2 3 9 2 10 9
4 16 2 10 -6 2 10 -9 2 3 -9 2 4 -6
4 16 2 3 -9 2 3 9 2 4 0 2 4 -6
3 16 2 3 9 2 4 6 2 4 0
1 16 9 3 0 0 0 -7 0 1 0 9 0 0 p/recte3.dat
4 16 16 3 16 16 3 9 2 3 9 -1 3 16
4 16 2 3 -9 -1 3 -16 -1 3 16 2 3 9
4 16 -1 3 -16 2 3 -9 16 3 -9 16 3 -16
1 16 -10 3 0 1 0 0 0 -1.25 0 0 0 1 p/stud3.dat
1 16 0 0 0 1 0 0 0 1 0 0 0 1 p/stug2-2x2.dat
