0 BFC CERTIFY CCW
1 16 0 8 10 1 0 0 0 -2 0 0 0 1 stud4a.dat
0 BFC INVERTNEXT
1 16 0 8 10 6 0 0 0 -3.87 0 0 0 6 4-4cyli.dat
1 16 0 8 10 -5.65685 0 -5.65685 0 -3.87 0 5.65685 0 -5.65685 3-4cyli.dat
1 16 0 4.13 -10 1 0 0 0 -2.967 0 0 0 1 stud4.dat
1 16 0 0 10 1 0 0 0 1 0 0 0 1 stud2.dat
1 16 0 0 -10 1 0 0 0 1 0 0 0 1 stud2.dat
1 16 0 0 0 1 0 0 0 1 0 0 0 1 s\10884s01.dat
1 16 0 0 0 -1 0 0 0 1 0 0 0 1 s\10884s01.dat
1 16 0 0 0 1 0 0 0 1 0 0 0 1 s\10884s02.dat
1 16 0 4 30 1 0 0 0 1 0 0 0 -1 clip5.dat
1 16 0 0 19.35 0 0 4.191 0 1 0 0.65 0 0 rect2p.dat
1 16 0 8 19.35 0 0 4.191 0 -1 0 0.65 0 0 rect2p.dat
3 16 0 8 18 -3.0615 8 17.391 -4.191 8 18.7
3 16 -3.0615 8 17.391 -4.191 8 16.6363 -4.191 8 18.7
4 16 4.191 4.13 18.7 4.191 8 18.7 4.191 8 20 4.191 0 20
3 16 4.191 8 18.7 0 8 18 -4.191 8 18.7
3 16 4.191 8 18.7 3.0615 8 17.391 0 8 18
3 16 4.191 8 18.7 4.191 8 16.6363 3.0615 8 17.391
4 16 -7.29 4.13 18.725 -4.191 4.13 18.7 -4.191 4.13 16.264 -9.32 4.13 -15.21
4 16 -4.191 8 20 -4.191 8 18.7 -4.191 4.13 18.7 -4.191 0 20
4 16 -4.191 4.13 18.7 -4.191 8 18.7 -4.191 8 16.6363 -4.191 4.13 16.6363
4 16 4.191 4.13 18.7 4.191 4.13 16.6363 4.191 8 16.6363 4.191 8 18.7
4 16 -4.191 4.13 16.6363 -4.191 8 16.6363 -5.6569 8 15.6569 -5.6569 4.13 15.6569
4 16 5.6569 4.13 15.6569 5.6569 8 15.6569 4.191 8 16.6363 4.191 4.13 16.6363
4 16 9.32 4.13 -15.21 4.191 4.13 16.264 4.191 4.13 18.7 7.29 4.13 18.725
3 16 -4.191 4.13 18.7 -4.191 0 18.7 -4.191 0 20
4 16 -7.29 0 18.725 -4.191 0 18.7 -4.191 4.13 18.7 -7.29 4.13 18.725
3 16 -7.29 0 18.725 -6.8 0 -15.45 -4.191 0 18.7
4 16 7.29 4.13 18.725 4.191 4.13 18.7 4.191 0 18.7 7.29 0 18.725
3 16 4.191 0 18.7 4.191 4.13 18.7 4.191 0 20
3 16 4.191 0 18.7 6.8 0 -15.45 7.29 0 18.725
1 16 0 4.13 10 -5.65685 0 -5.65685 0 -1 0 5.65685 0 -5.65685 3-4edge.dat
4 16 -6.8 0 -15.45 6.8 0 -15.45 4.191 0 18.7 -4.191 0 18.7
