0 BFC CERTIFY CCW
1 16 0 0 0 1 0 0 0 1 0 0 0 -1 parts/s/11096s01.dat
1 16 0 0 0 -1 0 0 0 1 0 0 0 -1 parts/s/11096s01.dat
1 16 0 0 0 1 0 0 0 1 0 0 0 1 parts/s/11096s01.dat
1 16 0 0 0 -1 0 0 0 1 0 0 0 1 parts/s/11096s01.dat
1 16 0 12.5 0 3.5 0 0 0 -1 0 0 0 -3.5 p/4-4disc.dat
0 BFC INVERTNEXT
1 16 0 12.5 0 3.5 0 0 0 2.5 0 0 0 3.5 p/4-4cylo.dat
1 16 0 15 0 0.5 0 0 0 -1 0 0 0 0.5 p/4-4ring7.dat
0 BFC INVERTNEXT
1 16 0 15 0 4 0 0 0 10 0 0 0 4 p/4-4cylo.dat
1 16 0 25 0 2 0 0 0 -1 0 0 0 2 p/4-4ring2.dat
1 16 0 25 0 0.25 0 0 0 -1 0 0 0 0.25 p/4-4rin24.dat
1 16 0 22 0 0.25 0 0 0 3 0 0 0 0.25 p/4-4con25.dat
1 16 0 16 0 0.5 0 0 0 6 0 0 0 0.5 p/4-4con13.dat
1 16 0 10 0 0.353553 0 -0.353553 0 6 0 0.353553 0 0.353553 p/1-4con14.dat
1 16 0 10 0 -0.353553 0 0.353553 0 6 0 -0.353553 0 -0.353553 p/1-4con14.dat
1 16 0 25 0 6.25 0 0 0 1 0 0 0 6.25 p/4-4edge.dat
1 16 0 10 0 5.3033 0 -5.3033 0 1 0 5.3033 0 5.3033 p/1-4chrd.dat
1 16 0 10 0 5.3033 0 -5.3033 0 1 0 5.3033 0 5.3033 p/1-4edge.dat
1 16 0 10 0 -5.3033 0 5.3033 0 1 0 -5.3033 0 -5.3033 p/1-4chrd.dat
1 16 0 10 0 -5.3033 0 5.3033 0 1 0 -5.3033 0 -5.3033 p/1-4edge.dat
1 16 0 0 4 1 0 0 0 0 1 0 -1.1 0 p/stud2a.dat
1 16 0 0 4 5.6568 0 0 0 0 5.6568 0 -1 0 p/4-4ndis.dat
1 16 0 0 4 0.5 0 0 0 0 0.5 0 -1 0 p/4-4ring7.dat
0 BFC INVERTNEXT
1 16 0 0 4 3.5 0 0 0 0 3.5 0 -4 0 p/4-4cylo.dat
1 16 0 0 0 3.5 0 0 0 0 3.5 0 -1 0 p/4-4disc.dat
1 16 0 0 -4 4 0 0 0 0 -4 0 1 0 p/4-4disc.dat
1 16 0 0 -4 5.6568 0 0 0 0 -5.6568 0 1 0 p/4-4ndis.dat
1 16 0 0 -4 1 0 0 0 0 -1 0 1.1 0 p/stud2.dat
1 16 0 -11.5 0 3.64 0 0 0 1 0 0 0 -3.64 p/4-4ndis.dat
1 16 0 -11.5 0 .52 0 0 0 -3 0 0 0 -.52 p/4-4con6.dat
1 16 0 -14.5 0 3.12 0 0 0 1 0 0 0 -3.12 p/4-4disc.dat
1 16 0 0 4 6 0 0 0 0 6 0 1 0 p/4-4edge.dat
1 16 0 0 4 4 0 0 0 0 4 0 1 0 p/4-4edge.dat
1 16 0 -11.5 0 3.64 0 0 0 1 0 0 0 -3.64 p/4-4edge.dat
1 16 0 -14.5 0 3.12 0 0 0 1 0 0 0 -3.12 p/4-4edge.dat
4 16 -4.6385 -11.5 4 -3.64 -11.5 3.64 3.64 -11.5 3.64 4.6385 -11.5 4
3 16 -5.6588 -11.5 2.3439 -6.125 -11.5 0 -5.6588 -11.5 -2.3439
4 16 -4.6385 -11.5 4 -5.6588 -11.5 2.3439 -5.6588 -11.5 -2.3439 -4.6385 -11.5 -4
4 16 -4.6385 -11.5 4 -4.6385 -11.5 -4 -3.64 -11.5 -3.64 -3.64 -11.5 3.64
4 16 4.6385 -11.5 -4 4.6385 -11.5 4 3.64 -11.5 3.64 3.64 -11.5 -3.64
4 16 4.6385 -11.5 -4 5.6588 -11.5 -2.3439 5.6588 -11.5 2.3439 4.6385 -11.5 4
3 16 5.6588 -11.5 -2.3439 6.125 -11.5 0 5.6588 -11.5 2.3439
4 16 4.6385 -11.5 -4 3.64 -11.5 -3.64 -3.64 -11.5 -3.64 -4.6385 -11.5 -4
4 16 6.1743 10 4 5.3033 10 5.3033 -5.3033 10 5.3033 -6.1743 10 4
4 16 -6.1743 10 -4 -5.3033 10 -5.3033 5.3033 10 -5.3033 6.1743 10 -4
4 16 4.6385 -11.5 4 5.6568 -5.6568 4 -5.6568 -5.6568 4 -4.6385 -11.5 4
4 16 -5.6568 5.6568 4 5.6568 5.6568 4 6.1743 10 4 -6.1743 10 4
4 16 -4.6385 -11.5 -4 -5.6568 -5.6568 -4 5.6568 -5.6568 -4 4.6385 -11.5 -4
4 16 -6.1743 10 -4 6.1743 10 -4 5.6568 5.6568 -4 -5.6568 5.6568 -4
3 16 -17.2 34.5 0 -15.12 35.8 0.775 -15.12 35.8 -0.775
4 16 -13.62 35.65 1.315 -13.62 35.65 -1.315 -15.12 35.8 -0.775 -15.12 35.8 0.775
4 16 -12.675 34.9 1.787 -12.675 34.9 -1.787 -13.62 35.65 -1.315 -13.62 35.65 1.315
4 16 -12.225 33.715 2.165 -12.225 33.715 -2.165 -12.675 34.9 -1.787 -12.675 34.9 1.787
4 16 -7.715 16 3.304 -7.715 16 -3.304 -12.225 33.715 -2.165 -12.225 33.715 2.165
3 16 -7.715 16 -3.304 -7.715 16 3.304 -7 16 0
3 16 -6.4 -10 0 -8.635 -10 3.071 -8.635 -10 -3.071
4 16 -9.425 -13.045 2.89 -9.425 -13.045 -2.89 -8.635 -10 -3.07 -8.635 -10 3.07
4 16 -7.825 -14.215 3.01 -7.825 -14.215 -3.01 -9.425 -13.045 -2.89 -9.425 -13.045 2.89
4 16 -8.25 -16.2 2.879 -8.25 -16.2 -2.879 -7.825 -14.215 -3.01 -7.825 -14.215 3.01
4 16 -8.5 -17.575 2.098 -8.5 -17.575 -2.098 -8.25 -16.2 -2.879 -8.25 -16.2 2.879
4 16 -9.05 -18.5 1.451 -9.05 -18.5 -1.451 -8.5 -17.575 -2.098 -8.5 -17.575 2.098
4 16 -9.875 -19 0.987 -9.875 -19 -0.987 -9.05 -18.5 -1.451 -9.05 -18.5 1.451
4 16 -11 -19 0.479 -11 -19 -0.479 -9.875 -19 -0.987 -9.875 -19 0.987
3 16 -11 -19 0.48 -12.875 -18.25 0 -11 -19 -0.48
3 16 17.2 34.5 0 15.12 35.8 -0.775 15.12 35.8 0.775
4 16 13.62 35.65 -1.315 13.62 35.65 1.315 15.12 35.8 0.775 15.12 35.8 -0.775
4 16 12.675 34.9 -1.787 12.675 34.9 1.787 13.62 35.65 1.315 13.62 35.65 -1.315
4 16 12.225 33.715 -2.165 12.225 33.715 2.165 12.675 34.9 1.787 12.675 34.9 -1.787
4 16 7.715 16 -3.304 7.715 16 3.304 12.225 33.715 2.165 12.225 33.715 -2.165
3 16 7.715 16 3.304 7.715 16 -3.304 7 16 0
3 16 6.4 -10 0 8.635 -10 -3.071 8.635 -10 3.071
4 16 9.425 -13.045 -2.89 9.425 -13.045 2.89 8.635 -10 3.07 8.635 -10 -3.07
4 16 7.825 -14.215 -3.01 7.825 -14.215 3.01 9.425 -13.045 2.89 9.425 -13.045 -2.89
4 16 8.25 -16.2 -2.879 8.25 -16.2 2.879 7.825 -14.215 3.01 7.825 -14.215 -3.01
4 16 8.5 -17.575 -2.098 8.5 -17.575 2.098 8.25 -16.2 2.879 8.25 -16.2 -2.879
4 16 9.05 -18.5 -1.451 9.05 -18.5 1.451 8.5 -17.575 2.098 8.5 -17.575 -2.098
4 16 9.875 -19 -0.987 9.875 -19 0.987 9.05 -18.5 1.451 9.05 -18.5 -1.451
4 16 11 -19 -0.479 11 -19 0.479 9.875 -19 0.987 9.875 -19 -0.987
3 16 11 -19 -0.48 12.875 -18.25 0 11 -19 0.48
