0 BFC CERTIFY CCW
1 16 40 69.28 40 0 -80 0 0 0 -80 -80 0 0 48\1-6cyli.dat
4 16 40 69.28 -40 -40 69.28 -40 -40 72 -40 40 72 -40
4 16 40 48.5745 -37.2741 40 69.28 -40 40 72 -40 40 72 40
4 16 40 29.28 -29.282 40 48.5745 -37.2741 40 72 40 40 12.7115 -16.5685
4 16 40 0 40 40 0 0 40 12.7115 -16.5685 40 72 40
4 16 -40 72 -40 -40 69.28 -40 -40 48.5745 -37.2741 -40 72 40
4 16 -40 72 40 -40 48.5745 -37.2741 -40 29.28 -29.282 -40 12.7115 -16.5685
4 16 -40 12.7115 -16.5685 -40 0 0 -40 0 40 -40 72 40
1 16 0 0 0 1 0 0 0 1 0 0 0 1 s\11170s01.dat
