0 BFC CERTIFY CCW
1 16 -11 -40 0 0 -3 0 7 0 0 0 0 7 4-8sphe.dat
1 16 -9.75 -40 0 0 .5 0 .5192 0 0 0 0 -.5192 4-4con12.dat
1 16 -9.25 -40 0 0 .5 0 6.2304 0 0 0 0 6.2304 4-4cylo.dat
1 16 -8.75 -40 0 0 .5 0 .5192 0 0 0 0 -.5192 4-4con11.dat
1 16 -8.25 -40 0 0 .75 0 5.7112 0 0 0 0 5.7112 4-4cylo.dat
1 16 -6.5 -40 0 0 -1 0 1.142 0 0 0 0 -1.142 4-4con5.dat
1 16 -5.8 -40 0 0 -.7 0 .2855 0 0 0 0 -.2855 4-4con24.dat
1 16 -5.8 -40 0 0 1.35 0 .89218 0 0 0 0 -.89218 4-4con7.dat
1 16 0 -40 0 1 0 0 0 1 0 0 0 1 s\11250s01.dat
1 16 0 -40 0 1 0 0 0 0 1 0 -1 0 s\11250s01.dat
1 16 0 -40 0 1 0 0 0 -1 0 0 0 -1 s\11250s01.dat
1 16 0 -40 0 1 0 0 0 0 -1 0 1 0 s\11250s01.dat
1 16 4.45 -40 0 0 1 0 6.24526 0 0 0 0 -6.24526 4-4edge.dat
1 16 4 -40 0 0 -8 0 6.4 0 0 0 0 6.4 4-4cylo.dat
1 16 -4.45 -40 0 0 1 0 6.24526 0 0 0 0 -6.24526 4-4edge.dat
1 16 11 -40 0 0 3 0 7 0 0 0 0 7 4-8sphe.dat
1 16 9.75 -40 0 0 -.5 0 .5192 0 0 0 0 -.5192 4-4con12.dat
1 16 9.25 -40 0 0 -.5 0 6.2304 0 0 0 0 6.2304 4-4cylo.dat
1 16 8.75 -40 0 0 -.5 0 .5192 0 0 0 0 -.5192 4-4con11.dat
1 16 8.25 -40 0 0 -.75 0 5.7112 0 0 0 0 5.7112 4-4cylo.dat
1 16 6.5 -40 0 0 1 0 1.142 0 0 0 0 -1.142 4-4con5.dat
1 16 5.8 -40 0 0 .7 0 .2855 0 0 0 0 -.2855 4-4con24.dat
1 16 5.8 -40 0 0 -1.35 0 .89218 0 0 0 0 -.89218 4-4con7.dat
1 16 0 -40 0 -1 0 0 0 1 0 0 0 1 s\11250s01.dat
1 16 0 -40 0 -1 0 0 0 0 1 0 -1 0 s\11250s01.dat
1 16 0 -40 0 -1 0 0 0 -1 0 0 0 -1 s\11250s01.dat
1 16 0 -40 0 -1 0 0 0 0 -1 0 1 0 s\11250s01.dat
1 16 0 0 0 4 0 0 0 -36 0 0 0 4 4-4cylc.dat
