0 BFC CERTIFY CCW
1 16 0 0 0 1 0 0 0 1 0 0 0 1 parts/s/11295s01.dat
1 16 0 0 0 -1 0 0 0 1 0 0 0 1 parts/s/11295s01.dat
1 16 0 5.375 76.25 37.25 0 0 0 0 -2.625 0 1 0 p/rect2p.dat
1 16 0 -8 -20 20 0 0 0 0 8 0 -1 0 p/rect2p.dat
1 16 0 4 80 40 0 0 0 0 4 0 -1 0 p/rect2p.dat
4 16 37.25 8 76.25 -37.25 8 76.25 -40 8 80 40 8 80
4 16 -17.61 0 -22.39 17.61 0 -22.39 17.75 -16 -22.25 -17.75 -16 -22.25
4 16 -17.75 -16 -22.25 17.75 -16 -22.25 20 -16 -20 -20 -16 -20
1 16 0 0 40 0 0 -1 0 1 0 1 0 0 p/stug-4x4.dat
1 16 0 0 -10 0 0 -1 0 1 0 1 0 0 p/stug-2x1.dat
1 16 -30 0 -20 0 0 -1 0 1 0 1 0 0 p/stug-1x2.dat
1 16 30 0 -20 0 0 -1 0 1 0 1 0 0 p/stug-1x2.dat
1 16 20 2.75 10 0 0 1 0 -1.3125 0 1 0 0 p/stug4-1x6.dat
1 16 -20 2.75 10 0 0 1 0 -1.3125 0 1 0 0 p/stug4-1x6.dat
1 16 0 2.75 60 0 0 1 0 -1.3125 0 1 0 0 p/stud4.dat
1 16 0 2.75 20 0 0 1 0 -1.3125 0 1 0 0 p/stud4.dat
1 16 0 2.75 -20 0 0 1 0 -1.3125 0 1 0 0 p/stud4.dat
1 16 0 2.75 40 0 0 1 0 -1.3125 0 1 0 0 p/stud4a.dat
1 16 0 2.75 0 0 0 1 0 -1.3125 0 1 0 0 p/stud4a.dat
1 16 0 2.75 -40 0 0 1 0 -1.3125 0 1 0 0 p/stud4a.dat
1 16 0 2.75 -40 0 0 8 0 1 0 8 0 0 p/4-4edge.dat
1 16 0 2.75 0 0 0 8 0 1 0 8 0 0 p/4-4edge.dat
1 16 0 2.75 40 0 0 8 0 1 0 8 0 0 p/4-4edge.dat
1 16 0 0 40 0 0 6 0 1 0 6 0 0 p/4-4edge.dat
0 BFC INVERTNEXT
1 16 0 0 40 0 0 6 0 2.75 0 6 0 0 p/4-4cyli.dat
1 16 0 0 0 0 0 6 0 1 0 6 0 0 p/4-4edge.dat
0 BFC INVERTNEXT
1 16 0 0 0 0 0 6 0 2.75 0 6 0 0 p/4-4cyli.dat
1 16 0 -8 -40 0 0 6 0 1 0 6 0 0 p/4-4edge.dat
0 BFC INVERTNEXT
1 16 0 -8 -40 0 0 6 0 10.75 0 6 0 0 p/4-4cyli.dat
1 16 0 -8 -40 0 0 3 0 1 0 3 0 0 p/4-4ring2.dat
1 16 0 -8 -40 0 0 9 0 8 0 9 0 0 p/4-4cylo.dat
