0 BFC CERTIFY CCW
1 16 0 4 0 1 0 0 0 -1 0 0 0 1 p/stug4-3x3.dat
0 BFC INVERTNEXT
1 16 0 8 0 36 0 0 0 -4 0 0 0 36 p/box5.dat
4 16 -40 8 40 -36 8 36 -36 8 -36 -40 8 -40
4 16 40 8 40 36 8 36 -36 8 36 -40 8 40
4 16 40 8 -40 36 8 -36 36 8 36 40 8 40
3 16 -36 8 -36 -34 8 -40 -40 8 -40
3 16 -36 8 -36 -26 8 -40 -34 8 -40
4 16 -26 8 -40 -36 8 -36 36 8 -36 26 8 -40
3 16 36 8 -36 34 8 -40 26 8 -40
3 16 36 8 -36 40 8 -40 34 8 -40
1 16 0 4 -40 0 0 40 -4 0 0 0 80 0 p/box3u2p.dat
3 16 -40 0 40 -40 0 -40 -34 0 -40
3 16 -40 0 40 -34 0 -40 -26 0 -40
4 16 -40 0 40 -26 0 -40 26 0 -40 40 0 40
3 16 40 0 40 26 0 -40 34 0 -40
3 16 40 0 40 34 0 -40 40 0 -40
1 16 -37 4 -40 0 0 3 -4 0 0 0 1 0 p/rect3.dat
1 16 -30 0 -50 1 0 0 0 1 0 0 0 1 p/clip6.dat
1 16 0 4 -40 0 0 -26 -4 0 0 0 1 0 p/rect.dat
1 16 30 0 -50 1 0 0 0 1 0 0 0 1 p/clip6.dat
1 16 37 4 -40 0 0 -3 -4 0 0 0 1 0 p/rect3.dat
1 16 0 0 0 0 0 1 0 1 0 -1 0 0 p/stug-4x4.dat
