0 BFC CERTIFY CCW
1 16 0 0 0 1 0 0 0 1 0 0 0 1 parts/s/11435s01.dat
1 16 0 0 0 -1 0 0 0 1 0 0 0 1 parts/s/11435s01.dat
1 16 0 68 0 1 0 0 0 -1 0 0 0 1 p/stud4.dat
1 16 0 0 0 1 0 0 0 1 0 0 0 1 parts/s/11435s02.dat
1 16 0 0 0 -1 0 0 0 1 0 0 0 1 parts/s/11435s02.dat
1 16 0 0 0 1 0 0 0 1 0 0 0 1 parts/s/11435s03.dat
1 16 0 0 0 -1 0 0 0 1 0 0 0 1 parts/s/11435s03.dat
1 16 0 0 0 1 0 0 0 1 0 0 0 1 parts/s/11435s04.dat
1 16 0 0 0 -1 0 0 0 1 0 0 0 1 parts/s/11435s04.dat
1 16 0 0 0 1 0 0 0 1 0 0 0 1 parts/s/11435s05.dat
1 16 0 0 0 -1 0 0 0 1 0 0 0 1 parts/s/11435s05.dat
4 16 4.293 48.684 8.756 4.234 39.47 2.401 -4.234 39.47 2.401 -4.293 48.684 8.756
3 16 4.102 55.659 9.277 -4.102 55.659 9.277 0 61.735 -2.249
4 16 -4.293 48.684 8.756 -4.102 55.659 9.277 4.102 55.659 9.277 4.293 48.684 8.756
3 16 -4.234 39.47 2.401 4.234 39.47 2.401 0 32.883 -5.906
