0 BFC CERTIFY CCW
1 16 -20 4 20 1 0 0 0 -1 0 0 0 -1 p/stud4.dat
1 16 20 4 20 1 0 0 0 -1 0 0 0 -1 p/stud4.dat
1 16 -20 4 -20 1 0 0 0 -1 0 0 0 -1 p/stud4.dat
1 16 20 4 -20 1 0 0 0 -1 0 0 0 -1 p/stud4.dat
1 16 0 0 0 1 0 0 0 1 0 0 0 1 parts/s/11833s01.dat
1 16 0 0 0 0 0 -1 0 1 0 1 0 0 parts/s/11833s01.dat
1 16 0 0 0 -1 0 0 0 1 0 0 0 -1 parts/s/11833s01.dat
1 16 0 0 0 0 0 1 0 1 0 -1 0 0 parts/s/11833s01.dat
1 16 0 0 0 0 0 -1 0 1 0 -1 0 0 parts/s/11833s01.dat
1 16 0 0 0 -1 0 0 0 1 0 0 0 1 parts/s/11833s01.dat
1 16 0 0 0 0 0 1 0 1 0 1 0 0 parts/s/11833s01.dat
1 16 0 0 0 1 0 0 0 1 0 0 0 -1 parts/s/11833s01.dat
1 16 30 0 0 1 0 0 0 1 0 0 0 1 p/stug-2x1.dat
1 16 0 0 30 1 0 0 0 1 0 0 0 1 p/stug-1x2.dat
1 16 0 0 -30 1 0 0 0 1 0 0 0 1 p/stug-1x2.dat
1 16 -30 0 0 1 0 0 0 1 0 0 0 1 p/stug-2x1.dat
