0 BFC CERTIFY CCW
1 16 0 0 -10 1 0 0 0 0 1 0 20 0 p/axlehol6.dat
1 16 0 0 -10 -1 0 0 0 0 -1 0 20 0 p/axlehol6.dat
0 BFC INVERTNEXT
1 16 0 0 -10 0 0 6 -6 0 0 0 20 0 p/1-4cylo.dat
0 BFC INVERTNEXT
1 16 0 0 -10 0 0 -6 6 0 0 0 20 0 p/1-4cylo.dat
4 16 6 0 10 5.602 2 10 5.602 2 -10 6 0 -10
4 16 2 5.602 10 0 6 10 0 6 -10 2 5.602 -10
4 16 -6 0 10 -5.602 -2 10 -5.602 -2 -10 -6 0 -10
4 16 -2 -5.602 10 0 -6 10 0 -6 -10 -2 -5.602 -10
1 16 0 0 -10 1 0 0 0 0 1 0 1 0 p/4-4ring6.dat
1 16 0 0 -10 0.5 0 0 0 0 0.5 0 1 0 p/4-4rin14.dat
1 16 0 0 10 1 0 0 0 0 1 0 -1 0 p/4-4ring6.dat
1 16 0 0 10 0.5 0 0 0 0 0.5 0 -1 0 p/4-4rin14.dat
1 16 0 0 -10 7.5 0 0 0 0 7.5 0 1 0 p/4-4edge.dat
1 16 0 0 10 7.5 0 0 0 0 7.5 0 1 0 p/4-4edge.dat
1 16 0 0 -10 7.5 0 0 0 0 7.5 0 20 0 p/4-4cyli.dat
1 16 0 -7 0 1 0 0 0 -1 0 0 0 1 p/tooth8a.dat
1 16 -4.95 -4.95 0 0.707 -0.707 0 -0.707 -0.707 0 0 0 1 p/tooth8a.dat
1 16 -7 0 0 0 -1 0 -1 0 0 0 0 1 p/tooth8a.dat
1 16 -4.95 4.95 0 -0.707 -0.707 0 -0.707 0.707 0 0 0 1 p/tooth8a.dat
1 16 0 7 0 -1 0 0 0 1 0 0 0 1 p/tooth8a.dat
1 16 4.95 4.95 0 -0.707 0.707 0 0.707 0.707 0 0 0 1 p/tooth8a.dat
1 16 7 0 0 0 1 0 1 0 0 0 0 1 p/tooth8a.dat
1 16 4.95 -4.95 0 0.707 0.707 0 0.707 -0.707 0 0 0 1 p/tooth8a.dat
