0 BFC CERTIFY CCW
1 16 0 0 0 1 0 0 0 1 0 0 0 1 parts/s/13358s01.dat
1 16 0 0 0 1 0 0 0 1 0 0 0 -1 parts/s/13358s01.dat
1 16 0 0 0 -1 0 0 0 1 0 0 0 1 parts/s/13358s01.dat
1 16 0 0 0 -1 0 0 0 1 0 0 0 -1 parts/s/13358s01.dat
1 16 0 4 0 1 0 0 0 -4 0 0 0 1 p/stud8a.dat
1 16 0 4 0 16 0 0 0 -1 0 0 0 16 p/4-4edge.dat
0 BFC INVERTNEXT
1 16 0 24 0 36 0 0 0 -20 0 0 0 36 p/box4.dat
4 16 40 24 40 36 24 36 -36 24 36 -40 24 40
4 16 -40 24 40 -36 24 36 -36 24 -36 -40 24 -40
4 16 -40 24 -40 -36 24 -36 36 24 -36 40 24 -40
4 16 40 24 -40 36 24 -36 36 24 36 40 24 40
3 16 24 0 16 24 -37 0 24 0 -16
1 16 32 0 0 0 0 8 0 1 0 -16 0 0 p/rect2p.dat
4 16 40 0 16 40 0 -16 40 24 -40 40 24 40
4 16 -20 0 40 20 0 40 40 24 40 -40 24 40
3 16 20 0 40 20 0 -40 20 -50 0
3 16 -24 0 -16 -24 -37 0 -24 0 16
1 16 -32 0 0 0 0 -8 0 1 0 16 0 0 p/rect2p.dat
4 16 -40 0 -16 -40 0 16 -40 24 40 -40 24 -40
4 16 20 0 -40 -20 0 -40 -40 24 -40 40 24 -40
3 16 -20 0 -40 -20 0 40 -20 -50 0
3 16 -36 4 36 36 4 36 0 4 16
3 16 36 4 36 36 4 -36 16 4 0
3 16 36 4 -36 -36 4 -36 0 4 -16
3 16 -36 4 -36 -36 4 36 -16 4 0
1 16 0 0 0 14 0 0 0 -1 0 0 0 14 p/4-4edge.dat
1 16 0 0 0 14 0 0 0 1 0 0 0 14 p/4-4ndis.dat
4 16 20 0 40 14 0 14 14 0 -14 20 0 -40
4 16 20 0 -40 14 0 -14 -14 0 -14 -20 0 -40
4 16 -20 0 -40 -14 0 -14 -14 0 14 -20 0 40
4 16 -20 0 40 -14 0 14 14 0 14 20 0 40
0 BFC INVERTNEXT
1 16 0 0 0 14 0 0 0 4 0 0 0 14 p/4-4cyli.dat
1 16 19.5 -25 0 0 1 0.5 0 0 -1 -1.5 0 0 p/rect2p.dat
1 16 19 -12 0 0 1 0 12 0 0 0 0 -1.5 p/rect1.dat
1 16 -19.5 -25 0 0 -1 -0.5 0 0 -1 1.5 0 0 p/rect2p.dat
1 16 -19 -12 0 0 -1 0 12 0 0 0 0 1.5 p/rect1.dat
