0 BFC CERTIFY CW
4 16 40 48 10 44 48 6 56 48 6 60 48 10
4 16 40 48 -10 44 48 -6 44 48 6 40 48 10
4 16 60 48 -10 56 48 -6 44 48 -6 40 48 -10
4 16 60 48 10 56 48 6 56 48 -6 60 48 -10
1 16 50 48 0 0 0 -10 0 1 0 -10 0 0 p/recte3.dat
4 16 -60 48 10 -56 48 6 -44 48 6 -40 48 10
4 16 -40 48 10 -44 48 6 -44 48 -6 -40 48 -10
4 16 -40 48 -10 -44 48 -6 -56 48 -6 -60 48 -10
4 16 -60 48 -10 -56 48 -6 -56 48 6 -60 48 10
1 16 -50 48 0 0 0 10 0 1 0 10 0 0 p/recte3.dat
0 BFC INVERTNEXT
1 16 50 48 0 6 0 0 0 -44 0 0 0 6 p/box5.dat
0 BFC INVERTNEXT
1 16 0 48 0 0 0 40 0 -44 0 6 0 0 p/box3u4a.dat
0 BFC INVERTNEXT
1 16 -50 48 0 6 0 0 0 -44 0 0 0 6 p/box5.dat
4 16 -40 8 6 -40 4 6 40 4 6 0 8 6
3 16 40 8 6 0 8 6 40 4 6
1 16 0 48 6 40 0 0 0 0 -40 0 1 0 p/48/2-4ndis.dat
4 16 40 8 -6 40 4 -6 -40 4 -6 0 8 -6
3 16 -40 8 -6 0 8 -6 -40 4 -6
1 16 0 48 -6 40 0 0 0 0 -40 0 -1 0 p/48/2-4ndis.dat
0 BFC INVERTNEXT
1 16 0 48 10 40 0 0 0 0 -40 0 -4 0 p/48/2-4cylo.dat
0 BFC INVERTNEXT
1 16 0 48 -10 40 0 0 0 0 -40 0 4 0 p/48/2-4cylo.dat
1 16 0 48 10 -40 0 0 0 0 -40 0 -1 0 p/48/2-4ndis.dat
1 16 0 48 -10 40 0 0 0 0 -40 0 1 0 p/48/2-4ndis.dat
4 16 -40 48 10 -40 8 10 -60 0 10 -60 48 10
4 16 -60 0 10 -40 8 10 0 8 10 60 0 10
3 16 40 8 10 60 0 10 0 8 10
4 16 60 0 10 40 8 10 40 48 10 60 48 10
4 16 -60 0 -10 -40 8 -10 -40 48 -10 -60 48 -10
4 16 60 0 -10 0 8 -10 -40 8 -10 -60 0 -10
3 16 60 0 -10 40 8 -10 0 8 -10
4 16 40 48 -10 40 8 -10 60 0 -10 60 48 -10
1 16 0 48 0 0 0 60 0 -48 0 10 0 0 p/box3u2p.dat
1 16 0 0 0 1 0 0 0 1 0 0 0 1 p/stug-1x6.dat
