0 BFC CERTIFY CCW
1 16 0 0 0 1 0 0 0 1 0 0 0 1 parts/s/15391s01.dat
1 16 0 0 0 -1 0 0 0 1 0 0 0 1 parts/s/15391s01.dat
1 16 0 -20.528 12.298 1 0 0 0 -0.38268 0.92388 0 -0.92388 -0.38268 p/stud2.dat
1 16 0 0 0 4 0 0 0 1 0 0 0 4 p/4-4edge.dat
1 16 0 0 0 4 0 0 0 -1 0 0 0 4 p/4-4disc.dat
1 16 0 0 0 4 0 0 0 -17 0 0 0 4 p/4-4cyli.dat
3 16 -1.4 -16.959 -8.153 1.4 -16.959 -8.153 0 -18.161 -8.057
4 16 -1.4 -15.17 -7.286 1.4 -15.17 -7.286 1.4 -16.959 -8.153 -1.4 -16.959 -8.153
3 16 1.4 -15.17 -7.286 -1.4 -15.17 -7.286 0 -12.95 -4
1 16 0 -28.1805 9.4075 -0.798 0 -0.0005 0 -1 0.7475 0 0 1.7875 p/rect2p.dat
3 16 0.798 -28.928 7.62 0 -32.673 9.171 -0.798 -28.928 7.62
3 16 0.797 -27.433 11.195 -0.797 -27.433 11.195 0 -16.525 6.676
