0 BFC CERTIFY CCW
1 16 -20 9.5 20 0 10 0 0 0 -10 -10 0 0 p/1-8cyli.dat
1 16 -20 9.5 20 0 18 0 0 0 -10 10 0 0 p/3-8cyli.dat
1 16 -20 9.5 20 0 1 0 0 0 -10 -10 0 0 p/2-4edge.dat
1 16 0 20 20 1 0 0 0 -1 0 0 0 1 p/stud3.dat
0 BFC INVERTNEXT
1 16 0 24 20 16 0 0 0 -4 0 0 0 6 p/box5.dat
1 16 -7 -3 -7 0 0 -3 0 3 0 -3 0 0 p/1-4cylo.dat
0 BFC INVERTNEXT
1 16 0 -3 0 0 0 -6 0 3 0 -6 0 0 p/4-4cylo.dat
1 16 7 -3 -7 3 0 0 0 3 0 0 0 -3 p/1-4cylo.dat
1 16 -7 -3 -7 0 0 -3 0 1 0 -3 0 0 p/1-4chrd.dat
1 16 7 -3 -7 3 0 0 0 1 0 0 0 -3 p/1-4chrd.dat
1 16 -7 0 -7 0 0 -3 0 -1 0 -3 0 0 p/1-4chrd.dat
1 16 7 0 -7 3 0 0 0 -1 0 0 0 -3 p/1-4chrd.dat
1 16 13 21 10 0 0 -3 3 0 0 0 1 0 p/1-4chrd.dat
1 16 -13 21 10 3 0 0 0 0 3 0 1 0 p/1-4chrd.dat
1 16 -13 21 10 3 0 0 0 0 3 0 1 0 p/1-4cylo.dat
1 16 13 21 10 0 0 -3 3 0 0 0 1 0 p/1-4cylo.dat
1 16 -13 21 11 3 0 0 0 0 3 0 1 0 p/1-4ndis.dat
1 16 13 21 11 0 0 -3 3 0 0 0 1 0 p/1-4ndis.dat
1 16 0 -3 0 0 0 -6 0 1 0 -6 0 0 p/4-4ndis.dat
1 16 0 0 0 0 0 -6 0 -1 0 -6 0 0 p/4-4ndis.dat
1 16 20 9.5 20 0 -1 0 0 0 1 -1 0 0 p/peghole.dat
0 BFC INVERTNEXT
1 16 2 9.5 20 0 -4 0 0 0 8 -8 0 0 p/2-4cylo.dat
1 16 -20 9.5 20 0 1 0 0 0 -1 1 0 0 p/peghole.dat
1 16 20 9.5 20 0 -1 0 0 0 8 -8 0 0 p/2-4ndis.dat
1 16 -20 9.5 20 0 1 0 0 0 8 -8 0 0 p/2-4ndis.dat
1 16 20 9.5 20 0 -10 0 0 0 -10 -10 0 0 p/1-8cyli.dat
1 16 20 9.5 20 0 -18 0 0 0 -10 10 0 0 p/3-8cyli.dat
1 16 2 9.5 20 0 -4 0 0 0 -10 10 0 0 p/1-8cyli.dat
1 16 2 9.5 20 0 -1 0 -7.07106781 0 -7.07106781 7.07106781 0 -7.07106781 p/3-16edge.dat
1 16 2 9.5 20 0 1 0 -7.07106781 0 -7.07106781 7.07106781 0 -7.07106781 p/1-4chrd.dat
1 16 -2 9.5 20 0 -1 0 -7.07106781 0 -7.07106781 7.07106781 0 -7.07106781 p/3-16edge.dat
1 16 -2 9.5 20 0 -1 0 -7.07106781 0 -7.07106781 7.07106781 0 -7.07106781 p/1-4chrd.dat
0 BFC INVERTNEXT
1 16 18 9.5 20 0 -16 0 0 0 6 -6 0 0 p/4-4cyli.dat
1 16 2 9.5 20 0 1 0 0 0 -6 -6 0 0 p/2-4ndis.dat
1 16 -2 9.5 20 0 -1 0 0 0 -6 -6 0 0 p/2-4ndis.dat
1 16 20 9.5 20 0 -1 0 0 0 -2 2 0 0 p/2-4ring4.dat
1 16 -20 9.5 20 0 1 0 0 0 -2 2 0 0 p/2-4ring4.dat
1 16 -10 9.5 20 0 -1 0 0 0 -1 -1 0 0 p/1-8ring9.dat
1 16 10 9.5 20 0 1 0 0 0 -1 -1 0 0 p/1-8ring9.dat
1 16 10 9.5 20 0 -1 0 0 0 -10 -10 0 0 p/3-16edge.dat
1 16 2 9.5 20 0 1 0 0 0 2 2 0 0 p/2-4ring3.dat
1 16 -2 9.5 20 0 -1 0 0 0 2 2 0 0 p/2-4ring3.dat
0 BFC INVERTNEXT
1 16 -2 9.5 20 0 -16 0 0 0 6 -6 0 0 p/4-4cyli.dat
1 16 2 9.5 20 0 -1 0 0 0 6 -6 0 0 p/4-4edge.dat
1 16 -2 9.5 20 0 -1 0 0 0 6 -6 0 0 p/4-4edge.dat
1 16 20 9.5 20 0 -1 0 0 0 -10 -10 0 0 p/2-4edge.dat
1 16 -10 9.5 20 0 -1 0 0 0 -10 -10 0 0 p/3-16edge.dat
1 16 0 13.1575 11 0 0 -10 -7.8425 0 0 0 1 0 p/rect2p.dat
3 16 20 9.5 30 20 24 30 2 9.5 30
3 16 -20 9.5 30 -2 9.5 30 -20 24 30
4 16 -2 9.5 30 2 9.5 30 20 24 30 -20 24 30
4 16 2 9.5 14 2 9.5 12 2 7.751 12.45 2 3.5 14
4 16 2 3.5 26 2 2.429 27.071 2 6 27.071 2 9.5 26
4 16 2 6 27.071 2 6.438 27.391 2 9.5 28 2 9.5 26
4 16 -2 7.751 12.45 -2 9.5 12 -2 9.5 14 -2 3.5 14
4 16 -2 6 27.071 -2 2.429 27.071 -2 3.5 26 -2 9.5 26
4 16 -2 9.5 28 -2 6.438 27.391 -2 6 27.071 -2 9.5 26
4 16 20 24 30 16 24 26 -16 24 26 -20 24 30
4 16 -20 24 30 -16 24 26 -16 24 14 -20 24 10
4 16 20 24 10 16 24 14 16 24 26 20 24 30
3 16 -2 -2.661 14.45 -2 -3 13.825 -2 1.341 14.557
3 16 -10 0 11 -10 2.429 12.929 -10 5.315 11
4 16 -10 0 11 -10 -3 13.825 -10 .261 16.173 -10 2.429 12.929
3 16 -10 .261 16.173 -10 -3 13.825 -10 -.229 18.638
3 16 -6 -2.661 14.45 -6 1.341 14.557 -6 .261 16.173
3 16 -6 -2.661 14.45 -6 .261 16.173 -6 -.229 18.638
4 16 -6 -0.229 18.638 -10 -0.229 18.638 -10 -3 13.825 -6 -2.661 14.45
4 16 -10 -3 13.825 -2 -3 13.825 -2 -2.661 14.45 -6 -2.661 14.45
4 16 0 0 6 -6 0 6 -10 0 11 10 0 11
1 16 0 2.6575 11 10 0 0 0 0 -2.6575 0 1 0 p/rect3.dat
3 16 2 -3 12.45 -2 -3 12.45 0 -3 6
4 16 -2 9.5 12 -2 7.751 12.45 2 7.751 12.45 2 9.5 12
4 16 -2 7.751 12.45 -2 -3 12.45 2 -3 12.45 2 7.751 12.45
4 16 2 -2.661 14.45 2 1.341 14.557 2 -3 12.45 2 -3 13.825
4 16 10 0 11 10 -3 12.45 10 -3 -7 10 0 -7
3 16 10 -3 13.825 10 -3 12.45 10 0 11
4 16 10 .261 16.173 10 -3 13.825 10 0 11 10 2.429 12.929
3 16 10 5.315 11 10 2.429 12.929 10 0 11
3 16 10 -3 13.825 10 .261 16.173 10 -.229 18.638
3 16 6 1.341 14.557 6 -2.661 14.45 6 .261 16.173
3 16 6 .261 16.173 6 -2.661 14.45 6 -.229 18.638
4 16 10 -3 13.825 10 -0.229 18.638 6 -0.229 18.638 6 -2.661 14.45
4 16 2 -2.661 14.45 2 -3 13.825 10 -3 13.825 6 -2.661 14.45
3 16 0 0 6 10 0 11 6 0 6
4 16 -13 24 10 -20 24 10 -16 24 14 -13 24 11
4 16 16 24 14 20 24 10 13 24 10 13 24 11
4 16 -16 24 14 16 24 14 -10 24 11 -13 24 11
3 16 10 24 11 -10 24 11 16 24 14
3 16 16 24 14 13 24 11 10 24 11
4 16 -2 6.438 27.391 -2 9.5 28 2 9.5 28 2 6.438 27.391
4 16 -2 6 27.071 -2 6.438 27.391 2 6.438 27.391 2 6 27.071
4 16 -2 6 27.071 2 6 27.071 2 2.429 27.071 -2 2.429 27.071
1 16 -4 -0.66 14.5035 0 0 2 -2.001 0 0 -0.0535 -1 0 p/rect.dat
1 16 4 -0.66 14.5035 0 0 -2 2.001 0 0 0.0535 -1 0 p/rect.dat
4 16 20 24 10 20 24 30 20 17.5 20 20 17.5 12
3 16 20 24 30 20 17.5 28 20 17.5 20
4 16 20 9.5 30 20 9.5 28 20 17.5 28 20 24 30
4 16 20 9.5 12 20 9.5 10 20 24 10 20 17.5 12
4 16 -20 17.5 28 -20 9.5 28 -20 9.5 30 -20 24 30
4 16 -20 9.5 10 -20 9.5 12 -20 17.5 12 -20 24 10
4 16 -20 24 30 -20 24 10 -20 17.5 20 -20 17.5 28
3 16 -20 17.5 12 -20 17.5 20 -20 24 10
1 16 0 -1.5 -10 -7 0 0 0 0 1.5 0 1 0 p/rect2p.dat
4 16 10 -3 -7 6 -3 -6 0 -3 -6 7 -3 -10
3 16 6 -3 -6 10 -3 -7 6 -3 0
1 16 0 22.5 11 0 0 10 1.5 0 0 0 1 0 p/rect1.dat
4 16 -20 9.5 10 -20 24 10 -13 24 10 -10 21 10
3 16 -20 9.5 10 -10 21 10 -10 9.5 10
4 16 20 9.5 10 10 21 10 13 24 10 20 24 10
3 16 10 21 10 20 9.5 10 10 9.5 10
4 16 -6 -3 6 -10 -3 12.45 -10 -3 -7 -6 -3 0
4 16 0 -3 -6 -6 -3 -6 -10 -3 -7 -7 -3 -10
3 16 -10 -3 -7 -6 -3 -6 -6 -3 0
3 16 0 -3 -6 -7 -3 -10 7 -3 -10
3 16 0 0 -6 7 0 -10 -7 0 -10
4 16 -6 0 0 -10 0 -7 -10 0 11 -6 0 6
3 16 -10 0 -7 -6 0 0 -6 0 -6
4 16 -10 0 -7 -6 0 -6 0 0 -6 -7 0 -10
4 16 6 0 0 6 0 6 10 0 11 10 0 -7
3 16 6 0 0 10 0 -7 6 0 -6
4 16 6 0 -6 10 0 -7 7 0 -10 0 0 -6
4 16 2 -3 13.825 2 -3 12.45 10 -3 12.45 10 -3 13.825
4 16 10 -3 12.45 2 -3 12.45 0 -3 6 6 -3 6
4 16 -2 -3 13.825 -10 -3 13.825 -10 -3 12.45 -2 -3 12.45
4 16 0 -3 6 -2 -3 12.45 -10 -3 12.45 -6 -3 6
4 16 -10 0 11 -10 0 -7 -10 -3 -7 -10 -3 12.45
3 16 -10 -3 13.825 -10 0 11 -10 -3 12.45
4 16 6 -3 6 6 -3 0 10 -3 -7 10 -3 12.45
1 16 -10 15.25 10.5 0 -1 0 0 0 5.75 -.5 0 0 p/rect1.dat
1 16 10 15.25 10.5 0 1 0 0 0 -5.75 -.5 0 0 p/rect1.dat
3 16 2 2.428932 12.928932 2 7.751 12.45 2 -3 12.45
3 16 2 2.428932 12.928932 2 3.5 14 2 7.751 12.45
4 16 2 2.428932 12.928932 2 2.429 27.071 2 3.5 26 2 3.5 20
3 16 2 2.428932 12.928932 2 3.5 20 2 3.5 14
3 16 -2 3.5 20 -2 3.5 26 -2 2.429 27.071
4 16 -2 2.429 27.071 -2 2.428932 12.928932 -2 3.5 14 -2 3.5 20
4 16 -2 -3 13.825 -2 -3 12.45 -2 2.428932 12.928932 -2 1.341 14.557
3 16 -2 2.428932 12.928932 -2 -3 12.45 -2 7.751 12.45
3 16 -2 3.5 14 -2 2.428932 12.928932 -2 7.751 12.45
3 16 2 -3 12.45 2 1.341 14.557 2 2.428932 12.928932
