0 BFC CERTIFY CCW
4 16 -6 48 -6 -10 48 -10 -10 48 10 -6 48 6
4 16 -6 48 6 -10 48 10 10 48 10 6 48 6
4 16 6 48 6 10 48 10 10 48 -10 6 48 -6
4 16 6 48 -6 10 48 -10 -10 48 -10 -6 48 -6
1 16 0 48 0 6 0 0 0 1 0 0 0 -6 p/recte4.dat
1 16 0 26 6 0 0 6 22 0 0 0 1 0 p/rect2p.dat
4 16 -6 48 6 -6 4 6 -6 24 -6 -6 48 -6
3 16 -6 4 6 -6 12 -6 -6 24 -6
3 16 -6 4 6 -6 4 -6 -6 12 -6
4 16 6 48 -6 6 24 -6 6 4 6 6 48 6
3 16 6 24 -6 6 12 -6 6 4 6
3 16 6 12 -6 6 4 -6 6 4 6
1 16 0 36 -6 -6 0 0 0 0 -12 0 -1 0 p/rect3.dat
0 BFC INVERTNEXT
1 16 0 18 -10 6 0 0 0 0 -6 0 4 0 p/box4o4a.dat
0 BFC INVERTNEXT
1 16 0 8 0 -6 0 0 0 -4 0 0 0 -6 p/box2-5.dat
1 16 0 24 -10 10 0 0 0 0 -24 0 20 0 p/box4t.dat
4 16 -6 24 -10 -10 48 -10 10 48 -10 6 24 -10
4 16 -6 12 -10 -10 0 -10 -10 48 -10 -6 24 -10
4 16 6 12 -10 10 0 -10 -10 0 -10 -6 12 -10
4 16 6 24 -10 10 48 -10 10 0 -10 6 12 -10
1 16 0 0 0 0 0 1 0 1 0 -1 0 0 p/stud.dat
