0 BFC CERTIFY CCW
1 16 80 0 20 1 0 0 0 1 0 0 0 1 p/connhole.dat
1 16 80 -10 20 9 0 0 0 20 0 0 0 9 p/4-4cyli.dat
1 16 80 -10 20 9 0 0 0 20 0 0 0 9 p/4-4edge.dat
1 16 80 10 20 9 0 0 0 20 0 0 0 9 p/4-4edge.dat
1 16 -80 0 20 -1 0 0 0 1 0 0 0 1 p/connhole.dat
1 16 -80 -10 20 -9 0 0 0 20 0 0 0 9 p/4-4cyli.dat
1 16 -80 -10 20 -9 0 0 0 20 0 0 0 9 p/4-4edge.dat
1 16 -80 10 20 -9 0 0 0 20 0 0 0 9 p/4-4edge.dat
1 16 100 0 20 0 -1 0 1 0 0 0 0 1 p/connhol3.dat
1 16 110 0 10 0 -14 0 1 0 0 0 0 1 p/npeghol2.dat
1 16 92 0 20 0 16 0 6 0 0 0 0 -6 p/2-4ndis.dat
4 16 92 -6 6 92 -6 14 92 6 14 92 6 6
1 16 110 0 20 0 -1 0 9 0 0 0 0 9 p/2-4edge.dat
1 16 92 0 20 0 -1 0 9 0 0 0 0 9 p/1-4edge.dat
1 16 110 0 20 0 -18 0 9 0 0 0 0 9 p/2-4cyli.dat
1 16 92 0 20 0 -3 0 0 0 -9 9 0 0 p/1-4cyli.dat
1 16 80 0 20 0 -1 9 0 0 -9 9 0 0 p/1-4edge.dat
1 16 89 0 20 0 -9 0 -9 0 0 0 0 9 p/1-4cyls.dat
1 16 92 0 20 0 1 0 3 0 0 0 0 3 p/1-4ring2.dat
1 16 -110 0 10 0 14 0 1 0 0 0 0 -1 p/npeghol2.dat
4 16 -92 -6 14 -92 -6 6 -92 6 6 -92 6 14
1 16 -100 0 20 0 1 0 1 0 0 0 0 -1 p/connhol3.dat
1 16 -92 0 20 0 -16 0 -6 0 0 0 0 -6 p/2-4ndis.dat
1 16 -110 0 20 0 1 0 9 0 0 0 0 9 p/2-4edge.dat
1 16 -92 0 20 0 1 0 9 0 0 0 0 9 p/1-4edge.dat
1 16 -110 0 20 0 18 0 9 0 0 0 0 9 p/2-4cyli.dat
1 16 -92 0 20 0 3 0 0 0 -9 9 0 0 p/1-4cyli.dat
1 16 -80 0 20 0 1 -9 0 0 -9 9 0 0 p/1-4edge.dat
1 16 -89 0 20 0 9 0 -9 0 0 0 0 9 p/1-4cyls.dat
1 16 -92 0 20 0 -1 0 3 0 0 0 0 3 p/1-4ring2.dat
1 16 -60 0 20 0 0 1 1 0 0 0 -1 0 p/connhol3.dat
1 16 -50 0 30 0 0 -1 1 0 0 0 -14 0 p/npeghol2.dat
1 16 -60 0 12 0 0 6 6 0 0 0 16 0 p/2-4ndis.dat
4 16 -46 -6 12 -54 -6 12 -54 6 12 -46 6 12
1 16 -40 0 20 0 0 1 1 0 0 0 -1 0 p/connhol3.dat
1 16 -30 0 30 0 0 -1 1 0 0 0 -14 0 p/npeghol2.dat
1 16 -40 0 12 0 0 -6 -6 0 0 0 16 0 p/4-4ndis.dat
4 16 -26 -6 12 -34 -6 12 -34 6 12 -26 6 12
1 16 -20 0 20 0 0 1 1 0 0 0 -1 0 p/connhol3.dat
1 16 -10 0 30 0 0 -1 1 0 0 0 -14 0 p/npeghol2.dat
1 16 -20 0 12 0 0 -6 -6 0 0 0 16 0 p/4-4ndis.dat
4 16 -6 -6 12 -14 -6 12 -14 6 12 -6 6 12
1 16 0 0 20 0 0 1 1 0 0 0 -1 0 p/connhol3.dat
1 16 10 0 30 0 0 -1 1 0 0 0 -14 0 p/npeghol2.dat
1 16 0 0 12 0 0 -6 -6 0 0 0 16 0 p/4-4ndis.dat
4 16 14 -6 12 6 -6 12 6 6 12 14 6 12
1 16 20 0 20 0 0 1 1 0 0 0 -1 0 p/connhol3.dat
1 16 30 0 30 0 0 -1 1 0 0 0 -14 0 p/npeghol2.dat
1 16 20 0 12 0 0 -6 -6 0 0 0 16 0 p/4-4ndis.dat
4 16 34 -6 12 26 -6 12 26 6 12 34 6 12
1 16 40 0 20 0 0 1 1 0 0 0 -1 0 p/connhol3.dat
1 16 50 0 30 0 0 -1 1 0 0 0 -14 0 p/npeghol2.dat
1 16 40 0 12 0 0 -6 -6 0 0 0 16 0 p/4-4ndis.dat
4 16 54 -6 12 46 -6 12 46 6 12 54 6 12
1 16 60 0 20 0 0 1 1 0 0 0 -1 0 p/connhol3.dat
1 16 60 0 12 0 0 -6 -6 0 0 0 16 0 p/2-4ndis.dat
1 16 60 0 30 0 0 9 9 0 0 0 -1 0 p/2-4edge.dat
1 16 60 0 12 0 0 9 9 0 0 0 -1 0 p/1-4edge.dat
1 16 60 0 12 0 0 3 3 0 0 0 1 0 p/1-4ring2.dat
4 16 69 -7 12 -69 -7 12 -66 -6 12 66 -6 12
4 16 60 6 12 -60 6 12 -60 9 12 60 9 12
1 16 0 -9 25 0 0 -60 0 1 0 5 0 0 p/rect1.dat
1 16 0 9 21 -60 0 0 0 -1 0 0 0 9 p/rect2p.dat
1 16 -60 0 30 0 0 -9 9 0 0 0 -1 0 p/2-4edge.dat
1 16 -60 0 12 0 0 -9 9 0 0 0 -1 0 p/1-4edge.dat
1 16 -60 0 20 0 0 -9 -9 0 0 0 -1 9 p/1-4edge.dat
1 16 -60 0 29 -9 0 0 0 0 -9 0 -9 0 p/1-4cyls.dat
1 16 -60 0 30 -9 0 0 0 0 -9 0 -1 0 p/1-4cyli.dat
1 16 -60 0 30 0 0 -9 9 0 0 0 -18 0 p/1-4cyli.dat
1 16 -69 0 20 0 9 0 0 0 -9 9 0 0 p/1-4cyls.dat
1 16 -71 0 20 0 2 0 0 0 -9 9 0 0 p/1-4cyli.dat
1 16 -80 0 20 0 -1 9 0 0 -9 9 0 0 p/1-4edge.dat
1 16 -71 0 20 0 -9 0 -9 0 0 0 0 9 p/1-4cyls.dat
1 16 -60 0 12 0 0 -3 3 0 0 0 1 0 p/1-4ring2.dat
4 16 -66 0 12 -66 -6 12 -69 -7 12 -69 0 12
1 16 -60 0 12 -6 0 0 0 0 -6 0 1 0 p/1-4ndis.dat
1 16 -69 0 20 0 1 0 0 0 -7 7 0 0 p/1-4disc.dat
1 16 -69 0 20 0 1 0 0 0 -7 7 0 0 p/1-4edge.dat
0 BFC INVERTNEXT
1 16 -69 0 20 0 -2 0 0 0 -7 7 0 0 p/1-4cyli.dat
0 BFC INVERTNEXT
1 16 -89 0 20 0 -3 0 0 0 -7 7 0 0 p/1-4cyli.dat
1 16 -92 0 20 0 -3 0 0 0 -7 7 0 0 p/1-4edge.dat
1 16 -92 0 20 0 -3 0 0 0 -1 1 0 0 p/1-4ring6.dat
0 BFC INVERTNEXT
1 16 -71 0 20 0 -7 0 -7 0 0 0 0 7 p/1-4cyls.dat
0 BFC INVERTNEXT
1 16 -89 0 20 0 7 0 -7 0 0 0 0 7 p/1-4cyls.dat
1 16 -80 -7 20 -9 0 0 0 -1 0 0 0 -9 p/2-4ndis.dat
1 16 -80 -7 20 -9 0 0 0 -1 0 0 0 -9 p/2-4edge.dat
1 16 -69 -3.5 16 0 1 0 -3.5 0 0 0 0 -4 p/rect2a.dat
4 16 -71 -7 11 -71 -7 20 -69 -7 20 -69 -7 12
3 16 -89 -7 11 -92 -7 20 -89 -7 20
1 16 -80.5 0 28 0 0 -11.5 0 -1 0 1 0 0 p/rect.dat
1 16 60 0 20 0 0 9 -9 0 0 0 -1 9 p/1-4edge.dat
1 16 60 0 29 9 0 0 0 0 -9 0 -9 0 p/1-4cyls.dat
1 16 60 0 30 9 0 0 0 0 -9 0 -1 0 p/1-4cyli.dat
1 16 60 0 30 0 0 9 9 0 0 0 -18 0 p/1-4cyli.dat
1 16 69 0 20 0 -9 0 0 0 -9 9 0 0 p/1-4cyls.dat
1 16 71 0 20 0 -2 0 0 0 -9 9 0 0 p/1-4cyli.dat
1 16 80 0 20 0 1 -9 0 0 -9 9 0 0 p/1-4edge.dat
1 16 71 0 20 0 9 0 -9 0 0 0 0 9 p/1-4cyls.dat
4 16 69 0 12 69 -7 12 66 -6 12 66 0 12
1 16 60 0 12 6 0 0 0 0 -6 0 1 0 p/1-4ndis.dat
1 16 69 0 20 0 -1 0 0 0 -7 7 0 0 p/1-4disc.dat
1 16 69 0 20 0 -1 0 0 0 -7 7 0 0 p/1-4edge.dat
0 BFC INVERTNEXT
1 16 69 0 20 0 2 0 0 0 -7 7 0 0 p/1-4cyli.dat
0 BFC INVERTNEXT
1 16 89 0 20 0 3 0 0 0 -7 7 0 0 p/1-4cyli.dat
1 16 92 0 20 0 3 0 0 0 -7 7 0 0 p/1-4edge.dat
1 16 92 0 20 0 3 0 0 0 -1 1 0 0 p/1-4ring6.dat
0 BFC INVERTNEXT
1 16 71 0 20 0 7 0 -7 0 0 0 0 7 p/1-4cyls.dat
0 BFC INVERTNEXT
1 16 89 0 20 0 -7 0 -7 0 0 0 0 7 p/1-4cyls.dat
1 16 80 -7 20 9 0 0 0 -1 0 0 0 -9 p/2-4ndis.dat
1 16 80 -7 20 9 0 0 0 -1 0 0 0 -9 p/2-4edge.dat
1 16 69 -3.5 16 0 -1 0 -3.5 0 0 0 0 -4 p/rect2a.dat
4 16 69 -7 12 69 -7 20 71 -7 20 71 -7 11
3 16 89 -7 20 92 -7 20 89 -7 11
1 16 80.5 0 28 0 0 11.5 0 -1 0 1 0 0 p/rect.dat
1 16 -68.3 7 20 3 0 0 0 -1 0 0 0 -1 p/rect2p.dat
4 16 -65.5 7 19 -68.5 -7 19 -71.5 -7 19 -71.5 7 19
4 16 -71.5 7 21 -71.5 -7 21 -68.5 -7 21 -65.5 7 21
1 16 68.3 7 20 -3 0 0 0 -1 0 0 0 -1 p/rect2p.dat
4 16 71.5 7 19 71.5 -7 19 68.5 -7 19 65.5 7 19
4 16 65.5 7 21 68.5 -7 21 71.5 -7 21 71.5 7 21
1 16 80 -9 20 9 0 0 0 1 0 0 0 -9 p/2-4ndis.dat
1 16 80 -9 20 9 0 0 0 1 0 0 0 -9 p/2-4edge.dat
1 16 -80 -9 20 9 0 0 0 1 0 0 0 -9 p/2-4ndis.dat
1 16 -80 -9 20 9 0 0 0 1 0 0 0 -9 p/2-4edge.dat
4 16 71 -9 11 71 -9 20 -71 -9 20 -71 -9 11
4 16 89 -9 4 89 -9 11 -89 -9 11 -89 -9 4
1 16 80 0 -20 1 0 0 0 1 0 0 0 -1 p/connhole.dat
1 16 80 -10 -20 9 0 0 0 20 0 0 0 -9 p/4-4cyli.dat
1 16 80 -10 -20 9 0 0 0 20 0 0 0 -9 p/4-4edge.dat
1 16 80 10 -20 9 0 0 0 20 0 0 0 -9 p/4-4edge.dat
1 16 -80 0 -20 -1 0 0 0 1 0 0 0 -1 p/connhole.dat
1 16 -80 -10 -20 -9 0 0 0 20 0 0 0 -9 p/4-4cyli.dat
1 16 -80 -10 -20 -9 0 0 0 20 0 0 0 -9 p/4-4edge.dat
1 16 -80 10 -20 -9 0 0 0 20 0 0 0 -9 p/4-4edge.dat
1 16 100 0 -20 0 -1 0 1 0 0 0 0 -1 p/connhol3.dat
1 16 110 0 -10 0 -14 0 1 0 0 0 0 -1 p/npeghol2.dat
1 16 92 0 -20 0 16 0 6 0 0 0 0 6 p/2-4ndis.dat
4 16 92 6 -6 92 6 -14 92 -6 -14 92 -6 -6
1 16 110 0 -20 0 -1 0 9 0 0 0 0 -9 p/2-4edge.dat
1 16 92 0 -20 0 -1 0 9 0 0 0 0 -9 p/1-4edge.dat
1 16 110 0 -20 0 -18 0 9 0 0 0 0 -9 p/2-4cyli.dat
1 16 92 0 -20 0 -3 0 0 0 -9 -9 0 0 p/1-4cyli.dat
1 16 80 0 -20 0 -1 9 0 0 -9 -9 0 0 p/1-4edge.dat
1 16 89 0 -20 0 -9 0 -9 0 0 0 0 -9 p/1-4cyls.dat
1 16 92 0 -20 0 1 0 3 0 0 0 0 -3 p/1-4ring2.dat
1 16 -110 0 -10 0 14 0 1 0 0 0 0 1 p/npeghol2.dat
4 16 -92 6 -14 -92 6 -6 -92 -6 -6 -92 -6 -14
1 16 -100 0 -20 0 1 0 1 0 0 0 0 1 p/connhol3.dat
1 16 -92 0 -20 0 -16 0 -6 0 0 0 0 6 p/2-4ndis.dat
1 16 -110 0 -20 0 1 0 9 0 0 0 0 -9 p/2-4edge.dat
1 16 -92 0 -20 0 1 0 9 0 0 0 0 -9 p/1-4edge.dat
1 16 -110 0 -20 0 18 0 9 0 0 0 0 -9 p/2-4cyli.dat
1 16 -92 0 -20 0 3 0 0 0 -9 -9 0 0 p/1-4cyli.dat
1 16 -80 0 -20 0 1 -9 0 0 -9 -9 0 0 p/1-4edge.dat
1 16 -89 0 -20 0 9 0 -9 0 0 0 0 -9 p/1-4cyls.dat
1 16 -92 0 -20 0 -1 0 3 0 0 0 0 -3 p/1-4ring2.dat
1 16 -60 0 -20 0 0 1 1 0 0 0 1 0 p/connhol3.dat
1 16 -50 0 -30 0 0 -1 1 0 0 0 14 0 p/npeghol2.dat
1 16 -60 0 -12 0 0 6 6 0 0 0 -16 0 p/2-4ndis.dat
4 16 -46 6 -12 -54 6 -12 -54 -6 -12 -46 -6 -12
1 16 -40 0 -20 0 0 1 1 0 0 0 1 0 p/connhol3.dat
1 16 -30 0 -30 0 0 -1 1 0 0 0 14 0 p/npeghol2.dat
1 16 -40 0 -12 0 0 -6 -6 0 0 0 -16 0 p/4-4ndis.dat
4 16 -26 6 -12 -34 6 -12 -34 -6 -12 -26 -6 -12
1 16 -20 0 -20 0 0 1 1 0 0 0 1 0 p/connhol3.dat
1 16 -10 0 -30 0 0 -1 1 0 0 0 14 0 p/npeghol2.dat
1 16 -20 0 -12 0 0 -6 -6 0 0 0 -16 0 p/4-4ndis.dat
4 16 -6 6 -12 -14 6 -12 -14 -6 -12 -6 -6 -12
1 16 0 0 -20 0 0 1 1 0 0 0 1 0 p/connhol3.dat
1 16 10 0 -30 0 0 -1 1 0 0 0 14 0 p/npeghol2.dat
1 16 0 0 -12 0 0 -6 -6 0 0 0 -16 0 p/4-4ndis.dat
4 16 14 6 -12 6 6 -12 6 -6 -12 14 -6 -12
1 16 20 0 -20 0 0 1 1 0 0 0 1 0 p/connhol3.dat
1 16 30 0 -30 0 0 -1 1 0 0 0 14 0 p/npeghol2.dat
1 16 20 0 -12 0 0 -6 -6 0 0 0 -16 0 p/4-4ndis.dat
4 16 34 6 -12 26 6 -12 26 -6 -12 34 -6 -12
1 16 40 0 -20 0 0 1 1 0 0 0 1 0 p/connhol3.dat
1 16 50 0 -30 0 0 -1 1 0 0 0 14 0 p/npeghol2.dat
1 16 40 0 -12 0 0 -6 -6 0 0 0 -16 0 p/4-4ndis.dat
4 16 54 6 -12 46 6 -12 46 -6 -12 54 -6 -12
1 16 60 0 -20 0 0 1 1 0 0 0 1 0 p/connhol3.dat
1 16 60 0 -12 0 0 -6 -6 0 0 0 -16 0 p/2-4ndis.dat
1 16 60 0 -30 0 0 9 9 0 0 0 1 0 p/2-4edge.dat
1 16 60 0 -12 0 0 9 9 0 0 0 1 0 p/1-4edge.dat
1 16 60 0 -12 0 0 3 3 0 0 0 -1 0 p/1-4ring2.dat
4 16 66 -6 -12 -66 -6 -12 -69 -7 -12 69 -7 -12
4 16 60 9 -12 -60 9 -12 -60 6 -12 60 6 -12
1 16 0 -9 -25 0 0 -60 0 1 0 -5 0 0 p/rect1.dat
1 16 0 9 -21 -60 0 0 0 -1 0 0 0 -9 p/rect2p.dat
1 16 -60 0 -30 0 0 -9 9 0 0 0 1 0 p/2-4edge.dat
1 16 -60 0 -12 0 0 -9 9 0 0 0 1 0 p/1-4edge.dat
1 16 -60 0 -20 0 0 -9 -9 0 0 0 1 -9 p/1-4edge.dat
1 16 -60 0 -29 -9 0 0 0 0 -9 0 9 0 p/1-4cyls.dat
1 16 -60 0 -30 -9 0 0 0 0 -9 0 1 0 p/1-4cyli.dat
1 16 -60 0 -30 0 0 -9 9 0 0 0 18 0 p/1-4cyli.dat
1 16 -69 0 -20 0 9 0 0 0 -9 -9 0 0 p/1-4cyls.dat
1 16 -71 0 -20 0 2 0 0 0 -9 -9 0 0 p/1-4cyli.dat
1 16 -80 0 -20 0 -1 9 0 0 -9 -9 0 0 p/1-4edge.dat
1 16 -71 0 -20 0 -9 0 -9 0 0 0 0 -9 p/1-4cyls.dat
1 16 -60 0 -12 0 0 -3 3 0 0 0 -1 0 p/1-4ring2.dat
4 16 -69 0 -12 -69 -7 -12 -66 -6 -12 -66 0 -12
1 16 -60 0 -12 -6 0 0 0 0 -6 0 -1 0 p/1-4ndis.dat
1 16 -69 0 -20 0 1 0 0 0 -7 -7 0 0 p/1-4disc.dat
1 16 -69 0 -20 0 1 0 0 0 -7 -7 0 0 p/1-4edge.dat
0 BFC INVERTNEXT
1 16 -69 0 -20 0 -2 0 0 0 -7 -7 0 0 p/1-4cyli.dat
0 BFC INVERTNEXT
1 16 -89 0 -20 0 -3 0 0 0 -7 -7 0 0 p/1-4cyli.dat
1 16 -92 0 -20 0 -3 0 0 0 -7 -7 0 0 p/1-4edge.dat
1 16 -92 0 -20 0 -3 0 0 0 -1 -1 0 0 p/1-4ring6.dat
0 BFC INVERTNEXT
1 16 -71 0 -20 0 -7 0 -7 0 0 0 0 -7 p/1-4cyls.dat
0 BFC INVERTNEXT
1 16 -89 0 -20 0 7 0 -7 0 0 0 0 -7 p/1-4cyls.dat
1 16 -80 -7 -20 -9 0 0 0 -1 0 0 0 9 p/2-4ndis.dat
1 16 -80 -7 -20 -9 0 0 0 -1 0 0 0 9 p/2-4edge.dat
1 16 -69 -3.5 -16 0 1 0 -3.5 0 0 0 0 4 p/rect2a.dat
4 16 -69 -7 -12 -69 -7 -20 -71 -7 -20 -71 -7 -11
3 16 -89 -7 -20 -92 -7 -20 -89 -7 -11
1 16 -80.5 0 -28 0 0 -11.5 0 -1 0 -1 0 0 p/rect.dat
1 16 60 0 -20 0 0 9 -9 0 0 0 1 -9 p/1-4edge.dat
1 16 60 0 -29 9 0 0 0 0 -9 0 9 0 p/1-4cyls.dat
1 16 60 0 -30 9 0 0 0 0 -9 0 1 0 p/1-4cyli.dat
1 16 60 0 -30 0 0 9 9 0 0 0 18 0 p/1-4cyli.dat
1 16 69 0 -20 0 -9 0 0 0 -9 -9 0 0 p/1-4cyls.dat
1 16 71 0 -20 0 -2 0 0 0 -9 -9 0 0 p/1-4cyli.dat
1 16 80 0 -20 0 1 -9 0 0 -9 -9 0 0 p/1-4edge.dat
1 16 71 0 -20 0 9 0 -9 0 0 0 0 -9 p/1-4cyls.dat
4 16 66 0 -12 66 -6 -12 69 -7 -12 69 0 -12
1 16 60 0 -12 6 0 0 0 0 -6 0 -1 0 p/1-4ndis.dat
1 16 69 0 -20 0 -1 0 0 0 -7 -7 0 0 p/1-4disc.dat
1 16 69 0 -20 0 -1 0 0 0 -7 -7 0 0 p/1-4edge.dat
0 BFC INVERTNEXT
1 16 69 0 -20 0 2 0 0 0 -7 -7 0 0 p/1-4cyli.dat
0 BFC INVERTNEXT
1 16 89 0 -20 0 3 0 0 0 -7 -7 0 0 p/1-4cyli.dat
1 16 92 0 -20 0 3 0 0 0 -7 -7 0 0 p/1-4edge.dat
1 16 92 0 -20 0 3 0 0 0 -1 -1 0 0 p/1-4ring6.dat
0 BFC INVERTNEXT
1 16 71 0 -20 0 7 0 -7 0 0 0 0 -7 p/1-4cyls.dat
0 BFC INVERTNEXT
1 16 89 0 -20 0 -7 0 -7 0 0 0 0 -7 p/1-4cyls.dat
1 16 80 -7 -20 9 0 0 0 -1 0 0 0 9 p/2-4ndis.dat
1 16 80 -7 -20 9 0 0 0 -1 0 0 0 9 p/2-4edge.dat
1 16 69 -3.5 -16 0 -1 0 -3.5 0 0 0 0 4 p/rect2a.dat
4 16 71 -7 -11 71 -7 -20 69 -7 -20 69 -7 -12
3 16 89 -7 -11 92 -7 -20 89 -7 -20
1 16 80.5 0 -28 0 0 11.5 0 -1 0 -1 0 0 p/rect.dat
1 16 -68.3 7 -20 3 0 0 0 -1 0 0 0 1 p/rect2p.dat
4 16 -71.5 7 -19 -71.5 -7 -19 -68.5 -7 -19 -65.5 7 -19
4 16 -65.5 7 -21 -68.5 -7 -21 -71.5 -7 -21 -71.5 7 -21
1 16 68.3 7 -20 -3 0 0 0 -1 0 0 0 1 p/rect2p.dat
4 16 65.5 7 -19 68.5 -7 -19 71.5 -7 -19 71.5 7 -19
4 16 71.5 7 -21 71.5 -7 -21 68.5 -7 -21 65.5 7 -21
1 16 80 -9 -20 9 0 0 0 1 0 0 0 9 p/2-4ndis.dat
1 16 80 -9 -20 9 0 0 0 1 0 0 0 9 p/2-4edge.dat
1 16 -80 -9 -20 9 0 0 0 1 0 0 0 9 p/2-4ndis.dat
1 16 -80 -9 -20 9 0 0 0 1 0 0 0 9 p/2-4edge.dat
4 16 -71 -9 -11 -71 -9 -20 71 -9 -20 71 -9 -11
4 16 -89 -9 -4 -89 -9 -11 89 -9 -11 89 -9 -4
1 16 100 0 0 0 -1 0 1 0 0 0 0 1 p/connhol3.dat
1 16 92 0 0 0 16 0 -6 0 0 0 0 6 p/4-4ndis.dat
1 16 92 -6.5 0 0 1 0 -0.5 0 0 0 0 20 p/rect1.dat
1 16 92 7.5 0 0 1 0 1.5 0 0 0 0 -20 p/rect1.dat
1 16 -100 0 0 0 1 0 1 0 0 0 0 -1 p/connhol3.dat
1 16 -92 0 0 0 -16 0 -6 0 0 0 0 -6 p/4-4ndis.dat
1 16 -92 -6.5 0 0 -1 0 -0.5 0 0 0 0 -20 p/rect1.dat
1 16 -92 7.5 0 0 -1 0 1.5 0 0 0 0 20 p/rect1.dat
4 16 -92 -7 -20 -92 -7 20 -89 -7 11 -89 -7 -11
4 16 -89 -7 -11 -89 -7 11 -71 -7 11 -71 -7 -11
4 16 -71 -7 -11 -71 -7 11 -69 -7 12 -69 -7 -12
4 16 92 -7 20 92 -7 -20 89 -7 -11 89 -7 11
4 16 89 -7 11 89 -7 -11 71 -7 -11 71 -7 11
4 16 71 -7 11 71 -7 -11 69 -7 -12 69 -7 12
1 16 0 -7 0 69 0 0 0 -1 0 0 0 -12 p/rect2p.dat
0 BFC INVERTNEXT
1 16 0 -9 0 89 0 0 0 0.5 0 0 0 4 p/box5.dat
1 16 -99.5 -9 0 -10.5 0 0 0 1 0 0 0 -20 p/rect1.dat
1 16 99.5 -9 0 10.5 0 0 0 1 0 0 0 20 p/rect1.dat
1 16 101 9 0 9 0 0 0 -1 0 0 0 -20 p/rect1.dat
1 16 -101 9 0 -9 0 0 0 -1 0 0 0 20 p/rect1.dat
1 16 -92 -7 -9 18 0 0 0 0 12 0 -2 0 p/tri3u1.dat
1 16 -92 -7 11 18 0 0 0 0 12 0 -2 0 p/tri3u1.dat
1 16 92 -7 -9 -18 0 0 0 0 12 0 -2 0 p/tri3u1.dat
1 16 92 -7 11 -18 0 0 0 0 12 0 -2 0 p/tri3u1.dat
