0 BFC CERTIFY CCW
1 16 0 -13.3 0 -3.5 0 0 0 5 0 0 0 3.5 4-4cyli.dat
1 16 0 -9 0 -3.5 0 0 0 1 0.69619 0 0 3.5 2-4edge.dat
1 16 0 -9 0 -3.5 0 0 0 1 0.69619 0 0 -3.5 2-4edge.dat
1 16 0 -20 0 0 0 -8 0 -8 0 -8 0 0 8-8sphe.dat
1 16 0 0 -13.3 -3.5 0 0 0 0 -3.5 0 5 0 4-4cyli.dat
1 16 0 0 -9 -3.5 0 0 0 0 -3.5 0 1 0.69619 2-4edge.dat
1 16 0 0 -9 -3.5 0 0 0 0 3.5 0 1 0.69619 2-4edge.dat
1 16 0 0 -20 0 0 -8 8 0 0 0 -8 0 8-8sphe.dat
1 16 0 13.3 0 -3.5 0 0 0 -5 0 0 0 -3.5 4-4cyli.dat
1 16 0 9 0 -3.5 0 0 0 -1 -0.69619 0 0 -3.5 2-4edge.dat
1 16 0 9 0 -3.5 0 0 0 -1 -0.69619 0 0 3.5 2-4edge.dat
1 16 0 20 0 0 0 -8 0 8 0 8 0 0 8-8sphe.dat
1 16 0 0 0 0 -1 0 0 0 1 -1 0 0 connhole.dat
1 16 -10 0 0 0 20 0 0 0 9 -9 0 0 4-4cylo.dat
