0 BFC CERTIFY CCW
1 16 0 4 10 0 0 1 0 -1 0 -1 0 0 p/stug3-1x4.dat
1 16 0 0 7.68 10 0 0 0 1 0 0 0 1.32 p/recte3.dat
1 16 0 0 -7.68 -10 0 0 0 1 0 0 0 -1.32 p/recte3.dat
0 BFC INVERTNEXT
1 16 -10 -2 0 0 8 0 -2 0 0 0 0 6.36 p/box3u5p.dat
0 BFC INVERTNEXT
1 16 10 -2 0 0 -8 0 -2 0 0 0 0 -6.36 p/box3u5p.dat
1 16 10 -4 0 0 -8 0 0 0 -1 1 0 0 p/npeghol7.dat
1 16 -10 -4 0 0 8 0 0 0 -1 1 0 0 p/npeghol7.dat
1 16 -10 -14 0 0 1 0 0 0 9 9 0 0 p/1-8ndis.dat
1 16 -10 -14 0 0 1 0 0 0 9 -9 0 0 p/1-8ndis.dat
4 16 -10 0 9 -10 0 6.36 -10 -7.64 6.36 -10 -5 9
4 16 -10 -5 -9 -10 -7.64 -6.36 -10 0 -6.36 -10 0 -9
1 16 10 -14 0 0 -1 0 0 0 9 -9 0 0 p/1-8ndis.dat
1 16 10 -14 0 0 -1 0 0 0 9 9 0 0 p/1-8ndis.dat
4 16 10 0 -9 10 0 -6.36 10 -7.64 -6.36 10 -5 -9
4 16 10 -5 9 10 -7.64 6.36 10 0 6.36 10 0 9
1 16 0 -7 -9 0 0 10 7 0 0 0 1 0 p/rect2p.dat
1 16 0 -7 9 0 0 -10 7 0 0 0 -1 0 p/rect2p.dat
1 16 0 -14 0 0 -1 0 0 0 -1 1 0 0 p/connhole.dat
1 16 10 -14 0 0 -20 0 0 0 -9 9 0 0 p/2-4cylo.dat
0 BFC INVERTNEXT
1 16 0 6 20 6 0 0 0 0 -2 0 36 0 p/box4-2p.dat
4 16 -10 8 60 -6 8 56 -6 8 20 -10 8 20
4 16 10 8 20 6 8 20 6 8 56 10 8 60
4 16 10 8 60 6 8 56 -6 8 56 -10 8 60
1 16 0 8 40 10 0 0 0 1 0 0 0 20 p/recte3.dat
4 16 -10 0 60 -10 8 60 -10 8 20 -10 2.5 20
4 16 10 2.5 20 10 8 20 10 8 60 10 0 60
3 16 -10 0 15 -10 0 60 -10 2.5 20
3 16 10 2.5 20 10 0 60 10 0 15
1 16 0 4 37.5 10 0 0 0 -4 0 0 0 22.5 p/box2-7.dat
1 16 0 0 40 0 0 -1 0 1 0 1 0 0 p/stug2-1x2.dat
1 16 8 6 10 0 -2 0 -2 0 0 0 0 -1.5 p/box2-5.dat
0 BFC INVERTNEXT
1 16 6 6 15.75 0 1.7 1.7 -2 0 0 0 -4.25 0 p/box2-7.dat
4 16 6 8 11.5 9.4 8 11.5 10 8 8.5 6 8 8.5
1 16 -8 6 10 0 2 0 2 0 0 0 0 -1.5 p/box2-5.dat
0 BFC INVERTNEXT
1 16 -6 6 15.75 0 -1.7 -1.7 2 0 0 0 -4.25 0 p/box2-7.dat
4 16 -6 8 8.5 -10 8 8.5 -9.4 8 11.5 -6 8 11.5
1 16 10 6 0 0 -4 0 0 0 2 -1.5 0 0 p/box4-2p.dat
1 16 10 6 -10 0 -4 0 0 0 2 -1.5 0 0 p/box4-2p.dat
1 16 10 6 -20 0 -4 0 0 0 2 -1.5 0 0 p/box4-2p.dat
1 16 10 6 -30 0 -4 0 0 0 2 -1.5 0 0 p/box4-2p.dat
1 16 -10 6 -30 0 4 0 0 0 2 1.5 0 0 p/box4-2p.dat
1 16 -10 6 -20 0 4 0 0 0 2 1.5 0 0 p/box4-2p.dat
1 16 -10 6 -10 0 4 0 0 0 2 1.5 0 0 p/box4-2p.dat
1 16 -10 6 0 0 4 0 0 0 2 1.5 0 0 p/box4-2p.dat
1 16 0 4 -38 -10 0 0 0 4 0 0 0 -2 p/box3u4p.dat
1 16 10 6 5 0 1 0 0 0 -2 -3.5 0 0 p/rect2p.dat
1 16 10 6 -5 0 1 0 0 0 -2 -3.5 0 0 p/rect2p.dat
1 16 10 6 -15 0 1 0 0 0 -2 -3.5 0 0 p/rect2p.dat
1 16 10 6 -25 0 1 0 0 0 -2 -3.5 0 0 p/rect2p.dat
1 16 10 6 -33.75 0 1 0 0 0 -2 -2.25 0 0 p/rect2p.dat
1 16 -10 6 -33.75 0 -1 0 0 0 -2 2.25 0 0 p/rect2p.dat
1 16 -10 6 -25 0 -1 0 0 0 -2 3.5 0 0 p/rect2p.dat
1 16 -10 6 -15 0 -1 0 0 0 -2 3.5 0 0 p/rect2p.dat
1 16 -10 6 -5 0 -1 0 0 0 -2 3.5 0 0 p/rect2p.dat
1 16 -10 6 5 0 -1 0 0 0 -2 3.5 0 0 p/rect2p.dat
4 16 -10 4 10 -6 4 20 6 4 20 10 4 10
4 16 -10 4 10 10 4 10 10 4 -36 -10 4 -36
0 BFC INVERTNEXT
1 16 0 6.167 -45.25 0 0 -10 -1.8335 -4 0 -5.25 0 0 p/box3u8p.dat
1 16 7.25 1.365 -53.25 -2.75 1 0 -0.965 0 -2 -2.75 0 0 p/rect.dat
1 16 -7.25 1.365 -53.25 2.75 -1 0 -0.965 0 2 -2.75 0 0 p/rect.dat
1 16 0 0.4 -56 -4.5 0 0 0 0 -2 0 -1 0 p/rect2p.dat
4 16 10 0.3335 -50.5 4.5 -1.6 -56 -4.5 -1.6 -56 -10 0.3335 -50.5
4 16 10 8 20 14 8 10 9.4 8 11.5 6 8 20
3 16 14 8 10 10 8 8.5 9.4 8 11.5
3 16 10 8 1.5 10 8 8.5 14 8 10
3 16 10 8 -1.5 10 8 1.5 14 8 10
3 16 10 8 -8.5 10 8 -1.5 14 8 10
3 16 10 8 -11.5 10 8 -8.5 14 8 10
4 16 10 8 -18.5 10 8 -11.5 14 8 10 14 8 -40
3 16 10 8 -21.5 10 8 -18.5 14 8 -40
3 16 10 8 -28.5 10 8 -21.5 14 8 -40
3 16 10 8 -31.5 10 8 -28.5 14 8 -40
3 16 10 8 -36 10 8 -31.5 14 8 -40
3 16 10 8 -40 10 8 -36 14 8 -40
4 16 14 8 -40 14 3.8 -52 10 4.3335 -50.5 10 8 -40
4 16 14 3.8 -52 6 1 -60 4.5 2.4 -56 10 4.3335 -50.5
4 16 -6 8 20 -9.4 8 11.5 -14 8 10 -10 8 20
3 16 -9.4 8 11.5 -10 8 8.5 -14 8 10
3 16 -14 8 10 -10 8 8.5 -10 8 1.5
3 16 -14 8 10 -10 8 1.5 -10 8 -1.5
3 16 -14 8 10 -10 8 -1.5 -10 8 -8.5
3 16 -14 8 10 -10 8 -8.5 -10 8 -11.5
4 16 -14 8 -40 -14 8 10 -10 8 -11.5 -10 8 -18.5
3 16 -14 8 -40 -10 8 -18.5 -10 8 -21.5
3 16 -14 8 -40 -10 8 -21.5 -10 8 -28.5
3 16 -14 8 -40 -10 8 -28.5 -10 8 -31.5
3 16 -14 8 -40 -10 8 -31.5 -10 8 -36
3 16 -14 8 -40 -10 8 -36 -10 8 -40
4 16 -10 8 -40 -10 4.3335 -50.5 -14 3.8 -52 -14 8 -40
4 16 -10 4.3335 -50.5 -4.5 2.4 -56 -6 1 -60 -14 3.8 -52
4 16 4.5 2.4 -56 6 1 -60 -6 1 -60 -4.5 2.4 -56
1 16 12 5.25 15 2 -1 0 0 0 -2.75 -5 0 0 p/rect.dat
1 16 14 5.25 -15 0 -1 0 0 0 -2.75 -25 0 0 p/rect2p.dat
1 16 14 3.15 -46 0 -1 0 -2.75 0 -2.1 0 0 -6 p/rect3.dat
1 16 10 -0.35 -56 -4 -1 0 -1.4 0 -2.75 -4 0 0 p/rect2p.dat
1 16 -12 5.25 15 -2 1 0 0 0 -2.75 -5 0 0 p/rect.dat
1 16 -14 5.25 -15 0 1 0 0 0 -2.75 -25 0 0 p/rect2p.dat
1 16 -14 3.15 -46 0 1 0 2.75 0 -2.1 0 0 -6 p/rect3.dat
1 16 -10 -0.35 -56 4 1 0 -1.4 0 -2.75 -4 0 0 p/rect2p.dat
3 16 10 0 15 12 0 9.5 14 2.5 10
3 16 10 0 15 14 2.5 10 10 2.5 20
4 16 12 0 9.5 12 0 -40 14 2.5 -40 14 2.5 10
4 16 12 0 -40 12 -3.893 -51.123 14 -1.7 -52 14 2.5 -40
3 16 12 -3.893 -51.123 5.333 -6.103 -57.436 6 -4.5 -60
3 16 12 -3.893 -51.123 6 -4.5 -60 14 -1.7 -52
3 16 -10 2.5 20 -14 2.5 10 -10 0 15
3 16 -14 2.5 10 -12 0 9.5 -10 0 15
4 16 -14 2.5 10 -14 2.5 -40 -12 0 -40 -12 0 9.5
4 16 -14 2.5 -40 -14 -1.7 -52 -12 -3.893 -51.123 -12 0 -40
3 16 -14 -1.7 -52 -6 -4.5 -60 -12 -3.893 -51.123
3 16 -6 -4.5 -60 -5.333 -6.103 -57.436 -12 -3.893 -51.123
4 16 -10 0 15 -12 0 9.5 12 0 9.5 10 0 15
0 BFC INVERTNEXT
1 16 0 -1.947 -20.811 -12 0 0 0 1.9465 0 0 5.5614 -24.75 p/box2-7.dat
4 16 -12 -3.8935 -51.1224 -5.333 -6.103 -57.436 5.333 -6.103 -57.436 12 -3.8935 -51.1224
4 16 5.333 -6.103 -57.436 -5.333 -6.103 -57.436 -6 -4.5 -60 6 -4.5 -60
1 16 0 -1.75 -60 -6 0 0 0 0 -2.75 0 1 0 p/rect.dat
1 16 -5 -14 -7.5 0 10 0 4.5 0 0 0 0 -4.5 p/2-4cylc.dat
1 16 5 -14 -7.5 0 -1 0 -4.5 0 0 0 0 -4.5 p/2-4disc.dat
4 16 2 -9.718 -9 2 -4.311 -25.135 2 0 -35.544 2 0 -9
4 16 -2 -9.718 -9 -2 0 -9 -2 0 -35.544 -2 -4.311 -25.135
1 16 5 0 -40 0 -10 0 0 0 -4.5 4.5 0 0 p/2-4cylc.dat
1 16 -5 0 -40 0 1 0 0 0 -4.5 -4.5 0 0 p/2-4disc.dat
1 16 0 -13.273 -9.255 -4 0 0 0 6.9266 -3.6955 0 -16.7222 -1.5307 p/4-4cyli.dat
1 16 0 -6.346 -25.978 -4 0 0 0 0.3827 -3.6955 0 -0.9239 -1.5307 p/4-4edge.dat
1 16 0 -6.346 -25.978 -3 0 0 0 0.3827 -2.7716 0 -0.9239 -1.1481 p/4-4edge.dat
1 16 0 -6.346 -25.978 1 0 0 0 -0.3827 -0.9239 0 0.9239 -0.3827 p/4-4ring3.dat
1 16 0 -6.346 -25.978 -3 0 0 0 4.8984 -2.7716 0 -11.8257 -1.1481 p/4-4cyli.dat
