0 BFC CERTIFY CCW
1 16 0 0 0 1 0 0 0 1 0 0 0 1 s\16477s01.dat
1 16 0 0 0 -1 0 0 0 1 0 0 0 1 s\16477s01.dat
1 16 0 0 -10 0 0 -1 0 1 0 1 0 0 stug-2x1.dat
1 16 0 0 10 0 0 -1 0 1 0 1 0 0 stug2-2x1.dat
4 16 -20 18 -186.827 20 18 -186.827 20 4.638 -144.263 -20 4.638 -144.263
3 16 0 38.745 -228.184 20 18 -186.827 -20 18 -186.827
3 16 0 69.455 -260 20 120 -260 -20 120 -260
4 16 -5.6568 4.3432 0 5.6569 4.3431 0 20 3.764 -100 -20 3.764 -100
4 16 -20 0 -100 20 0 -100 20 0 20 -20 0 20
3 16 0 21.155 -187.304 -20 8.074 -142.347 20 8.074 -142.347
4 16 -20 3.764 -100 20 3.764 -100 20 8.074 -142.347 -20 8.074 -142.347
4 16 20 0 -100 -20 0 -100 -20 4.638 -144.263 20 4.638 -144.263
1 16 0 24 18 40 0 0 0 -1 0 0 0 -2 rect2p.dat
1 16 0 117.5 -296.25 16.25 0 0 0 0 2.5 0 -1 0 rect2p.dat
3 16 0 115 -295.649 16.25 115 -296.25 -16.25 115 -296.25
3 16 -16.25 120 -263.75 16.25 120 -263.75 0 73.247 -263.75
3 16 0 120 -300 -16.25 120 -296.25 16.25 120 -296.25
4 16 16.25 120 -263.75 -16.25 120 -263.75 -20 120 -260 20 120 -260
1 16 0 18 10 1 0 0 0 -1.5 0 0 0 1 stud3a.dat
1 16 0 18 10 1 0 0 0 1 0 0 0 1 cylj4x8.dat
1 16 0 10 0 -1 0 0 0 0 -1 0 1 0 peghole2.dat
1 16 0 10 16 8 0 0 0 0 8 0 -12 0 2-4cyli.dat
1 16 8 7 10 0 -1 0 -3 0 0 0 0 -6 rect2p.dat
1 16 -8 7 10 0 1 0 -3 0 0 0 0 6 rect2p.dat
1 16 0 10 16 8 0 0 0 0 8 0 1 0 2-4ndis.dat
1 16 0 10 4 8 0 0 0 0 8 0 -1 0 2-4ndis.dat
1 16 0 10 16 8 0 0 0 0 8 0 1 0 2-4edge.dat
1 16 0 10 4 8 0 0 0 0 8 0 -1 0 2-4edge.dat
1 16 0 10 20 -8 0 0 0 0 8 0 -1 0 4-4ndis.dat
1 16 0 10 20 -1 0 0 0 0 1 0 -1 0 peghole.dat
0 BFC INVERTNEXT
1 16 0 10 2 -6 0 0 0 0 6 0 16 0 4-4cyli.dat
1 16 0 10 0 5.65685 0 -5.65685 -5.65685 0 -5.65685 0 -1 0 1-4chrd.dat
4 16 -20 0 20 20 0 20 28 2 20 -28 2 20
4 16 -28 18 20 28 18 20 40 24 20 -40 24 20
4 16 40 24 16 28 18 16 -28 18 16 -40 24 16
4 16 40 24 4 28 24 2 -28 24 2 -40 24 4
4 16 40 24 4 -40 24 4 -28 18 4 28 18 4
1 16 0 104 -280 0 0 1 0 10.5 0 -1 0 0 stud4s.dat
1 16 0 116 -280 0 0 1 0 -1 0 1 0 0 stud4a.dat
0 BFC INVERTNEXT
1 16 0 116 -280 0 0 6 0 -12 0 6 0 0 4-4cyli.dat
1 16 0 116 -280 0 0 8 0 -12 0 8 0 0 4-4cyli.dat
1 16 0 93.5 -280 0 0 6 7.875 -1 0 -6 0 0 4-4disc.dat
