0 BFC CERTIFY CCW
1 16 0 16 0 1 0 0 0 -2 0 0 0 1 p/stud4a.dat
1 16 0 0 0 1 0 0 0 16 0 0 0 1 p/axlehole.dat
1 16 0 0 0 1 0 0 0 1 0 0 0 1 p/axlehol2.dat
1 16 0 16 0 1 0 0 0 1 0 0 0 1 p/axlehol3.dat
1 16 0 4 0 8 0 0 0 12 0 0 0 8 p/4-4cyli.dat
1 16 0 4 0 8 0 0 0 1 0 0 0 8 p/4-4edge.dat
1 16 0 4 0 8 0 0 0 -1 0 0 0 -8 p/4-4ndis.dat
1 16 0 0 0 6 0 0 0 1 0 0 0 6 p/4-4ndis.dat
4 16 20 24 20 16 24 16 -16 24 16 -20 24 20
4 16 -20 24 20 -16 24 16 -16 24 -16 -20 24 -20
4 16 -20 24 -20 -16 24 -16 16 24 -16 20 24 -20
4 16 20 24 -20 16 24 -16 16 24 16 20 24 20
0 BFC INVERTNEXT
1 16 0 4 0 16 0 0 0 20 0 0 0 16 p/box4.dat
4 16 16 4 16 8 4 8 -8 4 8 -16 4 16
4 16 -16 4 16 -8 4 8 -8 4 -8 -16 4 -16
4 16 -16 4 -16 -8 4 -8 8 4 -8 16 4 -16
4 16 16 4 -16 8 4 -8 8 4 8 16 4 16
1 16 0 0 0 20 0 0 0 24 0 0 0 20 p/box4.dat
4 16 -20 0 20 -6 0 6 6 0 6 20 0 20
4 16 -20 0 -20 -6 0 -6 -6 0 6 -20 0 20
4 16 20 0 -20 6 0 -6 -6 0 -6 -20 0 -20
4 16 20 0 20 6 0 6 6 0 -6 20 0 -20
1 16 0 0 0 1 0 0 0 1 0 0 0 1 p/stug-2x2.dat
1 16 20 10 0 0 7.2 0 1 0 0 0 0 -1 p/axlehol8.dat
1 16 20 10 0 0 1 0 1 0 0 0 0 -1 p/axlehol9.dat
1 16 20 10 0 0 1 0 1 0 0 0 0 -1 p/axlehol2.dat
1 16 40 10 0 0 1 0 1 0 0 0 0 1 p/axlesphe.dat
1 16 40 10 0 -12.81 0 0 0 12.81 0 0 0 -12.81 p/8-8sphe.dat
1 16 -20 10 0 0 -7.2 0 1 0 0 0 0 1 p/axlehol8.dat
1 16 -20 10 0 0 -1 0 1 0 0 0 0 1 p/axlehol9.dat
1 16 -20 10 0 0 -1 0 1 0 0 0 0 1 p/axlehol2.dat
1 16 -40 10 0 0 -1 0 1 0 0 0 0 -1 p/axlesphe.dat
1 16 -40 10 0 12.81 0 0 0 12.81 0 0 0 12.81 p/8-8sphe.dat
