0 BFC CERTIFY CCW
1 16 0 0 0 1 0 0 0 1 0 0 0 1 s\1749s01.dat
1 16 0 0 0 -1 0 0 0 1 0 0 0 1 s\1749s01.dat
1 16 0 10 -10 1 0 0 0 0 1 0 -1 0 connhol3.dat
1 16 0 130 -10 1 0 0 0 0 1 0 -1 0 connhol3.dat
1 16 0 150 -10 1 0 0 0 0 1 0 -1 0 connhol3.dat
1 16 0 170 -10 1 0 0 0 0 1 0 -1 0 connhol3.dat
1 16 0 290 -10 1 0 0 0 0 1 0 -1 0 connhol3.dat
1 16 0 312 -20 40 0 0 0 -8 0 0 0 20 box4o4a.dat
0 BFC INVERTNEXT
1 16 0 312 -20 36 0 0 0 -5 0 0 0 16 box5.dat
1 16 0 307 -20 1 0 0 0 -1.25 0 0 0 1 stug4-1x3.dat
4 16 36 312 -4 -36 312 -4 -40 312 0 40 312 0
4 16 -36 312 -36 36 312 -36 40 312 -40 -40 312 -40
4 16 -9 299 0 9 299 0 9 304 0 -9 304 0
4 16 20 0 0 9 1 0 -9 1 0 -20 0 0
4 16 4 0 -4 20 0 0 -20 0 0 -4 0 -4
3 16 0 0 -20 4 0 -4 -4 0 -4
3 16 40 304 -40 0 304 -20 -40 304 -40
