0 BFC CERTIFY CCW
1 16 0 12 -8 2 0 0 0 4 0 0 0 2 p/box4-1.dat
1 16 10 12 -8 2 0 0 0 4 0 0 0 2 p/box4-1.dat
1 16 -10 12 -8 2 0 0 0 4 0 0 0 2 p/box4-1.dat
4 16 20 16 -10 16 16 -10 16 16 6 20 16 10
4 16 20 16 10 16 16 6 -16 16 6 -20 16 10
4 16 -20 16 10 -16 16 6 -16 16 -10 -20 16 -10
0 BFC INVERTNEXT
1 16 0 16 -2 -16 0 0 0 -4 0 0 0 8 p/box5-1.dat
1 16 0 16 0 -20 0 0 0 -8 0 0 0 10 p/box4-4a.dat
1 16 0 8 0 0 0 -1 0 1 0 1 0 0 p/stug-2x1.dat
1 16 0 12 0 1 0 0 0 -1 0 0 0 1 p/stud3.dat
1 16 0 20 -10 -20 0 0 0 0 4 0 -1 0 p/recte3.dat
3 16 16 16 -10 20 16 -10 20 24 -10
3 16 -20 24 -10 -20 16 -10 -16 16 -10
4 16 -20 24 -10 -16 16 -10 16 16 -10 20 24 -10
1 16 20 4 -10 0 -1 0 20 0 0 0 0 -20 p/1-4edge.dat
1 16 -20 4 -10 0 -1 0 20 0 0 0 0 -20 p/1-4edge.dat
1 16 -20 4 -10 0 40 0 20 0 0 0 0 -20 p/1-4cyli.dat
1 16 -20 4 -10 0 1 0 20 0 0 0 0 -20 p/1-4chrd.dat
1 16 20 4 -10 0 -1 0 0 0 20 -20 0 0 p/1-4chrd.dat
1 16 0 4 -10 0 0 -20 4 0 0 0 -1 0 p/rect.dat
1 16 0 0 -20 -20 0 0 0 1 0 0 0 -10 p/recte3.dat
1 16 0 2 -30 0 0 -20 2 0 0 0 1 0 p/rect2p.dat
3 16 20 24 -10 20 16 -10 20 4 -30
3 16 20 4 -30 20 16 -10 20 8 -10
4 16 20 8 -10 20 0 -10 20 0 -30 20 4 -30
4 16 -20 4 -30 -20 0 -30 -20 0 -10 -20 8 -10
3 16 -20 4 -30 -20 8 -10 -20 16 -10
3 16 -20 4 -30 -20 16 -10 -20 24 -10
4 16 20 0 -10 17 0 -13 17 0 -27 20 0 -30
4 16 -20 0 -10 -20 0 -30 -17 0 -27 -17 0 -13
3 16 20 0 -30 17 0 -27 11.5 0 -27
3 16 20 0 -30 11.5 0 -27 8.5 0 -27
3 16 -17 0 -27 -20 0 -30 -11.5 0 -27
3 16 -11.5 0 -27 -20 0 -30 -8.5 0 -27
3 16 -20 0 -10 -17 0 -13 -11.5 0 -13
3 16 -20 0 -10 -11.5 0 -13 -8.5 0 -13
3 16 17 0 -13 20 0 -10 11.5 0 -13
3 16 11.5 0 -13 20 0 -10 8.5 0 -13
4 16 -8.5 0 -13 8.5 0 -13 20 0 -10 -20 0 -10
4 16 -8.5 0 -27 -20 0 -30 20 0 -30 8.5 0 -27
4 16 17 0 -13 17 20 -13 17 6 -27 17 0 -27
4 16 -17 0 -27 -17 6 -27 -17 20 -13 -17 0 -13
1 16 10 0 -20 0 0 -1 0 1 0 1 0 0 p/stud2a.dat
1 16 -10 0 -20 0 0 -1 0 1 0 1 0 0 p/stud2a.dat
1 16 -10 0 -20 0 0 -1 0 7 0 1 0 0 p/stud2s2e.dat
1 16 10 0 -20 0 0 -1 0 7 0 1 0 0 p/stud2s2e.dat
1 16 0 13 -20 -17 0 0 0 1 -7 0 0 -7 p/rect.dat
1 16 -10 7 -20 0 0 -6 0 6 0 -6 0 0 p/4-4cyls.dat
0 BFC INVERTNEXT
1 16 -10 9.5 -20 0 0 -3.5 0 3.5 0 -3.5 0 0 p/4-4cyls.dat
1 16 -10 13 -20 0 0 -3.5 -3.5 1 0 -3.5 0 0 p/4-4edge.dat
0 BFC INVERTNEXT
1 16 -10 9.5 -20 0 0 -3.5 0 -2.5 0 -3.5 0 0 p/4-4cyli.dat
1 16 -10 13 -20 0 0 -6 -6 1 0 -6 0 0 p/4-4edge.dat
1 16 10 7 -20 0 0 -6 0 6 0 -6 0 0 p/4-4cyls.dat
0 BFC INVERTNEXT
1 16 10 9.5 -20 0 0 -3.5 0 3.5 0 -3.5 0 0 p/4-4cyls.dat
0 BFC INVERTNEXT
1 16 10 9.5 -20 0 0 -3.5 0 -2.5 0 -3.5 0 0 p/4-4cyli.dat
1 16 10 13 -20 0 0 -3.5 -3.5 1 0 -3.5 0 0 p/4-4edge.dat
1 16 10 13 -20 0 0 -6 -6 1 0 -6 0 0 p/4-4edge.dat
1 16 -10 7.5 -26.3509 0 0 -1.5 0 -7.5 0 .6491 0 0 p/box3u6a.dat
1 16 -10 20 -13.6491 0 0 -1.5 0 -20 0 .6491 0 0 p/box3u6a.dat
1 16 10 7 -26.3509 0 0 -1.5 0 -7 0 .6491 0 0 p/box3u6a.dat
1 16 10 20 -13.6491 0 0 -1.5 0 -20 0 .6491 0 0 p/box3u6a.dat
1 16 -14.25 10 -13 0 0 -2.75 -10 0 0 0 1 0 p/rect2a.dat
1 16 0 10 -13 0 0 -8.5 -10 0 0 0 1 0 p/rect1.dat
1 16 14.25 10 -13 2.75 0 0 0 0 -10 0 1 0 p/rect2a.dat
1 16 14.25 3 -27 0 0 2.75 -3 0 0 0 -1 0 p/rect2a.dat
1 16 0 3 -27 0 0 8.5 -3 0 0 0 -1 0 p/rect1.dat
1 16 -14.25 3 -27 -2.75 0 0 0 0 -3 0 -1 0 p/rect2a.dat
