0 BFC CERTIFY CCW
4 16 20 0 -20 16 0 -16 16 0 16 20 0 20
4 16 16 0 16 4 0 16 -7 0 20 20 0 20
4 16 4 0 -16 16 0 -16 20 0 -20 -7 0 -20
3 16 4 0 16 0 0 16 -7 0 20
3 16 0 0 -16 4 0 -16 -7 0 -20
4 16 4 0 -16 0 0 -16 0 0 16 4 0 16
3 16 -7 0 -20 -9.7143 0 -16 0 0 -16
3 16 0 0 16 -9.7143 0 16 -7 0 20
1 16 10 0 0 6 0 0 0 1 0 0 0 16 p/recte4.dat
3 16 12.2962 -2.7476 -15.5434 16 -2.4623 -16 10 -2.4623 -16
3 16 16 -2.4623 -16 12.2962 -2.7476 -15.5434 14.2426 -3.5606 -14.2426
3 16 16 -2.4623 -16 14.2426 -3.5606 -14.2426 14.7124 -4 -13.5396
3 16 10 -2.4623 -16 4 -2.4623 -16 7.7038 -2.7476 -15.5434
3 16 7.7038 -2.7476 -15.5434 4 -2.4623 -16 5.7574 -3.5606 -14.2426
3 16 5.7574 -3.5606 -14.2426 4 -2.4623 -16 5.2876 -4 -13.5396
3 16 16 -2.4623 -16 14.7124 -4 -13.5396 16 -12.4623 0
4 16 5.2876 -4 -13.5396 4 -12.4623 0 16 -12.4623 0 14.7124 -4 -13.5396
3 16 4 -12.4623 0 5.2876 -4 -13.5396 4 -2.4623 -16
3 16 10 -2.4623 -16 16 -2.4623 -16 16 0 -16
4 16 16 0 -16 4 0 -16 4 -2.4623 -16 10 -2.4623 -16
3 16 5.2876 -4 -13.5396 5.7574 -4 -14.2426 5.7574 -3.5606 -14.2426
4 16 5.7574 -3.5606 -14.2426 5.7574 -4 -14.2426 7.7038 -4 -15.5434 7.7038 -2.7476 -15.5434
4 16 10 -2.4623 -16 7.7038 -2.7476 -15.5434 7.7038 -4 -15.5434 10 -4 -16
4 16 10 -2.4623 -16 10 -4 -16 12.2962 -4 -15.5434 12.2962 -2.7476 -15.5434
4 16 12.2962 -2.7476 -15.5434 12.2962 -4 -15.5434 14.2426 -4 -14.2426 14.2426 -3.5606 -14.2426
3 16 14.2426 -3.5606 -14.2426 14.2426 -4 -14.2426 14.7124 -4 -13.5396
4 16 5.2876 -4 -13.5396 14.7124 -4 -13.5396 14.2426 -4 -14.2426 5.7574 -4 -14.2426
4 16 7.7038 -4 -15.5434 5.7574 -4 -14.2426 14.2426 -4 -14.2426 12.2962 -4 -15.5434
3 16 10 -4 -16 7.7038 -4 -15.5434 12.2962 -4 -15.5434
3 16 16 -2.4623 16 12.2962 -2.7476 15.5434 10 -2.4623 16
3 16 12.2962 -2.7476 15.5434 16 -2.4623 16 14.2426 -3.5606 14.2426
3 16 14.2426 -3.5606 14.2426 16 -2.4623 16 14.7124 -4 13.5396
3 16 4 -2.4623 16 10 -2.4623 16 7.7038 -2.7476 15.5434
3 16 4 -2.4623 16 7.7038 -2.7476 15.5434 5.7574 -3.5606 14.2426
3 16 4 -2.4623 16 5.7574 -3.5606 14.2426 5.2876 -4 13.5396
3 16 14.7124 -4 13.5396 16 -2.4623 16 16 -12.4623 0
4 16 16 -12.4623 0 4 -12.4623 0 5.2876 -4 13.5396 14.7124 -4 13.5396
3 16 5.2876 -4 13.5396 4 -12.4623 0 4 -2.4623 16
4 16 16 -2.4623 16 10 -2.4623 16 4 0 16 16 0 16
3 16 10 -2.4623 16 4 -2.4623 16 4 0 16
3 16 5.7574 -4 14.2426 5.2876 -4 13.5396 5.7574 -3.5606 14.2426
4 16 7.7038 -4 15.5434 5.7574 -4 14.2426 5.7574 -3.5606 14.2426 7.7038 -2.7476 15.5434
4 16 7.7038 -4 15.5434 7.7038 -2.7476 15.5434 10 -2.4623 16 10 -4 16
4 16 12.2962 -4 15.5434 10 -4 16 10 -2.4623 16 12.2962 -2.7476 15.5434
4 16 14.2426 -4 14.2426 12.2962 -4 15.5434 12.2962 -2.7476 15.5434 14.2426 -3.5606 14.2426
3 16 14.2426 -4 14.2426 14.2426 -3.5606 14.2426 14.7124 -4 13.5396
4 16 14.2426 -4 14.2426 14.7124 -4 13.5396 5.2876 -4 13.5396 5.7574 -4 14.2426
4 16 14.2426 -4 14.2426 5.7574 -4 14.2426 7.7038 -4 15.5434 12.2962 -4 15.5434
3 16 7.7038 -4 15.5434 10 -4 16 12.2962 -4 15.5434
4 16 4 0 16 4 -2.4623 16 4 -2.4623 -16 4 0 -16
3 16 4 -2.4623 -16 4 -2.4623 16 4 -12.4623 0
3 16 16 -2.4623 -16 16 -12.4623 0 16 -2.4623 16
4 16 16 -2.4623 16 16 0 16 16 0 -16 16 -2.4623 -16
1 16 4.5 -5.3874 3.5 .5 0 0 0 0 -4.8874 0 1 0 p/rect3.dat
1 16 4.5 -4.4499 6.5 -.5 0 0 0 0 -3.9499 0 -1 0 p/rect.dat
1 16 4.5 -.5 5 0 0 -.5 0 -1 0 -1.5 0 0 p/rect2a.dat
1 16 6.5 -10.5 5 -1.5 0 -1.5 0 10 0 1.5 0 -1.5 p/tri3a4.dat
1 16 4.5 -5.3874 -3.5 .5 0 0 0 0 -4.8874 0 -1 0 p/rect3.dat
1 16 4.5 -4.4499 -6.5 -.5 0 0 0 0 -3.9499 0 1 0 p/rect.dat
1 16 4.5 -.5 -5 0 0 -.5 0 -1 0 1.5 0 0 p/rect2a.dat
1 16 6.5 -10.5 -5 -1.5 0 -1.5 0 10 0 -1.5 0 1.5 p/tri3a4.dat
1 16 15.5 -5.3874 3.5 -.5 0 0 0 0 -4.8874 0 1 0 p/rect3.dat
1 16 15.5 -4.4499 6.5 .5 0 0 0 0 -3.9499 0 -1 0 p/rect.dat
1 16 15.5 -.5 5 0 0 .5 0 -1 0 -1.5 0 0 p/rect2a.dat
1 16 13.5 -10.5 5 1.5 0 1.5 0 10 0 1.5 0 -1.5 p/tri3a4.dat
1 16 15.5 -5.3874 -3.5 -.5 0 0 0 0 -4.8874 0 -1 0 p/rect3.dat
1 16 15.5 -4.4499 -6.5 .5 0 0 0 0 -3.9499 0 1 0 p/rect.dat
1 16 15.5 -.5 -5 0 0 .5 0 -1 0 1.5 0 0 p/rect2a.dat
1 16 13.5 -10.5 -5 1.5 0 1.5 0 10 0 -1.5 0 1.5 p/tri3a4.dat
1 16 0 -1.23115 0 0 1 0 0 0 1.23115 16 0 0 p/rect3.dat
3 16 0 -2.4623 16 0 -2.4623 -16 0 -11.9705 0
4 16 -9.7143 -1.8436 -16 0 -2.4623 -16 0 0 -16 -9.7143 0 -16
4 16 0 -2.4623 16 -9.7143 -1.8436 16 -9.7143 0 16 0 0 16
3 16 -4.8549 -4 -12.8921 0 -2.4623 -16 -5.7574 -3.14 -14.2426
3 16 -7.7038 -2.243 -15.5434 -5.7574 -3.14 -14.2426 0 -2.4623 -16
3 16 -9.7143 -1.8436 -16 -7.7038 -2.243 -15.5434 0 -2.4623 -16
3 16 0 -2.4623 -16 -4.8549 -4 -12.8921 0 -11.9705 0
4 16 -4.8549 -4 -12.8921 -7.1054 -4 -12.6536 -7.504 -11.5 0 0 -11.9705 0
3 16 -16.5 -8 0 -7.504 -11.5 0 -7.1054 -4 -12.6536
3 16 -7.1054 -4 -12.6536 -9.1923 -4 -10.7692 -16.5 -8 0
3 16 -7.7038 -2.243 -15.5434 -9.7143 -1.8436 -16 -9.1923 -4 -15.8394
3 16 -9.1923 -4 -15.8394 -7.7038 -4 -15.5434 -7.7038 -2.243 -15.5434
3 16 -9.7143 -4.2857 -16 -9.1923 -4 -15.8394 -9.7143 -1.8436 -16
4 16 -5.7574 -4 -14.2426 -5.7574 -3.14 -14.2426 -7.7038 -2.243 -15.5434 -7.7038 -4 -15.5434
3 16 -5.7574 -4 -14.2426 -4.8549 -4 -12.8921 -5.7574 -3.14 -14.2426
4 16 -4.8549 -4 -12.8921 -5.7574 -4 -14.2426 -7.7038 -4 -15.5434 -7.1054 -4 -12.6536
4 16 -9.1923 -4 -15.8394 -9.1923 -4 -10.7692 -7.1054 -4 -12.6536 -7.7038 -4 -15.5434
3 16 -9.1923 -4 -10.7692 -9.1923 -4 -15.8394 -9.7143 -4.2857 -16
4 16 -16.5 -8 0 -9.1923 -4 -10.7692 -9.7143 -4.2857 -16 -16.5 -8 -6
1 16 0 -1.23115 0 0 1 0 0 0 1.23115 -16 0 0 p/rect3.dat
3 16 0 -2.4623 16 -4.8549 -4 12.8921 -5.7574 -3.14 14.2426
3 16 -5.7574 -3.14 14.2426 -7.7038 -2.243 15.5434 0 -2.4623 16
3 16 -7.7038 -2.243 15.5434 -9.7143 -1.8436 16 0 -2.4623 16
3 16 -4.8549 -4 12.8921 0 -2.4623 16 0 -11.9705 0
4 16 -7.504 -11.5 0 -7.1054 -4 12.6536 -4.8549 -4 12.8921 0 -11.9705 0
3 16 -7.504 -11.5 0 -16.5 -8 0 -7.1054 -4 12.6536
3 16 -9.1923 -4 10.7692 -7.1054 -4 12.6536 -16.5 -8 0
3 16 -9.7143 -1.8436 16 -7.7038 -2.243 15.5434 -9.1923 -4 15.8394
3 16 -7.7038 -4 15.5434 -9.1923 -4 15.8394 -7.7038 -2.243 15.5434
3 16 -9.1923 -4 15.8394 -9.7143 -4.2857 16 -9.7143 -1.8436 16
4 16 -7.7038 -2.243 15.5434 -5.7574 -3.14 14.2426 -5.7574 -4 14.2426 -7.7038 -4 15.5434
3 16 -4.8549 -4 12.8921 -5.7574 -4 14.2426 -5.7574 -3.14 14.2426
4 16 -7.7038 -4 15.5434 -5.7574 -4 14.2426 -4.8549 -4 12.8921 -7.1054 -4 12.6536
4 16 -7.1054 -4 12.6536 -9.1923 -4 10.7692 -9.1923 -4 15.8394 -7.7038 -4 15.5434
3 16 -9.1923 -4 15.8394 -9.1923 -4 10.7692 -9.7143 -4.2857 16
4 16 -9.7143 -4.2857 16 -9.1923 -4 10.7692 -16.5 -8 0 -16.5 -8 6
1 16 6.5 -1.75 -20 13.5 0 0 0 0 -1.75 0 1 0 p/rect.dat
1 16 6.5 -1.75 20 13.5 0 0 0 0 -1.75 0 -1 0 p/rect.dat
4 16 20 0 20 20 -3.5 20 20 -3.5 -20 20 0 -20
3 16 20 -16 0 20 -3.5 -20 20 -3.5 20
3 16 10 -16 0 .865 -15.5442 0 -7 -3.5 -20
4 16 -7 -3.5 -20 -8.116 -14.1927 0 -16.5 -12 0 -16.5 -8.7 -6
4 16 20 -16 0 10 -16 0 -7 -3.5 -20 20 -3.5 -20
3 16 .865 -15.5442 0 -8.116 -14.1927 0 -7 -3.5 -20
3 16 .865 -15.5442 0 10 -16 0 -7 -3.5 20
4 16 -16.5 -12 0 -8.116 -14.1927 0 -7 -3.5 20 -16.5 -8.7 6
4 16 -7 -3.5 20 10 -16 0 20 -16 0 20 -3.5 20
3 16 -8.116 -14.1927 0 .865 -15.5442 0 -7 -3.5 20
4 16 -16.5 -8.7 -6 -16.5 -12 0 -16.5 -8 0 -16.5 -8 -6
4 16 -16.5 -8 0 -16.5 -12 0 -16.5 -8.7 6 -16.5 -8 6
4 16 -16.5 -8.7 -6 -16.5 -8 -6 -9.7143 -4.2857 -16 -7 -3.5 -20
4 16 -9.7143 -4.2857 16 -16.5 -8 6 -16.5 -8.7 6 -7 -3.5 20
4 16 -7 -3.5 -20 -9.7143 -4.2857 -16 -9.7143 -1.8436 -16 -7 0 -20
3 16 -9.7143 -1.8436 -16 -9.7143 0 -16 -7 0 -20
3 16 -7 0 20 -9.7143 0 16 -9.7143 -1.8436 16
4 16 -9.7143 -1.8436 16 -9.7143 -4.2857 16 -7 -3.5 20 -7 0 20
