0 BFC CERTIFY CCW
1 16 0 0 0 4 0 0 0 16 0 0 0 4 p/4-4cylo.dat
1 16 0 16 0 2 0 0 0 1 0 0 0 2 p/4-4ring2.dat
1 16 0 16 0 6 0 0 0 1 0 0 0 6 p/4-4edge.dat
1 16 0 16 0 2.4 0 0 0 4 0 0 0 -2.4 p/r04o1500.dat
1 16 0 16 0 2.4 0 0 0 4 0 0 0 2.4 p/r04o1500.dat
1 16 0 16 0 -2.4 0 0 0 4 0 0 0 -2.4 p/r04o1500.dat
1 16 0 16 0 -2.4 0 0 0 4 0 0 0 2.4 p/r04o1500.dat
1 16 0 22 0 2.4 0 0 0 -1 0 0 0 2.4 p/4-4disc.dat
1 16 0 0 0 1 0 0 0 1 0 0 0 1 parts/s/18031s01.dat
1 16 0 0 0 1 0 0 0 1 0 0 0 -1 parts/s/18031s01.dat
