0 BFC CERTIFY CCW
1 16 -1.5 4 0 0 0 -2.5 0 4 0 2 0 0 p/box4-1.dat
0 BFC INVERTNEXT
1 16 -7.5 8 0 0 0 -8.5 0 -4 0 6 0 0 p/box5-1.dat
1 16 10 10 10 9 0 0 0 0 9 0 -20 0 p/2-4cylo.dat
3 16 1 10 10 1 8 6 1 8 10
4 16 1 10 10 1 10 -10 1 8 -6 1 8 6
3 16 1 8 -10 1 8 -6 1 10 -10
1 16 -9.5 8 0 0 0 -10.5 0 1 0 10 0 0 p/recte3.dat
4 16 1 8 10 1 8 6 -16 8 6 -20 8 10
4 16 -20 8 10 -16 8 6 -16 8 -6 -20 8 -10
4 16 1 8 -6 1 8 -10 -20 8 -10 -16 8 -6
1 16 10 10 0 1 0 0 0 0 1 0 1 0 p/connhole.dat
1 16 10 10 10 9 0 0 0 0 -9 0 -1 0 p/2-4ndis.dat
1 16 10 10 -10 9 0 0 0 0 -9 0 1 0 p/2-4ndis.dat
1 16 19 9 0 0 -1 0 1 0 0 0 0 10 p/rect2p.dat
4 16 -20 8 10 -20 0 10 1 1 10 1 8 10
4 16 1 1 10 -20 0 10 20 0 10 19 1 10
4 16 19 8 10 19 1 10 20 0 10 20 8 10
4 16 1 8 -10 1 1 -10 -20 0 -10 -20 8 -10
4 16 19 1 -10 20 0 -10 -20 0 -10 1 1 -10
4 16 20 8 -10 20 0 -10 19 1 -10 19 8 -10
1 16 19.5 4 0 0 0.5 0 0 0 4 10 0 0 p/box2-5.dat
1 16 0 4 0 0 0 -20 0 -4 0 -10 0 0 p/box2-7.dat
1 16 0 0 0 1 0 0 0 1 0 0 0 1 p/stug2-1x2.dat
