0 BFC CERTIFY CCW
1 16 0 20 0 1 0 0 0 -1 0 0 0 1 p/stud18a.dat
1 16 0 20 0 8 0 0 0 1 0 0 0 8 p/4-4edge.dat
1 16 -20 4 40 1 0 0 0 -5 0 0 0 1 p/stud4.dat
1 16 20 4 40 1 0 0 0 -5 0 0 0 1 p/stud4.dat
1 16 -40 4 20 1 0 0 0 -5 0 0 0 1 p/stud4.dat
1 16 0 4 20 1 0 0 0 -5 0 0 0 1 p/stud4.dat
1 16 40 4 20 1 0 0 0 -5 0 0 0 1 p/stud4.dat
1 16 -20 4 0 1 0 0 0 -5 0 0 0 1 p/stud4.dat
1 16 20 4 0 1 0 0 0 -5 0 0 0 1 p/stud4.dat
1 16 -40 4 -20 1 0 0 0 -5 0 0 0 1 p/stud4.dat
1 16 0 4 -20 1 0 0 0 -5 0 0 0 1 p/stud4.dat
1 16 40 4 -20 1 0 0 0 -5 0 0 0 1 p/stud4.dat
1 16 -20 4 -40 1 0 0 0 -5 0 0 0 1 p/stud4.dat
1 16 20 4 -40 1 0 0 0 -5 0 0 0 1 p/stud4.dat
0 BFC INVERTNEXT
1 16 0 8 0 6 0 0 0 12 0 0 0 6 p/4-4cyli.dat
1 16 0 8 0 1 0 0 0 1 0 0 0 1 p/4-4ring6.dat
0 BFC INVERTNEXT
1 16 0 0 0 7 0 0 0 8 0 0 0 7 p/4-4cyli.dat
1 16 0 10 0 8 0 0 0 10 0 0 0 8 p/4-4cyli.dat
1 16 0 10 0 2 0 0 0 -1 0 0 0 2 p/4-4ring4.dat
1 16 0 4 0 10 0 0 0 6 0 0 0 10 p/4-4cyli.dat
1 16 0 10 0 8 0 0 0 1 0 0 0 8 p/4-4edge.dat
1 16 0 10 0 10 0 0 0 1 0 0 0 10 p/4-4edge.dat
1 16 0 8 0 6 0 0 0 1 0 0 0 6 p/4-4edge.dat
1 16 0 8 0 7 0 0 0 1 0 0 0 7 p/4-4edge.dat
1 16 0 4 0 10 0 0 0 1 0 0 0 10 p/4-4edge.dat
1 16 0 0 0 0 0 -1 0 1 0 1 0 0 parts/s/18897s01.dat
1 16 0 0 0 0 0 1 0 1 0 1 0 0 parts/s/18897s01.dat
1 16 0 0 0 -1 0 0 0 1 0 0 0 1 parts/s/18897s01.dat
1 16 0 0 0 1 0 0 0 1 0 0 0 1 parts/s/18897s01.dat
1 16 0 0 0 -1 0 0 0 1 0 0 0 -1 parts/s/18897s01.dat
1 16 0 0 0 1 0 0 0 1 0 0 0 -1 parts/s/18897s01.dat
1 16 0 0 0 0 0 -1 0 1 0 -1 0 0 parts/s/18897s01.dat
1 16 0 0 0 0 0 1 0 1 0 -1 0 0 parts/s/18897s01.dat
1 16 0 4 0 5 0 0 0 -1 0 0 0 5 p/4-4ring2.dat
1 16 0 4 0 3 0 0 0 -1 0 0 0 3 p/4-4ring5.dat
1 16 0 4 0 9 0 0 0 -1 0 0 0 9 p/4-4ring2.dat
1 16 0 4 0 27 0 0 0 -1 0 0 0 27 p/4-4ring1.dat
1 16 0 4 0 54 0 0 0 -1 0 0 0 54 p/48/4-4aring.dat
1 16 0 4 0 2 0 0 0 -1 0 0 0 2 p/48/4-4rin27.dat
1 16 0 0 0 1 0 0 0 1 0 0 0 1 p/4-4ring7.dat
1 16 0 0 0 4 0 0 0 1 0 0 0 4 p/4-4ring2.dat
1 16 0 0 0 3 0 0 0 1 0 0 0 3 p/4-4ring4.dat
1 16 0 0 0 15 0 0 0 1 0 0 0 15 p/4-4ring1.dat
1 16 0 0 0 30 0 0 0 1 0 0 0 30 p/4-4ring1.dat
1 16 0 0 0 60 0 0 0 1 0 0 0 60 p/48/4-4aring.dat
1 16 0 0 0 7 0 0 0 1 0 0 0 7 p/4-4edge.dat
1 16 0 0 0 60 0 0 0 1 0 0 0 60 p/48/4-4edge.dat
1 16 -10 0 50 1 0 0 0 1 0 0 0 1 p/stud2.dat
1 16 10 0 50 1 0 0 0 1 0 0 0 1 p/stud2.dat
1 16 -50 0 10 1 0 0 0 1 0 0 0 1 p/stud2.dat
1 16 50 0 10 1 0 0 0 1 0 0 0 1 p/stud2.dat
1 16 0 0 0 1 0 0 0 1 0 0 0 1 p/stug-4x4.dat
1 16 -50 0 -10 1 0 0 0 1 0 0 0 1 p/stud2.dat
1 16 50 0 -10 1 0 0 0 1 0 0 0 1 p/stud2.dat
1 16 -10 0 -50 1 0 0 0 1 0 0 0 1 p/stud2.dat
1 16 10 0 -50 1 0 0 0 1 0 0 0 1 p/stud2.dat
