0 BFC CERTIFY CCW
1 16 0 24 0 40 0 0 0 1 0 0 0 20 p/recte4.dat
1 16 -30 4 0 1 0 0 0 -5 0 0 0 1 p/stud3.dat
0 BFC INVERTNEXT
1 16 -30 24 0 6 0 0 0 -20 0 0 0 16 p/box5.dat
1 16 -20 22 -12 0 -1 0 2 0 0 0 0 4 p/rect.dat
1 16 -20 22 0 0 -1 0 2 0 0 0 0 6 p/rect.dat
1 16 -20 22 12 0 -1 0 2 0 0 0 0 4 p/rect.dat
1 16 0 22 16 20 0 0 0 0 -2 0 1 0 p/rect2p.dat
1 16 0 22 -16 -20 0 0 0 0 -2 0 -1 0 p/rect2p.dat
1 16 20 22 -12 0 1 0 2 0 0 0 0 -4 p/rect.dat
1 16 20 22 0 0 1 0 2 0 0 0 0 -6 p/rect.dat
1 16 20 22 12 0 1 0 2 0 0 0 0 -4 p/rect.dat
1 16 -20 20 0 0 0 1 0 -1 0 -1 0 0 p/2-4stud4.dat
1 16 0 20 0 1 0 0 0 -1 0 0 0 1 p/stud4a.dat
1 16 0 20 0 8 0 0 0 1 0 0 0 8 p/4-4edge.dat
0 BFC INVERTNEXT
1 16 0 16 0 6 0 0 0 4 0 0 0 6 p/4-4cyli.dat
1 16 0 16 0 6 0 0 0 1 0 0 0 6 p/4-4edge.dat
1 16 20 20 0 0 0 -1 0 -1 0 1 0 0 p/2-4stud4.dat
1 16 0 20 0 8 0 0 0 -1 0 0 0 8 p/4-4ndis.dat
4 16 -20 20 -16 -20 20 16 -8 20 8 -8 20 -8
4 16 -20 20 16 20 20 16 8 20 8 -8 20 8
4 16 20 20 16 20 20 -16 8 20 -8 8 20 8
4 16 20 20 -16 -20 20 -16 -8 20 -8 8 20 -8
1 16 30 4 0 1 0 0 0 -5 0 0 0 1 p/stud3.dat
0 BFC INVERTNEXT
1 16 30 24 0 6 0 0 0 -20 0 0 0 16 p/box5.dat
4 16 -40 24 -20 -40 24 20 -36 24 16 -36 24 -16
3 16 -40 24 20 -24 24 16 -36 24 16
3 16 -40 24 20 -20 24 16 -24 24 16
4 16 -40 24 20 40 24 20 20 24 16 -20 24 16
3 16 24 24 16 20 24 16 40 24 20
3 16 36 24 16 24 24 16 40 24 20
4 16 40 24 20 40 24 -20 36 24 -16 36 24 16
3 16 40 24 -20 24 24 -16 36 24 -16
3 16 40 24 -20 20 24 -16 24 24 -16
4 16 40 24 -20 -40 24 -20 -20 24 -16 20 24 -16
3 16 -24 24 -16 -20 24 -16 -40 24 -20
3 16 -36 24 -16 -24 24 -16 -40 24 -20
3 16 -20 24 16 -20 24 8 -24 24 16
3 16 -20 24 8 -20 24 6 -24 24 16
4 16 -24 24 -16 -24 24 16 -20 24 6 -20 24 -6
3 16 -24 24 -16 -20 24 -6 -20 24 -8
3 16 -24 24 -16 -20 24 -8 -20 24 -16
3 16 24 24 16 20 24 8 20 24 16
3 16 24 24 16 20 24 6 20 24 8
4 16 20 24 -6 20 24 6 24 24 16 24 24 -16
3 16 20 24 -8 20 24 -6 24 24 -16
3 16 20 24 -16 20 24 -8 24 24 -16
1 16 -30 12 0 0 -10 0 0 0 -12 20 0 0 p/box2-7.dat
1 16 -20 8 0 0 -1 0 0 0 -8 20 0 0 p/rect3.dat
1 16 0 16 0 20 0 0 0 1 0 0 0 20 p/recte4.dat
1 16 0 16 0 6 0 0 0 1 0 0 0 6 p/4-4ndis.dat
4 16 -20 16 -20 -6 16 -6 -6 16 6 -20 16 20
4 16 -20 16 20 -6 16 6 6 16 6 20 16 20
4 16 20 16 20 6 16 6 6 16 -6 20 16 -20
4 16 20 16 -20 6 16 -6 -6 16 -6 -20 16 -20
1 16 20 8 0 0 1 0 0 0 -8 -20 0 0 p/rect3.dat
1 16 30 12 0 0 10 0 0 0 -12 -20 0 0 p/box2-7.dat
4 16 -40 24 20 -40 0 20 -20 0 20 -20 16 20
4 16 -40 24 20 -20 16 20 20 16 20 40 24 20
4 16 20 16 20 20 0 20 40 0 20 40 24 20
4 16 -20 16 -20 -20 0 -20 -40 0 -20 -40 24 -20
4 16 40 24 -20 20 16 -20 -20 16 -20 -40 24 -20
4 16 40 24 -20 40 0 -20 20 0 -20 20 16 -20
1 16 -42 5 0 0 1 0 1 0 0 0 0 1 p/wpin2.dat
1 16 42 5 0 0 -1 0 1 0 0 0 0 -1 p/wpin2.dat
1 16 -30 0 0 1 0 0 0 1 0 0 0 1 p/stug-2x1.dat
1 16 0 16 0 1 0 0 0 1 0 0 0 1 p/stug-2x2.dat
1 16 30 0 0 1 0 0 0 1 0 0 0 1 p/stug-2x1.dat
