0 BFC CERTIFY CCW
1 16 40 -20 0 0 -1 0 0 0 -1 1 0 0 p/connhol3.dat
1 16 -40 -20 0 0 1 0 0 0 -1 -1 0 0 p/connhol3.dat
1 16 0 0 0 1 0 0 0 1 0 0 0 1 parts/s/18938s01.dat
1 16 0 0 0 -1 0 0 0 1 0 0 0 1 parts/s/18938s01.dat
1 16 0 0 0 1 0 0 0 1 0 0 0 -1 parts/s/18938s01.dat
1 16 0 0 0 -1 0 0 0 1 0 0 0 -1 parts/s/18938s01.dat
1 16 0 0 0 1 0 0 0 1 0 0 0 1 parts/s/18938s02.dat
1 16 0 0 0 0.86603 0 0.5 0 1 0 -0.5 0 0.86603 parts/s/18938s02.dat
1 16 0 0 0 0.5 0 0.86603 0 1 0 -0.86603 0 0.5 parts/s/18938s02.dat
1 16 0 0 0 0 0 1 0 1 0 -1 0 0 parts/s/18938s02.dat
1 16 0 0 0 -0.5 0 0.86603 0 1 0 -0.86603 0 -0.5 parts/s/18938s02.dat
1 16 0 0 0 -0.86603 0 0.5 0 1 0 -0.5 0 -0.86603 parts/s/18938s02.dat
1 16 0 0 0 -1 0 0 0 1 0 0 0 -1 parts/s/18938s02.dat
1 16 0 0 0 -0.86603 0 -0.5 0 1 0 0.5 0 -0.86603 parts/s/18938s02.dat
1 16 0 0 0 -0.5 0 -0.86603 0 1 0 0.86603 0 -0.5 parts/s/18938s02.dat
1 16 0 0 0 0 0 -1 0 1 0 1 0 0 parts/s/18938s02.dat
1 16 0 0 0 0.5 0 -0.86603 0 1 0 0.86603 0 0.5 parts/s/18938s02.dat
1 16 0 0 0 0.86603 0 -0.5 0 1 0 0.5 0 0.86603 parts/s/18938s02.dat
