0 BFC CERTIFY CCW
1 16 0 0 28 9.5 0 0 0 0 9.5 0 1 0 p/4-4edge.dat
1 16 0 0 28 2.375 0 0 0 0 2.375 0 -1 0 p/4-4ring4.dat
1 16 0 0 8 3.8 0 0 0 0 3.8 0 -1 0 p/4-4ring3.dat
1 16 0 0 5 6 0 0 0 0 6 0 1 0 p/4-4ring2.dat
1 16 0 0 17 3 0 0 0 0 3 0 -1 0 p/4-4ring5.dat
0 BFC INVERTNEXT
1 16 0 0 5 9.5 0 0 0 0 9.5 0 23 0 p/4-4cyli.dat
1 16 0 0 5 18 0 0 0 0 18 0 12 0 p/4-4cylo.dat
0 BFC INVERTNEXT
1 16 0 0 8 15 0 0 0 0 15 0 9 0 p/4-4cylo.dat
1 16 0 0 28 11.875 0 0 0 0 11.875 0 -20 0 p/4-4cylo.dat
3 16 8.3969 -8.3969 28 7.1253 -9.2466 26 8.4853 -10.6066 26
4 16 8.4853 -10.6066 26 7.1253 -9.2466 26 7.1253 -9.2466 8 8.4853 -10.6066 8
3 16 10.6066 -8.4853 26 9.2466 -7.1253 26 8.3969 -8.3969 28
4 16 10.6066 -8.4853 8 9.2466 -7.1253 8 9.2466 -7.1253 26 10.6066 -8.4853 26
4 16 10.6066 -8.4853 8 10.6066 -8.4853 26 8.4853 -10.6066 26 8.4853 -10.6066 8
3 16 10.6066 -8.4853 26 8.3969 -8.3969 28 8.4853 -10.6066 26
3 16 8.3969 8.3969 28 9.2466 7.1253 26 10.6066 8.4853 26
4 16 10.6066 8.4853 26 9.2466 7.1253 26 9.2466 7.1253 8 10.6066 8.4853 8
3 16 8.4853 10.6066 26 7.1253 9.2466 26 8.3969 8.3969 28
4 16 8.4853 10.6066 8 7.1253 9.2466 8 7.1253 9.2466 26 8.4853 10.6066 26
4 16 8.4853 10.6066 8 8.4853 10.6066 26 10.6066 8.4853 26 10.6066 8.4853 8
3 16 8.4853 10.6066 26 8.3969 8.3969 28 10.6066 8.4853 26
3 16 -8.3969 8.3969 28 -7.1253 9.2466 26 -8.4853 10.6066 26
4 16 -8.4853 10.6066 26 -7.1253 9.2466 26 -7.1253 9.2466 8 -8.4853 10.6066 8
3 16 -10.6066 8.4853 26 -9.2466 7.1253 26 -8.3969 8.3969 28
4 16 -10.6066 8.4853 8 -9.2466 7.1253 8 -9.2466 7.1253 26 -10.6066 8.4853 26
4 16 -10.6066 8.4853 8 -10.6066 8.4853 26 -8.4853 10.6066 26 -8.4853 10.6066 8
3 16 -10.6066 8.4853 26 -8.3969 8.3969 28 -8.4853 10.6066 26
3 16 -8.3969 -8.3969 28 -9.2466 -7.1253 26 -10.6066 -8.4853 26
4 16 -10.6066 -8.4853 26 -9.2466 -7.1253 26 -9.2466 -7.1253 8 -10.6066 -8.4853 8
3 16 -8.4853 -10.6066 26 -7.1253 -9.2466 26 -8.3969 -8.3969 28
4 16 -8.4853 -10.6066 8 -7.1253 -9.2466 8 -7.1253 -9.2466 26 -8.4853 -10.6066 26
4 16 -8.4853 -10.6066 8 -8.4853 -10.6066 26 -10.6066 -8.4853 26 -10.6066 -8.4853 8
3 16 -8.4853 -10.6066 26 -8.3969 -8.3969 28 -10.6066 -8.4853 26
1 16 0 0 -28 -9.5 0 0 0 0 9.5 0 -1 0 p/4-4edge.dat
1 16 0 0 -28 -2.375 0 0 0 0 2.375 0 1 0 p/4-4ring4.dat
1 16 0 0 -8 -3.8 0 0 0 0 3.8 0 1 0 p/4-4ring3.dat
1 16 0 0 -5 -6 0 0 0 0 6 0 -1 0 p/4-4ring2.dat
1 16 0 0 -17 -3 0 0 0 0 3 0 1 0 p/4-4ring5.dat
0 BFC INVERTNEXT
1 16 0 0 -5 -9.5 0 0 0 0 9.5 0 -23 0 p/4-4cyli.dat
1 16 0 0 -5 -18 0 0 0 0 18 0 -12 0 p/4-4cylo.dat
0 BFC INVERTNEXT
1 16 0 0 -8 -15 0 0 0 0 15 0 -9 0 p/4-4cylo.dat
1 16 0 0 -28 -11.875 0 0 0 0 11.875 0 20 0 p/4-4cylo.dat
3 16 -8.3969 -8.3969 -28 -7.1253 -9.2466 -26 -8.4853 -10.6066 -26
4 16 -8.4853 -10.6066 -26 -7.1253 -9.2466 -26 -7.1253 -9.2466 -8 -8.4853 -10.6066 -8
3 16 -10.6066 -8.4853 -26 -9.2466 -7.1253 -26 -8.3969 -8.3969 -28
4 16 -10.6066 -8.4853 -8 -9.2466 -7.1253 -8 -9.2466 -7.1253 -26 -10.6066 -8.4853 -26
4 16 -10.6066 -8.4853 -8 -10.6066 -8.4853 -26 -8.4853 -10.6066 -26 -8.4853 -10.6066 -8
3 16 -10.6066 -8.4853 -26 -8.3969 -8.3969 -28 -8.4853 -10.6066 -26
3 16 -8.3969 8.3969 -28 -9.2466 7.1253 -26 -10.6066 8.4853 -26
4 16 -10.6066 8.4853 -26 -9.2466 7.1253 -26 -9.2466 7.1253 -8 -10.6066 8.4853 -8
3 16 -8.4853 10.6066 -26 -7.1253 9.2466 -26 -8.3969 8.3969 -28
4 16 -8.4853 10.6066 -8 -7.1253 9.2466 -8 -7.1253 9.2466 -26 -8.4853 10.6066 -26
4 16 -8.4853 10.6066 -8 -8.4853 10.6066 -26 -10.6066 8.4853 -26 -10.6066 8.4853 -8
3 16 -8.4853 10.6066 -26 -8.3969 8.3969 -28 -10.6066 8.4853 -26
3 16 8.3969 8.3969 -28 7.1253 9.2466 -26 8.4853 10.6066 -26
4 16 8.4853 10.6066 -26 7.1253 9.2466 -26 7.1253 9.2466 -8 8.4853 10.6066 -8
3 16 10.6066 8.4853 -26 9.2466 7.1253 -26 8.3969 8.3969 -28
4 16 10.6066 8.4853 -8 9.2466 7.1253 -8 9.2466 7.1253 -26 10.6066 8.4853 -26
4 16 10.6066 8.4853 -8 10.6066 8.4853 -26 8.4853 10.6066 -26 8.4853 10.6066 -8
3 16 10.6066 8.4853 -26 8.3969 8.3969 -28 8.4853 10.6066 -26
3 16 8.3969 -8.3969 -28 9.2466 -7.1253 -26 10.6066 -8.4853 -26
4 16 10.6066 -8.4853 -26 9.2466 -7.1253 -26 9.2466 -7.1253 -8 10.6066 -8.4853 -8
3 16 8.4853 -10.6066 -26 7.1253 -9.2466 -26 8.3969 -8.3969 -28
4 16 8.4853 -10.6066 -8 7.1253 -9.2466 -8 7.1253 -9.2466 -26 8.4853 -10.6066 -26
4 16 8.4853 -10.6066 -8 8.4853 -10.6066 -26 10.6066 -8.4853 -26 10.6066 -8.4853 -8
3 16 8.4853 -10.6066 -26 8.3969 -8.3969 -28 10.6066 -8.4853 -26
1 16 0 0 5 -4.59223 0 11.0866 -11.0866 0 -4.59223 0 -10 0 p/5-16cylo.dat
0 BFC INVERTNEXT
1 16 0 0 5 -3.63552 0 8.77688 -8.77688 0 -3.63552 0 -10 0 p/5-16cyli.dat
1 16 6.717 6.718 0 0 0.38268 -3.08202 0 0.92388 2.05934 -5 0 0 p/2-4ndis.dat
1 16 7.674 9.028 0 0 -0.38268 -3.08202 0 -0.92388 2.05934 -5 0 0 p/2-4ndis.dat
0 BFC INVERTNEXT
1 16 7.674 9.028 0 0 -0.95671 -3.08202 0 -2.3097 2.05934 -5 0 0 p/2-4cylo.dat
1 16 6.718 6.717 0 0 1.76777 -2.54328 0 1.76777 1.69936 3.5 0 0 p/2-4cylo.dat
1 16 8.486 8.485 0 0 -0.70711 -2.54328 0 -0.70711 1.69936 3.5 0 0 p/2-4chrd.dat
1 16 6.718 6.717 0 0 -0.53033 -2.54328 0 -0.53033 1.69936 3.5 0 0 p/2-8sphe.dat
1 16 6.718 6.717 0 0 -0.53033 1.69936 0 -0.53033 -2.54328 3.5 0 0 p/2-8sphe.dat
1 16 6.718 6.717 0 0 -0.70711 1.69936 0 -0.70711 -2.54328 3.5 0 0 p/2-4edge.dat
0 BFC INVERTNEXT
1 16 0 0 -3.5 6.71751 0 6.71751 6.71751 0 -6.71751 0 7 0 p/1-8cylo.dat
1 16 0 0 -3.5 8.48528 0 8.48528 8.48528 0 -8.48528 0 7 0 p/1-8cylo.dat
1 16 0 0 -3.5 0.35355 0 0.35355 0.35355 0 -0.35355 0 1 0 p/1-8rin19.dat
1 16 0 0 -3.5 1.41421 0 1.41421 1.41421 0 -1.41421 0 1 0 p/1-8ring5.dat
1 16 0 0 5 0.35355 0 0.35355 0.35355 0 -0.35355 0 1 0 p/1-8rin19.dat
1 16 0 0 5 1.41421 0 1.41421 1.41421 0 -1.41421 0 1 0 p/1-8ring5.dat
1 16 10.7503 0.0001 4.25 0 0 1.25 0 -1 0 0.75 0 0 p/rect.dat
3 16 7.6742 9.0276 5 8.4853 8.4853 5 6.7175 6.7175 5
1 16 0 0 3.5 0.35355 0 0.35355 0.35355 0 -0.35355 0 -1 0 p/1-8rin19.dat
1 16 0 0 3.5 1.41421 0 1.41421 1.41421 0 -1.41421 0 -1 0 p/1-8ring5.dat
1 16 0 0 -5 0.35355 0 0.35355 0.35355 0 -0.35355 0 -1 0 p/1-8rin19.dat
1 16 0 0 -5 1.41421 0 1.41421 1.41421 0 -1.41421 0 -1 0 p/1-8ring5.dat
1 16 10.7503 0.0001 -4.25 0 0 -1.25 0 -1 0 -0.75 0 0 p/rect.dat
3 16 6.7175 6.7175 -5 8.4853 8.4853 -5 7.6742 9.0276 -5
1 16 0 0 5 4.59223 0 -11.0866 11.0866 0 4.59223 0 -10 0 p/5-16cylo.dat
0 BFC INVERTNEXT
1 16 0 0 5 3.63552 0 -8.77688 8.77688 0 3.63552 0 -10 0 p/5-16cyli.dat
1 16 -6.717 -6.718 0 0 -0.38268 3.08202 0 -0.92388 -2.05934 -5 0 0 p/2-4ndis.dat
1 16 -7.674 -9.028 0 0 0.38268 3.08202 0 0.92388 -2.05934 -5 0 0 p/2-4ndis.dat
0 BFC INVERTNEXT
1 16 -7.674 -9.028 0 0 0.95671 3.08202 0 2.3097 -2.05934 -5 0 0 p/2-4cylo.dat
1 16 -6.718 -6.717 0 0 -1.76777 2.54328 0 -1.76777 -1.69936 3.5 0 0 p/2-4cylo.dat
1 16 -8.486 -8.485 0 0 0.70711 2.54328 0 0.70711 -1.69936 3.5 0 0 p/2-4chrd.dat
1 16 -6.718 -6.717 0 0 0.53033 2.54328 0 0.53033 -1.69936 3.5 0 0 p/2-8sphe.dat
1 16 -6.718 -6.717 0 0 0.53033 -1.69936 0 0.53033 2.54328 3.5 0 0 p/2-8sphe.dat
1 16 -6.718 -6.717 0 0 0.70711 -1.69936 0 0.70711 2.54328 3.5 0 0 p/2-4edge.dat
0 BFC INVERTNEXT
1 16 0 0 -3.5 -6.71751 0 -6.71751 -6.71751 0 6.71751 0 7 0 p/1-8cylo.dat
1 16 0 0 -3.5 -8.48528 0 -8.48528 -8.48528 0 8.48528 0 7 0 p/1-8cylo.dat
1 16 0 0 -3.5 -0.35355 0 -0.35355 -0.35355 0 0.35355 0 1 0 p/1-8rin19.dat
1 16 0 0 -3.5 -1.41421 0 -1.41421 -1.41421 0 1.41421 0 1 0 p/1-8ring5.dat
1 16 0 0 5 -0.35355 0 -0.35355 -0.35355 0 0.35355 0 1 0 p/1-8rin19.dat
1 16 0 0 5 -1.41421 0 -1.41421 -1.41421 0 1.41421 0 1 0 p/1-8ring5.dat
1 16 -10.7503 -0.0001 4.25 0 0 -1.25 0 1 0 0.75 0 0 p/rect.dat
3 16 -7.6742 -9.0276 5 -8.4853 -8.4853 5 -6.7175 -6.7175 5
1 16 0 0 3.5 -0.35355 0 -0.35355 -0.35355 0 0.35355 0 -1 0 p/1-8rin19.dat
1 16 0 0 3.5 -1.41421 0 -1.41421 -1.41421 0 1.41421 0 -1 0 p/1-8ring5.dat
1 16 0 0 -5 -0.35355 0 -0.35355 -0.35355 0 0.35355 0 -1 0 p/1-8rin19.dat
1 16 0 0 -5 -1.41421 0 -1.41421 -1.41421 0 1.41421 0 -1 0 p/1-8ring5.dat
1 16 -10.7503 -0.0001 -4.25 0 0 1.25 0 1 0 -0.75 0 0 p/rect.dat
3 16 -6.7175 -6.7175 -5 -8.4853 -8.4853 -5 -7.6742 -9.0276 -5
1 16 17.554 0 5 -8.77686 0 -3.63549 -3.63549 0 8.77686 0 15 0 p/1-8cylo.dat
1 16 17.554 0 5 -8.77686 0 -3.63549 -3.63549 0 8.77686 0 1 0 p/1-8chrd.dat
1 16 0 0 5 8.77686 0 3.63549 -3.63549 0 8.77686 0 1 0 p/1-8chrd.dat
1 16 0 0 5 8.77686 0 3.63549 -3.63549 0 8.77686 0 1 0 p/1-16edge.dat
1 16 0 0 5 8.77686 0 -3.63549 3.63549 0 8.77686 0 1 0 p/1-16edge.dat
1 16 0 0 20 8.77686 0 3.63549 -3.63549 0 8.77686 0 1 0 p/1-8edge.dat
1 16 17.554 0 20 -8.77686 0 -3.63549 -3.63549 0 8.77686 0 -1 0 p/1-8chrd.dat
1 16 0 0 20 8.77686 0 3.63549 -3.63549 0 8.77686 0 -1 0 p/1-8chrd.dat
1 16 17.554 0 -5 -8.77686 0 -3.63549 -3.63549 0 8.77686 0 -15 0 p/1-8cylo.dat
1 16 17.554 0 -5 -8.77686 0 -3.63549 -3.63549 0 8.77686 0 -1 0 p/1-8chrd.dat
1 16 0 0 -5 8.77686 0 3.63549 -3.63549 0 8.77686 0 -1 0 p/1-8chrd.dat
1 16 0 0 -5 8.77686 0 3.63549 -3.63549 0 8.77686 0 -1 0 p/1-16edge.dat
1 16 0 0 -5 8.77686 0 -3.63549 3.63549 0 8.77686 0 -1 0 p/1-16edge.dat
1 16 0 0 -20 8.77686 0 3.63549 -3.63549 0 8.77686 0 -1 0 p/1-8edge.dat
1 16 17.554 0 -20 -8.77686 0 -3.63549 -3.63549 0 8.77686 0 1 0 p/1-8chrd.dat
1 16 0 0 -20 8.77686 0 3.63549 -3.63549 0 8.77686 0 1 0 p/1-8chrd.dat
1 16 0 -17.554 -20 -3.63549 0 8.77686 8.77686 0 3.63549 0 40 0 p/1-8cylo.dat
1 16 0 -17.554 -20 -3.63549 0 8.77686 8.77686 0 3.63549 0 1 0 p/1-8chrd.dat
1 16 0 0 -20 -3.63549 0 8.77686 -8.77686 0 -3.63549 0 1 0 p/1-8chrd.dat
1 16 0 0 -20 -3.63549 0 8.77686 -8.77686 0 -3.63549 0 1 0 p/1-8edge.dat
1 16 0 0 20 -3.63549 0 8.77686 -8.77686 0 -3.63549 0 1 0 p/1-8edge.dat
1 16 0 -17.554 20 -3.63549 0 8.77686 8.77686 0 3.63549 0 -1 0 p/1-8chrd.dat
1 16 0 0 20 -3.63549 0 8.77686 -8.77686 0 -3.63549 0 -1 0 p/1-8chrd.dat
1 16 -17.554 0 5 8.77686 0 3.63549 3.63549 0 -8.77686 0 15 0 p/1-8cylo.dat
1 16 -17.554 0 5 8.77686 0 3.63549 3.63549 0 -8.77686 0 1 0 p/1-8chrd.dat
1 16 0 0 5 -8.77686 0 -3.63549 3.63549 0 -8.77686 0 1 0 p/1-8chrd.dat
1 16 0 0 5 -8.77686 0 -3.63549 3.63549 0 -8.77686 0 1 0 p/1-16edge.dat
1 16 0 0 5 -8.77686 0 3.63549 -3.63549 0 -8.77686 0 1 0 p/1-16edge.dat
1 16 0 0 20 -8.77686 0 -3.63549 3.63549 0 -8.77686 0 1 0 p/1-8edge.dat
1 16 -17.554 0 20 8.77686 0 3.63549 3.63549 0 -8.77686 0 -1 0 p/1-8chrd.dat
1 16 0 0 20 -8.77686 0 -3.63549 3.63549 0 -8.77686 0 -1 0 p/1-8chrd.dat
1 16 -17.554 0 -5 8.77686 0 3.63549 3.63549 0 -8.77686 0 -15 0 p/1-8cylo.dat
1 16 -17.554 0 -5 8.77686 0 3.63549 3.63549 0 -8.77686 0 -1 0 p/1-8chrd.dat
1 16 0 0 -5 -8.77686 0 -3.63549 3.63549 0 -8.77686 0 -1 0 p/1-8chrd.dat
1 16 0 0 -5 -8.77686 0 -3.63549 3.63549 0 -8.77686 0 -1 0 p/1-16edge.dat
1 16 0 0 -5 -8.77686 0 3.63549 -3.63549 0 -8.77686 0 -1 0 p/1-16edge.dat
1 16 0 0 -20 -8.77686 0 -3.63549 3.63549 0 -8.77686 0 -1 0 p/1-8edge.dat
1 16 -17.554 0 -20 8.77686 0 3.63549 3.63549 0 -8.77686 0 1 0 p/1-8chrd.dat
1 16 0 0 -20 -8.77686 0 -3.63549 3.63549 0 -8.77686 0 1 0 p/1-8chrd.dat
1 16 0 17.554 -20 3.63549 0 -8.77686 -8.77686 0 -3.63549 0 40 0 p/1-8cylo.dat
1 16 0 17.554 -20 3.63549 0 -8.77686 -8.77686 0 -3.63549 0 1 0 p/1-8chrd.dat
1 16 0 0 -20 3.63549 0 -8.77686 8.77686 0 3.63549 0 1 0 p/1-8chrd.dat
1 16 0 0 -20 3.63549 0 -8.77686 8.77686 0 3.63549 0 1 0 p/1-8edge.dat
1 16 0 0 20 3.63549 0 -8.77686 8.77686 0 3.63549 0 1 0 p/1-8edge.dat
1 16 0 17.554 20 3.63549 0 -8.77686 -8.77686 0 -3.63549 0 -1 0 p/1-8chrd.dat
1 16 0 0 20 3.63549 0 -8.77686 8.77686 0 3.63549 0 -1 0 p/1-8chrd.dat
