0 BFC CERTIFY CCW
4 16 7 0 -34 -7 0 -34 -9 0 -32 9 0 -32
1 16 0 -20 -40 0 0 1 -1 0 0 0 1 0 connhol3.dat
1 16 0 0 0 1 0 0 0 1 0 0 0 1 s\1936s01.dat
1 16 0 0 0 -1 0 0 0 1 0 0 0 1 s\1936s01.dat
1 16 0 0 -34 2 0 0 0 1 0 0 0 -2 2-4edge.dat
1 16 0 0 -34 2 0 0 0 -1 0 0 0 -2 2-4chrd.dat
4 16 6 -14 -32 1.414214 -12 -32 -1.414214 -12 -32 -6 -14 -32
4 16 -1.414214 -12 -32 1.414214 -12 -32 1.414214 -12 -28.335199 -1.4142135649907942845101493798225 -12 -28.335198952004069489365699894687
4 16 1.4142135645419739093717250334115 0 -28.331417796664002959162928096916 1.414214 0 -32 -1.414214 0 -32 -1.4142135645419739093717250334115 0 -28.331417796664002959162928096916
4 16 -1.4142135623730951331109735671193 -12 31.585786437626905035507832305135 -1.4142135623730953268971861786447 -12 28.33519895234059400353412283802 1.4142135623730953268971861786447 -12 28.33519895234059400353412283802 1.4142135623730951331109735671193 -12 31.585786437626905035507832305135
4 16 -1.4142135623730949644921676948654 -12 34.414213562373095133110973567119 -1.4142135623730951331109735671193 -12 31.585786437626905035507832305135 1.4142135623730951331109735671193 -12 31.585786437626905035507832305135 1.4142135623730949644921676948654 -12 34.414213562373095133110973567119
4 16 -1.414214 -12 40.698469 -1.4142135623730949644921676948654 -12 34.414213562373095133110973567119 1.4142135623730949644921676948654 -12 34.414213562373095133110973567119 1.414214 -12 40.698469
3 16 0 -12 40.791667 -1.414214 -12 40.698469 1.414214 -12 40.698469
3 16 -1.4142135623730947114428275365942 0 38.658886117728636287215261940117 0 0 38.752083 1.4142135623730947114428275365942 0 38.658886117728636287215261940117
4 16 -1.4142135623730947114428275365942 0 38.658886117728636287215261940117 1.4142135623730947114428275365942 0 38.658886117728636287215261940117 1.4142135623730949644921676948654 0 34.414213562373095133110973567119 -1.4142135623730949644921676948654 0 34.414213562373095133110973567119
4 16 -1.4142135623730949644921676948654 0 34.414213562373095133110973567119 1.4142135623730949644921676948654 0 34.414213562373095133110973567119 1.4142135623730951331109735671193 0 31.585786437626905035507832305135 -1.4142135623730951331109735671193 0 31.585786437626905035507832305135
4 16 -1.4142135623730951331109735671193 0 31.585786437626905035507832305135 1.4142135623730951331109735671193 0 31.585786437626905035507832305135 1.4142135623730953271226025955679 0 28.331417796942828302718571418633 -1.4142135623730953271226025955679 0 28.331417796942828302718571418633
