0 BFC CERTIFY CCW
1 16 0 0 0 1 0 0 0 1 0 0 0 1 s\19917s01.dat
1 16 0 0 0 -1 0 0 0 1 0 0 0 1 s\19917s01.dat
0 BFC INVERTNEXT
1 16 0 0 0 6.24 0 0 0 2 0 0 0 6.24 4-4cylo.dat
1 16 0 2 0 6.24 0 0 0 -1 0 0 0 6.24 4-4ndis.dat
1 16 0 0 0 2.08 0 0 0 1 0 0 0 2.08 4-4ring3.dat
0 BFC INVERTNEXT
1 16 0 -3.4 0 2.08 0 0 0 1 0 0 0 2.08 2-4con4.dat
1 16 0 -1.9 -11.15 3.6 0 0 0 1 0 0 0 -3.6 2-4chrd.dat
4 16 -3.6 -1.9 -11.15 3.6 -1.9 -11.15 3.326 -1.9 -9.772 -3.326 -1.9 -9.772
4 16 -3.326 -1.9 -9.772 3.326 -1.9 -9.772 2.546 -1.9 -8.604 -2.546 -1.9 -8.604
3 16 2.546 -1.9 -8.604 0 -1.9 -8.32 -2.546 -1.9 -8.604
0 BFC INVERTNEXT
1 16 0 -3.4 -11.15 1.2 0 0 0 1.5 0 0 0 -1.2 2-4con3.dat
1 16 0 -3.4 -11.15 4.8 0 0 0 1 0 0 0 -4.8 2-4edge.dat
1 16 0 -3.4 -11.15 4.8 0 0 0 1 0 0 0 -4.8 2-4ndis.dat
1 16 0 -1.9 -11.15 3.6 0 0 0 1 0 0 0 -3.6 2-4edge.dat
4 16 -4.866 -2.007 -20.267 -4.39 -2 -19.638 4.39 -2 -19.638 4.866 -2.007 -20.267
4 16 -4.39 -2 -19.638 -4.672 -1.768 -19.027 4.672 -1.768 -19.027 4.39 -2 -19.638
4 16 -4.672 -1.768 -19.027 -.648 .674 -12.736 .648 .674 -12.736 4.672 -1.768 -19.027
3 16 0 .73 -12.514 .648 .674 -12.736 -.648 .674 -12.736
4 16 -6.098 -2.844 -21.582 -6.345 -2.419 -21.298 6.345 -2.419 -21.298 6.098 -2.844 -21.582
4 16 -6.345 -2.419 -21.298 -4.866 -2.007 -20.267 4.866 -2.007 -20.267 6.345 -2.419 -21.298
4 16 6.098 -2.844 -21.582 6.166 -3.4 -21.7 -6.166 -3.4 -21.7 -6.098 -2.844 -21.582
3 16 6.166 -3.4 -21.7 0 -3.4 -15.95 -6.166 -3.4 -21.7
