0 BFC CERTIFY CCW
4 16 -10 24 10 -6 24 6 -6 24 -6 -10 24 -10
4 16 -10 24 -10 -6 24 -6 6 24 -6 10 24 -10
4 16 10 24 -10 6 24 -6 6 24 6 10 24 10
4 16 10 24 10 6 24 6 -6 24 6 -10 24 10
0 BFC INVERTNEXT
1 16 0 24 0 0 0 -6 0 -20 0 6 0 0 box5.dat
1 16 0 12 -10 0 0 -10 12 0 0 0 20 0 box3u2p.dat
4 16 10 0 -10 6.5 0 -10 6.5 10 -10 10 24 -10
3 16 -3.5 15.90693 -10 -6.5 15.90693 -10 -10 24 -10
3 16 6.5 15.90693 -10 3.5 15.90693 -10 10 24 -10
4 16 -10 24 -10 10 24 -10 3.5 15.90693 -10 -3.5 15.90693 -10
4 16 -3.5 15.90693 -10 3.5 15.90693 -10 3.5 10 -10 -3.5 10 -10
3 16 6.5 10 -10 6.5 15.90693 -10 10 24 -10
3 16 -6.5 15.90693 -10 -6.5 10 -10 -10 24 -10
4 16 -6.5 10 -10 -6.5 0 -10 -10 0 -10 -10 24 -10
1 16 0 7 -10 3.5 0 0 0 0 -3 0 1 0 rect3.dat
1 16 0 5.81427 -12.95347 0 0 3.5 1.81427 0 0 -2.95347 -1 0 rect2p.dat
4 16 -6.5 0 -10 6.5 0 -10 10 0 10 -10 0 10
3 16 -10 0 10 -10 0 -10 -6.5 0 -10
3 16 6.5 0 -10 10 0 -10 10 0 10
1 16 0 0 -11.75 0 0 -6.5 0 1 0 1.75 0 0 rect2p.dat
1 16 0 0 -20 0 0 -.5 0 1 0 .5 0 0 4-4rin12.dat
1 16 0 0 -20 -6.5 0 0 0 1 0 0 0 6.5 2-4ndis.dat
1 16 0 0 -20 -6.5 0 0 0 1 0 0 0 -6.5 2-4edge.dat
1 16 0 0 -20 0 0 -6.5 0 3 0 6.5 0 0 1-4cyls2.dat
1 16 0 0 -20 0 0 6.5 0 3 0 6.5 0 0 1-4cyls2.dat
1 16 0 0 0 0 0 1 0 1 0 -1 0 0 stud.dat
1 16 0 0 -20 0 0 4 0 1 0 4 0 0 4-4edge.dat
1 16 0 0 -20 0 0 6 0 1 0 6 0 0 4-4edge.dat
1 16 0 0 -20 0 0 1 0 1 0 1 0 0 stud2a.dat
0 BFC INVERTNEXT
1 16 0 0 -20 0 0 -3.5 0 5 0 3.5 0 0 4-4cylo.dat
1 16 0 0 -20 0 0 -.5 0 1 0 .5 0 0 4-4ring7.dat
1 16 0 5 -20 0 0 -3.5 0 1 0 3.5 0 0 4-4disc.dat
1 16 -10 8.95 -21.3 0 20 0 0 0 2.4 2.4 0 0 4-4cylo.dat
1 16 -10 8.95 -21.3 0 1 0 0 0 2.4 2.4 0 0 4-4disc.dat
1 16 10 8.95 -21.3 0 -1 0 0 0 2.4 2.4 0 0 4-4disc.dat
4 16 .5 2.43101 -27.56899 .5 .6318 -24.87627 -.5 .6318 -24.87627 -.5 2.43101 -27.56899
4 16 .5 2.43101 -27.56899 -.5 2.43101 -27.56899 -.5 5.12373 -29.3682 .5 5.12373 -29.3682
4 16 .5 5.12373 -29.3682 -.5 5.12373 -29.3682 -.5 8.3 -30 .5 8.3 -30
4 16 .5 8.3 -30 -.5 8.3 -30 -.5 11.24666 -29.41387 .5 11.24666 -29.41387
4 16 .5 13.74472 -27.74472 .5 11.24666 -29.41387 -.5 11.24666 -29.41387 -.5 13.74472 -27.74472
4 16 .5 15.41387 -25.24666 .5 13.74472 -27.74472 -.5 13.74472 -27.74472 -.5 15.41387 -25.24666
4 16 .5 15.41387 -25.24666 -.5 15.41387 -25.24666 -.5 16 -22.45 .5 16 -22.45
4 16 .5 15.49 -19.97602 .5 16 -22.45 -.5 16 -22.45 -.5 15.49 -19.97602
4 16 .5 13.98762 -17.73238 .5 15.49 -19.97602 -.5 15.49 -19.97602 -.5 13.98762 -17.73238
4 16 -.5 13.98762 -17.73238 -1.25 11.537232 -17 1.25 11.537232 -17 .5 13.98762 -17.73238
4 16 2.75 8.3 -17 1.25 11.537232 -17 -1.25 11.537232 -17 -2.75 8.3 -17
4 16 3.5 7.62854 -15.90694 2.75 8.3 -17 -2.75 8.3 -17 -3.5 7.62854 -15.90694
1 16 0 0 -10 -1 0 0 0 1 0 0 0 1 s\20310s01.dat
1 16 0 0 -10 1 0 0 0 1 0 0 0 1 s\20310s01.dat
