0 BFC CERTIFY CW
1 16 0 0 0 1 0 0 0 1 0 0 0 1 parts/s/2131s01.dat
1 16 0 0 0 -1 0 0 0 1 0 0 0 1 parts/s/2131s01.dat
4 16 20 126 20 20 20 20 -20 20 20 -20 126 20
4 16 20 20 20 20 2 20 -20 2 20 -20 20 20
1 16 40 134 -24 0 -1 0 2 0 0 0 0 -2 p/1-4disc.dat
3 16 40 136 18 40 136 -24 40 134 -24
3 16 40 134 -24 40 134 -26 40 102 -26
4 16 40 136 18 40 134 -24 40 102 -26 40 98 -26
4 16 40 136 18 40 98 -26 40 56 -26 40 20 18
3 16 40 20 18 40 56 -26 40 52 -26
3 16 40 20 18 40 52 -26 40 20 -26
4 16 37 20 -26 40 20 -26 40 52 -26 37 52 -26
4 16 37 56 -26 40 56 -26 40 98 -26 37 98 -26
3 16 37 102 -26 40 102 -26 37 120 -26
4 16 40 102 -26 40 134 -26 37 128 -26 37 120 -26
4 16 40 134 -26 36 134 -26 36 128 -26 37 128 -26
3 16 37 128 -26 36 128 -26 37 120 -26
1 16 -40 134 -24 0 1 0 2 0 0 0 0 -2 p/1-4disc.dat
3 16 -40 136 18 -40 134 -24 -40 136 -24
4 16 -40 136 18 -40 20 18 -40 20 -26 -40 134 -24
3 16 -40 134 -24 -40 20 -26 -40 134 -26
4 16 -40 20 -26 -37 20 -26 -37 120 -26 -40 134 -26
4 16 -40 134 -26 -37 120 -26 -36 128 -26 -36 134 -26
4 16 37 120 -26 36 128 -26 -36 128 -26 -37 120 -26
4 16 36 128 -26 36 128 -23 -36 128 -23 -36 128 -26
4 16 36 128 -23 36 122 -23 -36 122 -23 -36 128 -23
4 16 -20 126 20 -20 126 16 20 126 16 20 126 20
4 16 -20 126 16 -20 120 16 20 120 16 20 126 16
4 16 -20 120 16 -20 120 -18 20 120 -18 20 120 16
4 16 -20 120 -18 -20 122 -18 20 122 -18 20 120 -18
4 16 -20 122 -18 -20 122 -20 20 122 -20 20 122 -18
4 16 36 122 -23 20 122 -20 -20 122 -20 -36 122 -23
3 16 36 122 -20 20 122 -20 36 122 -23
3 16 -36 122 -20 -36 122 -23 -20 122 -20
1 16 0 0 0 1 0 0 0 1 0 0 0 1 p/stug2-2x2.dat
4 16 -20 0 -26 -20 0 18 20 0 18 20 0 -26
1 16 -20 2 18 0 40 0 -2 0 0 0 0 2 p/1-4cyli.dat
4 16 -20 3 -26 -20 0 -26 20 0 -26 20 3 -26
4 16 20 3 -26 20 3 18 -20 3 18 -20 3 -26
0 BFC INVERTNEXT
1 16 0 109 -20 27 0 0 0 0 9 0 38 0 p/box5.dat
4 16 -37 120 -20 -27 118 -20 27 118 -20 37 120 -20
4 16 -27 118 -20 -37 120 -20 -37 98 -20 -27 100 -20
4 16 37 120 -20 27 118 -20 32 102 -20 37 102 -20
4 16 32 102 -20 27 118 -20 27 100 -20 32 98 -20
4 16 -27 100 -20 -37 98 -20 32 98 -20 27 100 -20
4 16 37 102 -20 37 102 -26 37 120 -26 37 120 -20
4 16 37 98 -26 37 98 18 37 56 18 37 56 -26
4 16 37 52 -26 37 52 18 37 20 18 37 20 -26
4 16 -37 120 -26 -37 120 -20 37 120 -20 37 120 -26
3 16 -37 120 -26 -37 98 -20 -37 120 -20
4 16 -37 98 18 -37 98 -20 -37 56 -20 -37 56 18
4 16 -37 120 -26 -37 20 -26 -37 56 -20 -37 98 -20
3 16 -37 20 -26 -37 54 -20 -37 56 -20
4 16 -37 20 -26 -37 20 18 -37 54 18 -37 54 -20
1 16 -26 101 1 1 0 0 0 1 0 0 0 -17 p/box3-3.dat
1 16 26 101 1 -1 0 0 0 1 0 0 0 -17 p/box3-3.dat
4 16 -37 98 -20 -37 98 18 37 98 18 32 98 -20
1 16 -30 97 18 1 0 0 0 0 -1 0 -37 0 p/box4-1.dat
1 16 -18 97 18 1 0 0 0 0 -1 0 -37 0 p/box4-1.dat
1 16 -6 97 18 1 0 0 0 0 -1 0 -37 0 p/box4-1.dat
1 16 6 97 18 1 0 0 0 0 -1 0 -37 0 p/box4-1.dat
1 16 18 97 18 1 0 0 0 0 -1 0 -37 0 p/box4-1.dat
1 16 30 97 18 1 0 0 0 0 -1 0 -37 0 p/box4-1.dat
4 16 32 98 -20 37 98 18 37 98 -26 32 98 -26
4 16 32 102 -28 32 102 -20 32 98 -20 32 98 -28
1 16 36 102 -28 4 0 0 0 1 0 0 0 -4 p/2-4edge.dat
4 16 40 98 -28 40 98 -26 40 102 -26 40 102 -28
1 16 36 98 -28 4 0 0 0 1 0 0 0 -4 p/2-4edge.dat
1 16 36 98 -28 4 0 0 0 4 0 0 0 -4 p/2-4cyli.dat
4 16 32 102 -28 37 102 -26 37 102 -20 32 102 -20
4 16 32 102 -28 40 102 -28 40 102 -26 37 102 -26
1 16 36 102 -28 4 0 0 0 -1 0 0 0 -4 p/2-4disc.dat
1 16 36 98 -28 -2 0 0 0 1 0 0 0 2 p/2-4ndis.dat
0 BFC INVERTNEXT
1 16 36 98 -28 2 0 0 0 -1 0 0 0 2 p/bump5000.dat
1 16 36 98 -28 2 0 0 0 1 0 0 0 -2 p/2-4ring1.dat
4 16 32 98 -26 34 98 -26 34 98 -28 32 98 -28
4 16 38 98 -26 40 98 -26 40 98 -28 38 98 -28
4 16 -37 98 18 -37 56 18 37 56 18 37 98 18
4 16 32 56 -20 37 56 18 -37 56 18 -37 56 -20
1 16 -30 57 18 1 0 0 0 0 1 0 -37 0 p/box4-1.dat
1 16 -18 57 18 1 0 0 0 0 1 0 -37 0 p/box4-1.dat
1 16 -6 57 18 1 0 0 0 0 1 0 -37 0 p/box4-1.dat
1 16 6 57 18 1 0 0 0 0 1 0 -37 0 p/box4-1.dat
1 16 18 57 18 1 0 0 0 0 1 0 -37 0 p/box4-1.dat
1 16 30 57 18 1 0 0 0 0 1 0 -37 0 p/box4-1.dat
4 16 -37 54 -20 32 54 -20 32 56 -20 -37 56 -20
4 16 -37 54 18 32 54 18 32 54 -20 -37 54 -20
4 16 32 54 -20 32 54 18 32 52 18 32 52 -28
4 16 32 54 -20 32 52 -28 32 56 -28 32 56 -20
1 16 36 52 -28 4 0 0 0 4 0 0 0 -4 p/2-4cyli.dat
4 16 40 52 -28 40 52 -26 40 56 -26 40 56 -28
1 16 36 56 -28 4 0 0 0 1 0 0 0 -4 p/2-4edge.dat
4 16 37 56 18 32 56 -20 32 56 -26 37 56 -26
1 16 36 52 -28 4 0 0 0 1 0 0 0 -4 p/2-4edge.dat
1 16 36 52 -28 4 0 0 0 1 0 0 0 -4 p/2-4disc.dat
4 16 32 52 18 37 52 18 37 52 -26 32 52 -28
4 16 32 52 -28 37 52 -26 40 52 -26 40 52 -28
1 16 36 56 -28 -2 0 0 0 -1 0 0 0 2 p/2-4ndis.dat
0 BFC INVERTNEXT
1 16 36 56 -28 2 0 0 0 1 0 0 0 2 p/bump5000.dat
1 16 36 56 -28 2 0 0 0 -1 0 0 0 -2 p/2-4ring1.dat
4 16 32 56 -28 34 56 -28 34 56 -26 32 56 -26
4 16 38 56 -28 40 56 -28 40 56 -26 38 56 -26
4 16 20 20 18 -20 20 18 -20 3 18 20 3 18
3 16 -37 54 18 -37 20 18 -20 20 18
4 16 -37 54 18 -20 20 18 20 20 18 32 54 18
3 16 32 54 18 20 20 18 32 52 18
4 16 32 52 18 20 20 18 37 20 18 37 52 18
1 16 -37 81 -3 0 4 0 1 0 0 0 0 -21 p/box4-1.dat
1 16 -37 71 -3 0 4 0 1 0 0 0 0 -21 p/box4-1.dat
