0 BFC CERTIFY CCW
1 16 0 4 0 1 0 0 0 -1 0 0 0 1 p/stud3.dat
0 BFC INVERTNEXT
1 16 0 8 0 16 0 0 0 -4 0 0 0 6 p/box5.dat
4 16 20 8 10 16 8 6 -16 8 6 -20 8 10
4 16 -20 8 10 -16 8 6 -16 8 -6 -20 8 -10
4 16 -3.89 8 -10 -16 8 -6 16 8 -6 3.89 8 -10
3 16 -10 8 -10 -20 8 -10 -16 8 -6
3 16 -3.89 8 -10 -10 8 -10 -16 8 -6
3 16 16 8 -6 20 8 -10 10 8 -10
3 16 16 8 -6 10 8 -10 3.89 8 -10
4 16 20 8 -10 16 8 -6 16 8 6 20 8 10
1 16 0 8 0 20 0 0 0 -8 0 0 0 10 p/box4-1.dat
1 16 0 0 0 -1 0 0 0 1 0 0 0 -1 p/stug-1x2.dat
4 16 -20 0 -10 -10 2 -10 10 2 -10 20 0 -10
4 16 -20 8 -10 -10 8 -10 -10 2 -10 -20 0 -10
4 16 20 0 -10 10 2 -10 10 8 -10 20 8 -10
1 16 0 8 -11 3.89 0 0 0 1 0 0 0 1 p/recte3.dat
1 16 0 5 -12 3.53 0 -3.53 3.53 0 3.53 0 -1 0 p/1-4edge.dat
1 16 0 5 -10 3.53 0 -3.53 3.53 0 3.53 0 -1 0 p/1-4edge.dat
1 16 -3.71 8.265 -11 -0.18 1 0 -0.265 0 0 0 0 1 p/rect2p.dat
1 16 3.71 8.265 -11 0.18 -1 0 -0.265 0 0 0 0 -1 p/rect2p.dat
1 16 0 5 -10 3.53 0 -3.53 3.53 0 3.53 0 -2 0 p/1-4cyli.dat
1 16 0 5 -12 3.53 0 -3.53 3.53 0 3.53 0 1 0 p/1-4chrd.dat
4 16 3.53 8.53 -12 3.89 8 -12 -3.89 8 -12 -3.53 8.53 -12
1 16 0 5 -10 -3.53 0 3.53 3.53 0 3.53 0 -1 0 p/1-4chrd.dat
4 16 -3.53 8.53 -10 -3.89 8 -10 3.89 8 -10 3.53 8.53 -10
1 16 0 5 -12 0 0 1 1 0 0 0 1 0 p/wpin2a.dat
