0 BFC CERTIFY CCW
1 16 0 0 0 1 0 0 0 1 0 0 0 1 parts/s/21560s01.dat
1 16 0 0 0 -1 0 0 0 1 0 0 0 1 parts/s/21560s01.dat
1 16 0 20 0 0 0 -4 4 0 0 0 -16.5 0 p/4-4cyli.dat
1 16 0 0 0 0 0 -4 4 0 0 0 -16.5 0 p/4-4cyli.dat
1 16 0 20 0 0 0 -4 4 0 0 0 -1 0 p/4-4edge.dat
1 16 0 0 0 0 0 -4 4 0 0 0 -1 0 p/4-4edge.dat
1 16 0 20 0 0 0 -4 4 0 0 0 -1 0 p/4-4disc.dat
1 16 0 0 0 0 0 -4 4 0 0 0 -1 0 p/4-4disc.dat
3 16 1.75 -6.25 -11.375 0 -4 -11.376 -1.75 -6.25 -11.375
4 16 -1.75 -6.25 -11.375 -1.75 -6.25 -10 1.75 -6.25 -10 1.75 -6.25 -11.375
3 16 1.75 26 -11.375 -1.75 26 -11.375 0 24 -11.375
3 16 0 26.012 -10 -1.75 26 -11.375 1.75 26 -11.375
3 16 1.75 -6.25 -10 -1.75 -6.25 -10 0 -22.896 -10
4 16 7.081 29.09 -17.123 0 29.387 -17.868 -7.081 29.09 -17.123 0 28.797 -16.377
