0 BFC CERTIFY CCW
4 16 9 0 9 6 0 6 -6 0 6 -9 0 9
4 16 -9 0 9 -6 0 6 -6 0 -6 -9 0 -9
4 16 -9 0 -9 -6 0 -6 6 0 -6 9 0 -9
4 16 9 0 -9 6 0 -6 6 0 6 9 0 9
1 16 0 -1 0 9 0 0 0 1 0 0 0 9 p/box4.dat
4 16 10 -1 10 9 -1 9 -9 -1 9 -10 -1 10
4 16 -10 -1 10 -9 -1 9 -9 -1 -9 -10 -1 -10
4 16 -10 -1 -10 -9 -1 -9 9 -1 -9 10 -1 -10
4 16 10 -1 -10 9 -1 -9 9 -1 9 10 -1 10
0 BFC INVERTNEXT
1 16 0 0 0 6 0 0 0 -6 0 0 0 6 p/box4.dat
1 16 0 -9.5 0 -3 0 0 0 -1 0 0 0 3 p/rect.dat
4 16 6 -6 6 3 -9.5 3 -3 -9.5 3 -6 -6 6
4 16 -6 -6 6 -3 -9.5 3 -3 -9.5 -3 -6 -6 -6
4 16 -6 -6 -6 -3 -9.5 -3 3 -9.5 -3 6 -6 -6
4 16 6 -6 -6 3 -9.5 -3 3 -9.5 3 6 -6 6
1 16 0 -1 0 -10 0 0 0 -3 0 0 0 10 p/box4o4a.dat
1 16 0 -16 0 10 0 10 12 1 12 -10 0 10 p/triangle.dat
1 16 0 -16 0 -10 0 -10 12 1 12 10 0 -10 p/triangle.dat
3 16 0 -16 0 -10 -4 -10 10 -4 -10
3 16 0 -16 0 10 -4 10 -10 -4 10
