0 BFC CERTIFY CCW
0 BFC INVERTNEXT
1 16 -15 -2 0 0 0 -4 0 12 0 4 0 0 4-4cylc.dat
1 16 -15 10 0 0 0 4 0 -1 0 4 0 0 2-4ndis.dat
1 16 -15 10 0 0 0 -4 0 -1 0 4 0 0 2-4ring1.dat
1 16 -15 10 0 0 0 -2 0 -1 0 2 0 0 2-4ring4.dat
4 16 -11 10 4 -15 10 4 -15 10 10 -5 10 10
4 16 -11 10 4 -5 10 10 -5 10 8 -11 10 0
4 16 -15 10 -10 -15 10 -4 -11 10 -4 -5 10 -10
4 16 -5 10 -8 -5 10 -10 -11 10 -4 -11 10 0
3 16 -5 10 -8 -11 10 0 -5 10 8
1 16 -2.5 10 0 0 0 2.5 0 -1 0 8 0 0 rect3.dat
1 16 -15 10 0 0 0 -10 0 -1 0 10 0 0 2-4edge.dat
1 16 -15 10 0 0 .2 -10 0 -4.8 0 10 0 0 2-4cyli.dat
4 16 -15 10 -10 -5 10 -10 -9.8 5.2 -10 -14.8 5.2 -10
4 16 -14.8 5.2 10 -9.8 5.2 10 -5 10 10 -15 10 10
4 16 -5 10 10 -9.8 5.2 10 -9.8 .2 10 -5 0 10
4 16 -5 10 -10 -5 0 -10 -9.8 .2 -10 -9.8 5.2 -10
1 16 -5 0 0 0 -4.8 0 0 .2 -10 10 0 0 2-4cyli.dat
1 16 -9.8 5.2 10 -5 0 0 0 0 -5 0 -1 0 1-4disc.dat
1 16 -9.8 5.2 -10 -5 0 0 0 0 -5 0 1 0 1-4disc.dat
1 16 -9.8 5.2 0 -5 0 0 0 0 -5 0 -5 0 r04o2000.dat
1 16 -9.8 5.2 0 -5 0 0 0 0 -5 0 5 0 r04o2000.dat
1 16 -5 0 0 0 -1 0 0 0 -10 10 0 0 2-4edge.dat
1 16 -5 0 0 0 -1 0 0 0 -5 5 0 0 2-4ring1.dat
4 16 -5 0 -5 -5 0 -10 -5 10 -10 -5 10 -8
4 16 -5 0 5 -5 10 8 -5 10 10 -5 0 10
1 16 0 0 0 0 -5 0 -2.87013 0 -6.9291 6.9291 0 -2.87013 3-8cylo.dat
4 16 -5 10 -8 0 10 -8 0 -2.8703 -6.9293 -5 -2.8701 -6.929
4 16 0 10 8 -5 10 8 -5 -2.8701 6.9291 0 -2.8701 6.9291
1 16 0 0 0 0 -1 0 0 0 4 4 0 0 4-4ndis.dat
1 16 0 0 0 0 -1 0 -7.5 0 0 0 0 -7.5 3-16chrd.dat
1 16 0 0 0 0 -1 0 -7.5 0 0 0 0 7.5 3-16chrd.dat
3 16 0 -7.5 0 0 -4 -4 0 -4 0
3 16 0 -2.8703 -6.9293 0 -4 -4 0 -7.5 0
4 16 0 0 -4 0 -4 -4 0 -2.8703 -6.9293 0 10 -8
4 16 0 -2.8701 6.9291 0 -4 4 0 0 4 0 10 8
3 16 0 -2.8701 6.9291 0 -7.5 0 0 -4 4
3 16 0 -4 4 0 -7.5 0 0 -4 0
3 16 0 4 0 0 4 -4 0 10 -8
3 16 0 0 4 0 4 4 0 10 8
4 16 0 4 4 0 4 0 0 10 -8 0 10 8
3 16 0 4 -4 0 0 -4 0 10 -8
0 BFC INVERTNEXT
1 16 -8 0 0 0 8 0 0 0 4 4 0 0 4-4cylc.dat
