0 BFC CERTIFY CW
1 16 0 0 0 4 0 0 0 10 0 0 0 4 4-4cyli.dat
1 16 0 0 0 4 0 0 0 1 0 0 0 4 4-4edge.dat
1 16 0 0 0 4 0 0 0 1 0 0 0 4 4-4disc.dat
1 16 0 4 0 2 0 0 0 1 0 0 0 2 4-4edge.dat
1 16 0 10 0 2 0 0 0 1 0 0 0 2 4-4edge.dat
1 16 0 4 0 2 0 0 0 -1 0 0 0 2 4-4disc.dat
0 BFC INVERTNEXT
1 16 0 4 0 2 0 0 0 6 0 0 0 2 4-4cyli.dat
1 16 0 10 0 2 0 0 0 -1 0 0 0 2 4-4ring1.dat
1 16 0 10 0 4 0 0 0 1 0 0 0 4 4-4edge.dat
1 16 0 6.5 -18 5.5 0 0 0 4.28 -1.55 0 1.39 4.76 8-8sphe.dat
1 16 -12 6.5 -18 5.5 0 0 0 4.3 -1.46 0 1.32 4.78 8-8sphe.dat
1 16 2.5 5.91 -16.09 0 0 -15 -4.68 15.3 0 15.3 4.68 0 t04i0625.dat
1 16 2.5 5.91 -16.09 0 0 -15 -4.68 -15.3 0 15.3 -4.68 0 t04i0625.dat
1 16 2.5 5.91 -16.09 0 0 -15 -4.68 15.3 0 15.3 4.68 0 t04o0625.dat
1 16 2.5 5.91 -16.09 0 0 -15 -4.68 -15.3 0 15.3 -4.68 0 t04o0625.dat
1 16 5 3.1 -7.54 -6.52 0 -3.95 -1.72 7.23 2.51 5.29 2.35 -7.74 t04i1304.dat
1 16 5 3.1 -7.54 -6.52 0 -3.95 -1.72 -7.23 2.51 5.29 -2.35 -7.74 t04i1304.dat
1 16 5 3.1 -7.54 -6.52 0 -3.95 -1.72 7.23 2.51 5.29 2.35 -7.74 t04o1304.dat
1 16 5 3.1 -7.54 -6.52 0 -3.95 -1.72 -7.23 2.51 5.29 -2.35 -7.74 t04o1304.dat
