0 BFC CERTIFY CCW
1 16 0 -14 -26 -6 0 0 0 0 6 0 -4 0 p/4-4cylo.dat
0 BFC INVERTNEXT
1 16 0 -14 -30 -1 0 0 0 0 1 0 40 0 p/4-4cylo.dat
1 16 0 -14 -30 -1 0 0 0 0 1 0 1 0 p/4-4ring1.dat
1 16 0 -14 -30 -2 0 0 0 0 2 0 1 0 p/4-4ring1.dat
1 16 0 -14 -30 -2 0 0 0 0 2 0 1 0 p/4-4ring2.dat
1 16 0 -14 10 -1 0 0 0 0 1 0 -1 0 p/4-4ring1.dat
1 16 0 -14 10 -2 0 0 0 0 2 0 -1 0 p/4-4ring1.dat
1 16 0 -14 10 -2 0 0 0 0 2 0 -1 0 p/4-4ring2.dat
1 16 0 -14 -10 -6 0 0 0 0 6 0 20 0 p/4-4cylo.dat
1 16 0 -14 -10 -2 0 0 0 0 2 0 -16 0 p/4-4con2.dat
1 16 0 -14 -26 -2 0 0 0 0 2 0 -1 0 p/4-4ring2.dat
1 16 0 -14 -26 -4 0 0 0 0 4 0 -1 0 p/4-4edge.dat
1 16 0 8 0 -4 0 0 0 -16 0 0 0 4 p/4-4cyli.dat
1 16 0 8 0 -4 0 0 0 1 0 0 0 4 p/4-4edge.dat
1 16 0 8 0 -4 0 0 0 -1 0 0 0 4 p/4-4disc.dat
1 16 0 -8 0 -1 0 0 0 1 0 0 0 1 p/cylj4x6.dat
1 16 -10 -30 0 0 20 0 -4 0 0 0 0 4 p/4-4cylc.dat
1 16 10 -30 0 0 -1 0 -4 0 0 0 0 4 p/4-4disc.dat
1 16 0 -28.0171 -.2611 -4 0 0 0 11.89734 .26105 0 -1.56631 1.98289 p/box4o8a.dat
