0 BFC CERTIFY CCW
1 16 0 0 0 0 -1 0 0 0 1 -1 0 0 clip13.dat
1 16 4 7 0 0 -1 0 0 0 3.5 -4 0 0 2-4edge.dat
1 16 0 7 -4 -4 0 0 0 0 3.5 0 1 0 2-4edge.dat
1 16 0 7 4 4 0 0 0 0 3.5 0 -1 0 2-4edge.dat
1 16 4 7 0 0 -1 0 0 0 3.5 -4 0 0 2-4chrd.dat
1 16 0 7 4 4 0 0 0 0 3.5 0 -1 0 2-4chrd.dat
1 16 -4 7 0 0 1 0 0 0 3.5 4 0 0 2-4edge.dat
1 16 0 7 -4 -4 0 0 0 0 3.5 0 1 0 2-4chrd.dat
1 16 -4 7 0 0 1 0 0 0 3.5 4 0 0 2-4chrd.dat
1 16 0 6.75 -4 4 0 0 0 0 -0.25 0 1 0 rect3.dat
1 16 0 5.34825 -5.1628 0 0 4 1.15175 -1 0 1.1628 0 0 rect2p.dat
1 16 0 6.75 4 -4 0 0 0 0 -0.25 0 -1 0 rect3.dat
1 16 0 5.34825 5.1628 0 0 4 -1.15175 -1 0 1.1628 0 0 rect2p.dat
4 16 4 4.1965 6.3256 4 4.1965 -6.3256 4 6.5 -4 4 6.5 4
4 16 4 6.5 4 4 6.5 -4 4 7 -4 4 7 4
4 16 -4 7 -4 -4 6.5 -4 -4 6.5 4 -4 7 4
4 16 -4 4.1965 -6.3256 -4 4.1965 6.3256 -4 6.5 4 -4 6.5 -4
1 16 0 7 0 0 -4 0 0 0 3.5 -4 0 0 1-8sphc.dat
1 16 0 7 0 0 -4 0 0 0 3.5 4 0 0 1-8sphc.dat
1 16 0 7 0 0 4 0 0 0 3.5 -4 0 0 1-8sphc.dat
1 16 0 7 0 0 4 0 0 0 3.5 4 0 0 1-8sphc.dat
1 16 0 24.5 0 -6 0 0 0 5 0 0 0 6 4-4cylc.dat
1 16 0 29.5 0 6 0 0 0 -1 0 0 0 6 4-4disc.dat
1 16 0 24.5 0 4 0 0 0 1 0 0 0 4 4-4edge.dat
1 16 0 29.5 0 4 0 0 0 -1 0 0 0 4 4-4edge.dat
1 16 0 46 0 4 0 0 0 -35.5 0 0 0 4 4-4cylo.dat
1 16 0 46 0 5.33333 0 0 0 1 0 0 0 5.33333 2-4disc.dat
1 16 0 50 0 1 0 0 0 -1 0 0 0 -1 stud4o.dat
1 16 0 54 0 8 0 0 0 -6.4 0 0 0 8 2-4cylo.dat
1 16 0 47.6 0 2.66667 0 0 0 -1.6 0 0 0 2.66667 2-4con2.dat
0 BFC INVERTNEXT
1 16 0 54 -9.4 0.9 0 0 0 -8 0 0 0 1 8\2-4cylo.dat
1 16 0 54 -9.4 0.9 0 0 0 -1 0 0 0 1 8\2-4ndis.dat
1 16 0 46 -9.4 0.9 0 0 0 1 0 0 0 1 8\2-4ndis.dat
0 BFC INVERTNEXT
1 16 4.2 54 -8 0.9 0 0 0 -8 0 0 0 1 8\2-4cylo.dat
1 16 4.2 54 -8 0.9 0 0 0 -1 0 0 0 1 8\2-4ndis.dat
1 16 4.2 46 -8 0.9 0 0 0 1 0 0 0 1 8\2-4ndis.dat
1 16 8 50.8 -4.25 0 -1 0 -3.2 0 0 0 0 -4.25 rect3.dat
4 16 8 47.6 -8.5 5.1 46 -8.5 5.1 54 -8.5 8 54 -8.5
4 16 0.9 46 -10.2 3.3 46 -10.2 3.3 46 -8 0.9 46 -9.4
4 16 0.9 46 -8.4 0.9 46 -9.4 3.3 46 -8 3.3 46 -7
4 16 0.9 46 -8.4 3.3 46 -7 0 46 0 0 46 -8.4
1 16 2.1 50 -10.2 -1.2 0 0 0 0 4 0 1 0 rect.dat
1 16 3.3 50 -9.1 0 -1 0 0 0 -4 1.1 0 0 rect2p.dat
1 16 0.9 50 -9.8 0 1 0 0 0 4 0.4 0 0 rect2p.dat
1 16 5.1 50 -8.25 0 1 0 4 0 0 0 0 -0.25 rect3.dat
4 16 8 54 -8.5 5.1 54 -8.5 5.1 54 -8 5.6568 54 -5.6568
3 16 5.1 54 -7 3.3 54 -7 5.6568 54 -5.6568
3 16 5.1 54 -7 5.6568 54 -5.6568 5.1 54 -8
3 16 8 54 -8.5 5.6568 54 -5.6568 7.3912 54 -3.0616
3 16 8 54 -8.5 7.3912 54 -3.0616 8 54 0
3 16 3.0616 54 -7.3912 3.3 54 -7 3.3 54 -8
3 16 0.9 54 -8.4 0 54 -8.4 0 54 -8
4 16 3.3 54 -8 3.3 54 -10.2 0.9 54 -10.2 0.9 54 -8.4
4 16 3.0616 54 -7.3912 3.3 54 -8 0.9 54 -8.4 0 54 -8
3 16 8 47.6 -8.5 8 47.6 0 5.3333 46 0
3 16 5.3333 46 0 5.1 46 -7 8 47.6 -8.5
4 16 5.1 46 -7 5.3333 46 0 0 46 0 3.3 46 -7
3 16 5.1 46 -7 5.1 46 -8 8 47.6 -8.5
3 16 8 47.6 -8.5 5.1 46 -8 5.1 46 -8.5
0 BFC INVERTNEXT
1 16 -4.2 54 -8 -0.9 0 0 0 -8 0 0 0 1 8\2-4cylo.dat
1 16 -4.2 54 -8 -0.9 0 0 0 -1 0 0 0 1 8\2-4ndis.dat
1 16 -4.2 46 -8 -0.9 0 0 0 1 0 0 0 1 8\2-4ndis.dat
4 16 -8 47.6 0 -8 54 0 -8 54 -8.5 -8 47.6 -8.5
4 16 -5.1 54 -8.5 -5.1 46 -8.5 -8 47.6 -8.5 -8 54 -8.5
4 16 -3.3 46 -8 -3.3 46 -10.2 -0.9 46 -10.2 -0.9 46 -9.4
4 16 -3.3 46 -8 -0.9 46 -9.4 -0.9 46 -8.4 -3.3 46 -7
4 16 0 46 0 -3.3 46 -7 -0.9 46 -8.4 0 46 -8.4
1 16 -2.1 50 -10.2 0 0 -1.2 -4 0 0 0 1 0 rect.dat
1 16 -3.3 50 -9.1 0 1 0 0 0 -4 -1.1 0 0 rect2p.dat
4 16 -0.9 46 -9.4 -0.9 46 -10.2 -0.9 54 -10.2 -0.9 54 -9.4
1 16 -5.1 50 -8.25 0 -1 0 -4 0 0 0 0 -0.25 rect3.dat
4 16 -5.1 54 -8 -5.1 54 -8.5 -8 54 -8.5 -5.6568 54 -5.6568
3 16 -3.3 54 -7 -5.1 54 -7 -5.6568 54 -5.6568
3 16 -5.6568 54 -5.6568 -5.1 54 -7 -5.1 54 -8
3 16 -5.6568 54 -5.6568 -8 54 -8.5 -7.3912 54 -3.0616
3 16 -7.3912 54 -3.0616 -8 54 -8.5 -8 54 0
3 16 -3.3 54 -7 -3.0616 54 -7.3912 -3.3 54 -8
3 16 0 54 -8.4 -0.9 54 -8.4 0 54 -8
4 16 -0.9 54 -10.2 -3.3 54 -10.2 -3.3 54 -8 -0.9 54 -8.4
4 16 -0.9 54 -8.4 -3.3 54 -8 -3.0616 54 -7.3912 0 54 -8
3 16 -8 47.6 0 -8 47.6 -8.5 -5.3333 46 0
3 16 -5.1 46 -7 -5.3333 46 0 -8 47.6 -8.5
4 16 0 46 0 -5.3333 46 0 -5.1 46 -7 -3.3 46 -7
3 16 -5.1 46 -8 -5.1 46 -7 -8 47.6 -8.5
3 16 -5.1 46 -8 -8 47.6 -8.5 -5.1 46 -8.5
