0 BFC CERTIFY CCW
1 16 0 0 0 1 0 0 0 1 0 0 0 1 parts/s/23801s01.dat
1 16 0 0 0 -1 0 0 0 1 0 0 0 1 parts/s/23801s01.dat
0 BFC INVERTNEXT
1 16 0 0 -30 5.35757 0 -12.9343 12.9343 0 5.35757 0 8 0 p/1-8cylo.dat
0 BFC INVERTNEXT
1 16 0 0 -30 -5.35757 0 12.9343 -12.9343 0 -5.35757 0 8 0 p/1-8cylo.dat
1 16 0 0 -30 16.8 0 0 0 0 16.8 0 15 0 p/4-4cyli.dat
1 16 0 0 -30 28 0 0 0 0 28 0 12 0 p/4-4cyli.dat
1 16 0 0 -30 2 0 0 0 0 2 0 1 0 p/4-4rin13.dat
1 16 0 0 -30 1 0 0 0 0 1 0 1 0 p/4-4rin25.dat
1 16 0 0 -30 1.07151 0 -2.58686 2.58686 0 1.07151 0 1 0 p/1-8ring5.dat
1 16 0 0 -30 -1.07151 0 2.58686 -2.58686 0 -1.07151 0 1 0 p/1-8ring5.dat
1 16 0 0 -30 28 0 0 0 0 28 0 1 0 p/4-4edge.dat
1 16 0 0 -30 16.8 0 0 0 0 16.8 0 1 0 p/4-4edge.dat
1 16 0 20 0 1 0 0 0 -1 0 0 0 1 p/connhol3.dat
1 16 0 29.5 0 9 0 0 0 0.5 0 0 0 9 p/4-4cyli.dat
1 16 0 27 0 9 0 0 0 2.5 0 0 0 9 p/2-4cyli.dat
1 16 0 12 0 9 0 0 0 15 0 0 0 9 p/2-4cyli.dat
1 16 0 30 0 9 0 0 0 1 0 0 0 9 p/4-4edge.dat
1 16 0 29.5 0 9 0 0 0 1 0 0 0 -9 p/2-4edge.dat
1 16 0 29.5 0 9 0 0 0 -1 0 0 0 -9 p/2-4ndis.dat
1 16 0 12 0 8.31492 0 -3.44415 0 1 0 3.44415 0 8.31492 p/3-8edge.dat
1 16 0 12 0 -8 0 0 0 1 0 0 0 -8 p/2-4ndis.dat
1 16 0 12 0 2 0 0 0 1 0 0 0 2 p/4-4ring3.dat
1 16 0 12 0 0.92388 0 -0.38268 0 1 0 0.38268 0 0.92388 p/3-8ring8.dat
1 16 0 -27 0 9 0 0 0 -3 0 0 0 9 p/4-4cyli.dat
1 16 0 -12 0 9 0 0 0 -15 0 0 0 9 p/2-4cyli.dat
1 16 0 -30 0 9 0 0 0 -1 0 0 0 9 p/4-4edge.dat
1 16 0 -12 0 8.31492 0 -3.44415 0 -1 0 3.44415 0 8.31492 p/3-8edge.dat
1 16 0 -12 0 -8 0 0 0 -1 0 0 0 -8 p/2-4ndis.dat
1 16 0 -12 0 2 0 0 0 -1 0 0 0 2 p/4-4ring3.dat
1 16 0 -12 0 0.92388 0 -0.38268 0 -1 0 0.38268 0 0.92388 p/3-8ring8.dat
1 16 0 -25 0 -8.31492 0 3.44415 0 11 0 -3.44415 0 -8.31492 p/3-8cyli.dat
1 16 0 24.512 -30 -2.5 0 0 0 0 -2.5 0 -1 0 p/2-4edge.dat
1 16 0 24.512 -30 -2.5 0 0 0 0 -2.5 0 1 0 p/2-4disc.dat
3 16 2.5 24.512 -30 -2.5 24.512 -30 0 25 -30
1 16 0 24.512 -30 -2.5 0 0 0 0 -2.5 0 22 0 p/2-4cyli.dat
1 16 0 0 -15 11.8794 0 -11.8794 11.8794 0 11.8794 0 8.7 0 p/1-4cyli.dat
1 16 0 14 0 -8.31492 0 3.44415 0 11 0 -3.44415 0 -8.31492 p/3-8cyli.dat
1 16 0 0 -30 -9.56709 0 23.097 -23.097 0 -9.56709 0 1 0 p/1-8edge.dat
1 16 0 0 -15 6.42908 0 -15.5212 -15.5212 0 -6.42908 0 8.7 0 p/1-8cyli.dat
0 BFC INVERTNEXT
1 16 0 0 -30 -9.56709 0 23.097 -23.097 0 -9.56709 0 23.7 0 p/1-8cyli.dat
1 16 0 -20 0 -1 0 0 0 1 0 0 0 1 p/connhol3.dat
