0 BFC CERTIFY CCW
4 16 -40 16 -60 -36 16 -56 36 16 -56 40 16 -60
3 16 40 16 -60 36 16 -56 36 16 -44
3 16 -36 16 -44 -36 16 -56 -40 16 -60
4 16 40 16 -60 36 16 -44 36 16 -40 40 16 40
4 16 -36 16 -40 -36 16 -44 -40 16 -60 -40 16 40
4 16 -40 16 40 40 16 40 36 16 36 -36 16 36
3 16 -40 16 40 -36 16 36 -36 16 -40
3 16 36 16 36 40 16 40 36 16 -40
3 16 36 16 -44 28 16 -40 36 16 -40
3 16 28 16 -40 36 16 -44 26 16 -40
3 16 26 16 -40 36 16 -44 14 16 -40
3 16 14 16 -40 36 16 -44 12 16 -40
3 16 12 16 -40 36 16 -44 8 16 -40
3 16 8 16 -40 36 16 -44 6 16 -40
3 16 6 16 -40 36 16 -44 -6 16 -40
3 16 -6 16 -40 36 16 -44 -36 16 -44
3 16 -8 16 -40 -6 16 -40 -36 16 -44
3 16 -36 16 -44 -36 16 -40 -28 16 -40
3 16 -36 16 -44 -28 16 -40 -26 16 -40
3 16 -36 16 -44 -26 16 -40 -14 16 -40
3 16 -36 16 -44 -14 16 -40 -12 16 -40
3 16 -36 16 -44 -12 16 -40 -8 16 -40
1 16 0 16 -10 40 0 0 0 1 0 0 0 50 recte3.dat
0 BFC INVERTNEXT
1 16 -32 10 -2 0 0 -4 6 0 0 0 -38 0 box2-5.dat
0 BFC INVERTNEXT
1 16 32 10 -2 0 0 4 6 0 0 0 -38 0 box2-5.dat
1 16 -20 10 -40 6 0 0 0 0 6 0 -1 0 rect.dat
1 16 0 10 -40 6 0 0 0 0 6 0 -1 0 rect.dat
1 16 20 10 -40 6 0 0 0 0 6 0 -1 0 rect.dat
1 16 -10 10 -40 2 0 0 0 0 6 0 -1 0 rect.dat
1 16 10 10 -40 2 0 0 0 0 6 0 -1 0 rect.dat
4 16 22 12 36 -22 12 36 -36 16 36 36 16 36
4 16 36 16 36 36 4 36 22 4 36 22 12 36
4 16 -22 4 36 -36 4 36 -36 16 36 -22 12 36
1 16 0 4 -20 1 0 0 0 -3 0 0 0 1 stug4-1x3.dat
1 16 20 12 20 1 0 0 0 -1 0 0 0 1 stud4a.dat
1 16 -20 12 20 1 0 0 0 -1 0 0 0 1 stud4a.dat
1 16 0 12 0 1 0 0 0 -1 0 0 0 1 stud4a.dat
1 16 20 12 0 1 0 0 0 -1 0 0 0 1 stud4a.dat
1 16 -20 12 0 1 0 0 0 -1 0 0 0 1 stud4a.dat
1 16 0 12 20 1 0 0 0 -1 0 0 0 1 stud4h.dat
1 16 -20 4 -40 1 0 0 0 -3 0 0 0 1 2-4stud4.dat
1 16 0 4 -40 1 0 0 0 -3 0 0 0 1 2-4stud4.dat
1 16 20 4 -40 1 0 0 0 -3 0 0 0 1 2-4stud4.dat
1 16 0 12 20 8 0 0 0 -1 0 0 0 8 4-4ndis.dat
3 16 22 12 -2 8 12 12 8 12 20
3 16 22 12 -2 8 12 20 22 12 36
3 16 22 12 36 8 12 20 8 12 28
3 16 22 12 36 8 12 28 0 12 28
3 16 22 12 36 0 12 28 -8 12 28
3 16 8 12 12 22 12 -2 0 12 12
3 16 0 12 12 22 12 -2 -8 12 12
3 16 -8 12 12 22 12 -2 -22 12 -2
3 16 -8 12 12 -22 12 -2 -8 12 20
3 16 -8 12 20 -22 12 -2 -8 12 28
3 16 -8 12 28 -22 12 -2 -22 12 36
3 16 -8 12 28 -22 12 36 22 12 36
1 16 20 12 20 8 0 0 0 -8 0 0 0 8 3-16cyli.dat
1 16 20 12 20 8 0 0 0 -8 0 0 0 -8 3-16cyli.dat
0 BFC INVERTNEXT
1 16 20 12 20 6 0 0 0 -8 0 0 0 6 3-16cyli.dat
0 BFC INVERTNEXT
1 16 20 12 20 6 0 0 0 -8 0 0 0 -6 3-16cyli.dat
1 16 20 4 20 8 0 0 0 1 0 0 0 8 3-16edge.dat
1 16 20 4 20 6 0 0 0 1 0 0 0 6 3-16edge.dat
1 16 20 4 20 8 0 0 0 1 0 0 0 -8 3-16edge.dat
1 16 20 4 20 6 0 0 0 1 0 0 0 -6 3-16edge.dat
1 16 22.5308 8 12.5033 0 -1 -.5308 -4 0 0 0 0 -.10555 rect2a.dat
1 16 22.1481 8 14.4272 -.1481 1 0 0 0 -4 -.02945 0 0 rect2a.dat
1 16 22.1481 8 25.5728 0 1 -.1481 -4 0 0 0 0 .02945 rect2a.dat
1 16 22.5308 8 27.4967 -.5308 -1 0 0 0 -4 .10555 0 0 rect2a.dat
1 16 -20 12 20 -8 0 0 0 -8 0 0 0 -8 3-16cyli.dat
1 16 -20 12 20 -8 0 0 0 -8 0 0 0 8 3-16cyli.dat
0 BFC INVERTNEXT
1 16 -20 12 20 -6 0 0 0 -8 0 0 0 -6 3-16cyli.dat
0 BFC INVERTNEXT
1 16 -20 12 20 -6 0 0 0 -8 0 0 0 6 3-16cyli.dat
1 16 -20 4 20 -8 0 0 0 1 0 0 0 -8 3-16edge.dat
1 16 -20 4 20 -6 0 0 0 1 0 0 0 -6 3-16edge.dat
1 16 -20 4 20 -8 0 0 0 1 0 0 0 8 3-16edge.dat
1 16 -20 4 20 -6 0 0 0 1 0 0 0 6 3-16edge.dat
1 16 -22.5308 8 27.4967 0 1 .5308 -4 0 0 0 0 .10555 rect2a.dat
1 16 -22.1481 8 25.5728 .1481 -1 0 0 0 -4 .02945 0 0 rect2a.dat
1 16 -22.1481 8 14.4272 0 -1 .1481 -4 0 0 0 0 -.02945 rect2a.dat
1 16 -22.5308 8 12.5033 .5308 1 0 0 0 -4 -.10555 0 0 rect2a.dat
1 16 20 12 0 8 0 0 0 -8 0 0 0 -8 7-16cyli.dat
1 16 20 12 0 8 0 0 0 -8 0 0 0 8 3-16cyli.dat
0 BFC INVERTNEXT
1 16 20 12 0 6 0 0 0 -8 0 0 0 -6 7-16cyli.dat
0 BFC INVERTNEXT
1 16 20 12 0 6 0 0 0 -8 0 0 0 6 3-16cyli.dat
1 16 20 4 0 8 0 0 0 1 0 0 0 -8 7-16edge.dat
1 16 20 4 0 6 0 0 0 1 0 0 0 -6 7-16edge.dat
1 16 20 4 0 8 0 0 0 1 0 0 0 8 3-16edge.dat
1 16 20 4 0 6 0 0 0 1 0 0 0 6 3-16edge.dat
1 16 22.5308 8 7.4967 -.5308 -1 0 0 0 -4 .10555 0 0 rect2a.dat
1 16 22.1481 8 5.5728 0 1 -.1481 -4 0 0 0 0 .02945 rect2a.dat
1 16 14.4272 8 -2.1481 -.02945 -1 0 0 0 -4 .1481 0 0 rect2a.dat
1 16 12.5033 8 -2.5308 0 1 -.10555 -4 0 0 0 0 .5308 rect2a.dat
1 16 -20 12 0 -8 0 0 0 -8 0 0 0 -8 7-16cyli.dat
1 16 -20 12 0 -8 0 0 0 -8 0 0 0 8 3-16cyli.dat
0 BFC INVERTNEXT
1 16 -20 12 0 -6 0 0 0 -8 0 0 0 -6 7-16cyli.dat
0 BFC INVERTNEXT
1 16 -20 12 0 -6 0 0 0 -8 0 0 0 6 3-16cyli.dat
1 16 -20 4 0 -8 0 0 0 1 0 0 0 -8 7-16edge.dat
1 16 -20 4 0 -6 0 0 0 1 0 0 0 -6 7-16edge.dat
1 16 -20 4 0 -8 0 0 0 1 0 0 0 8 3-16edge.dat
1 16 -20 4 0 -6 0 0 0 1 0 0 0 6 3-16edge.dat
1 16 -22.5308 8 7.4967 .5308 1 0 0 0 -4 .10555 0 0 rect2a.dat
1 16 -22.1481 8 5.5728 0 -1 .1481 -4 0 0 0 0 .02945 rect2a.dat
1 16 -14.4272 8 -2.1481 .02945 1 0 0 0 -4 .1481 0 0 rect2a.dat
1 16 -12.5033 8 -2.5308 0 -1 .10555 -4 0 0 0 0 .5308 rect2a.dat
1 16 0 12 0 0 0 8 0 -8 0 -8 0 0 3-16cyli.dat
1 16 0 12 0 0 0 -8 0 -8 0 -8 0 0 3-16cyli.dat
0 BFC INVERTNEXT
1 16 0 12 0 0 0 6 0 -8 0 -6 0 0 3-16cyli.dat
0 BFC INVERTNEXT
1 16 0 12 0 0 0 -6 0 -8 0 -6 0 0 3-16cyli.dat
1 16 0 4 0 0 0 8 0 1 0 -8 0 0 3-16edge.dat
1 16 0 4 0 0 0 6 0 1 0 -6 0 0 3-16edge.dat
1 16 0 4 0 0 0 -8 0 1 0 -8 0 0 3-16edge.dat
1 16 0 4 0 0 0 -6 0 1 0 -6 0 0 3-16edge.dat
1 16 -7.4967 8 -2.5308 0 0 -.10555 -4 0 0 0 1 .5308 rect2a.dat
1 16 -5.5728 8 -2.1481 -.02945 0 0 0 0 -4 .1481 -1 0 rect2a.dat
1 16 5.5728 8 -2.1481 0 0 .02945 -4 0 0 0 -1 .1481 rect2a.dat
1 16 7.4967 8 -2.5308 .10555 0 0 0 0 -4 .5308 1 0 rect2a.dat
1 16 0 8 36 0 0 -22 4 0 0 0 -38 0 box3u2p.dat
1 16 -20 12 20 0 0 6 0 1 0 6 0 0 2-4edge.dat
1 16 -20 12 20 0 0 8 0 1 0 8 0 0 2-4edge.dat
1 16 20 12 20 0 0 -6 0 1 0 6 0 0 2-4edge.dat
1 16 20 12 20 0 0 -8 0 1 0 8 0 0 2-4edge.dat
1 16 -20 12 0 8 0 0 0 1 0 0 0 8 1-4edge.dat
1 16 -20 12 0 6 0 0 0 1 0 0 0 6 1-4edge.dat
1 16 0 12 0 8 0 0 0 1 0 0 0 8 2-4edge.dat
1 16 0 12 0 6 0 0 0 1 0 0 0 6 2-4edge.dat
1 16 20 12 0 -8 0 0 0 1 0 0 0 8 1-4edge.dat
1 16 20 12 0 -6 0 0 0 1 0 0 0 6 1-4edge.dat
4 16 22 4 -2 22 4 36 36 4 36 36 4 -40
4 16 22 4 -2 36 4 -40 -36 4 -40 -22 4 -2
4 16 -22 4 36 -22 4 -2 -36 4 -40 -36 4 36
1 16 0 8 20 6 0 0 0 1 0 0 0 6 4-4ndis.dat
3 16 20 8 0 6 8 14 0 8 14
4 16 0 8 14 -6 8 14 -20 8 0 20 8 0
4 16 -6 8 14 -6 8 20 -20 8 40 -20 8 0
3 16 -6 8 20 -6 8 26 -20 8 40
3 16 0 8 26 -20 8 40 -6 8 26
4 16 6 8 26 20 8 40 -20 8 40 0 8 26
3 16 20 8 40 6 8 26 6 8 20
4 16 20 8 40 6 8 20 6 8 14 20 8 0
0 BFC INVERTNEXT
1 16 0 4 40 0 0 -20 4 0 0 0 -40 0 box3u2p.dat
4 16 20 0 40 40 0 40 40 16 40 20 8 40
4 16 20 8 40 40 16 40 -40 16 40 -20 8 40
4 16 -20 8 40 -40 16 40 -40 0 40 -20 0 40
4 16 -40 0 -40 -40 0 40 -40 16 40 -40 16 -60
4 16 40 0 40 40 0 -40 40 16 -60 40 16 40
4 16 -40 0 -40 -20 0 0 -20 0 40 -40 0 40
4 16 20 0 0 -20 0 0 -40 0 -40 40 0 -40
4 16 40 0 40 20 0 40 20 0 0 40 0 -40
1 16 0 8 20 0 0 -1 0 1 0 1 0 0 stug-2x2.dat
1 16 -30 0 0 0 0 -1 0 1 0 1 0 0 stug-1x4.dat
1 16 30 0 0 0 0 -1 0 1 0 1 0 0 stug-1x4.dat
1 16 0 0 -20 0 0 -1 0 1 0 1 0 0 stug-2x2.dat
1 16 -42 5 -20 0 1 0 -1 0 0 0 0 1 wpin2.dat
1 16 42 5 -20 0 -1 0 -1 0 0 0 0 1 wpin2.dat
0 BFC INVERTNEXT
1 16 0 16 -50 36 0 0 0 -36 0 0 0 6 box5.dat
1 16 25 -20 -46.5 1.5 0 -1.5 0 35.5 0 1.5 0 1.5 tri3a4.dat
1 16 25 -20 -44.5 0 0 1.5 0 35.5 0 -.5 0 0 box3u4p.dat
1 16 15 -20 -46.5 1.5 0 -1.5 0 35.5 0 1.5 0 1.5 tri3a4.dat
1 16 15 -20 -44.5 0 0 1.5 0 35.5 0 -.5 0 0 box3u4p.dat
1 16 5 -20 -46.5 1.5 0 -1.5 0 35.5 0 1.5 0 1.5 tri3a4.dat
1 16 5 -20 -44.5 0 0 1.5 0 35.5 0 -.5 0 0 box3u4p.dat
1 16 -5 -20 -46.5 1.5 0 -1.5 0 35.5 0 1.5 0 1.5 tri3a4.dat
1 16 -5 -20 -44.5 0 0 1.5 0 35.5 0 -.5 0 0 box3u4p.dat
1 16 -15 -20 -46.5 1.5 0 -1.5 0 35.5 0 1.5 0 1.5 tri3a4.dat
1 16 -15 -20 -44.5 0 0 1.5 0 35.5 0 -.5 0 0 box3u4p.dat
1 16 -25 -20 -46.5 1.5 0 -1.5 0 35.5 0 1.5 0 1.5 tri3a4.dat
1 16 -25 -20 -44.5 0 0 1.5 0 35.5 0 -.5 0 0 box3u4p.dat
1 16 -25 -20 -53.5 -1.5 0 1.5 0 35.5 0 -1.5 0 -1.5 tri3a4.dat
1 16 -25 -20 -55.5 0 0 -1.5 0 35.5 0 .5 0 0 box3u4p.dat
1 16 -15 -20 -53.5 -1.5 0 1.5 0 35.5 0 -1.5 0 -1.5 tri3a4.dat
1 16 -15 -20 -55.5 0 0 -1.5 0 35.5 0 .5 0 0 box3u4p.dat
1 16 -5 -20 -53.5 -1.5 0 1.5 0 35.5 0 -1.5 0 -1.5 tri3a4.dat
1 16 -5 -20 -55.5 0 0 -1.5 0 35.5 0 .5 0 0 box3u4p.dat
1 16 5 -20 -53.5 -1.5 0 1.5 0 35.5 0 -1.5 0 -1.5 tri3a4.dat
1 16 5 -20 -55.5 0 0 -1.5 0 35.5 0 .5 0 0 box3u4p.dat
1 16 15 -20 -53.5 -1.5 0 1.5 0 35.5 0 -1.5 0 -1.5 tri3a4.dat
1 16 15 -20 -55.5 0 0 -1.5 0 35.5 0 .5 0 0 box3u4p.dat
1 16 25 -20 -53.5 -1.5 0 1.5 0 35.5 0 -1.5 0 -1.5 tri3a4.dat
1 16 25 -20 -55.5 0 0 -1.5 0 35.5 0 .5 0 0 box3u4p.dat
1 16 0 -20 -45.8451 0 0 -.95675 0 25.5 0 1.8451 0 0 box3u4p.dat
1 16 0 -20 -54.1549 0 0 -.95675 0 25.5 0 1.8451 0 0 box3u4p.dat
4 16 .9567 5.5 -52.3097 -.9568 5.5 -52.3098 -.9568 5.5 -47.6903 .9567 5.5 -47.6903
1 16 0 -20 -50 .956709 0 2.309699 0 25.5 0 -2.309699 0 .956709 3-8cylo.dat
1 16 0 -20 -50 -.956709 0 -2.309699 0 25.5 0 -2.309699 0 .956709 3-8cylo.dat
1 16 0 5.5 -50 .956709 0 2.309699 0 -1 0 -2.309699 0 .956709 3-8chrd.dat
1 16 0 5.5 -50 -.956709 0 -2.309699 0 -1 0 -2.309699 0 .956709 3-8chrd.dat
4 16 40 8 -60 40 16 -60 40 0 -40 40 -24 -40
4 16 -40 8 -60 -40 -24 -40 -40 0 -40 -40 16 -60
1 16 0 -12 -40 0 0 40 -12 0 0 0 -1 0 rect.dat
1 16 0 12 -60 -40 0 0 0 0 4 0 1 0 rect.dat
4 16 -40 8 -60 -34.2426 6.855139 -65.7574 -35.510118 6.478 -67.654 -40 6.478 -67.654
3 16 -34.2426 6.855139 -65.7574 -40 8 -60 -32.2962 7.113804 -64.4566
3 16 -32.2962 7.113804 -64.4566 -40 8 -60 -30 7.204599 -64
3 16 -30 7.204599 -64 -40 8 -60 -10 7.204599 -64
4 16 -10 7.204599 -64 -40 8 -60 40 8 -60 10 7.204599 -64
3 16 10 7.204599 -64 40 8 -60 30 7.204599 -64
3 16 30 7.204599 -64 40 8 -60 32.2962 7.113804 -64.4566
4 16 32.2962 7.113804 -64.4566 40 8 -60 40 6.478 -67.654 34.2426 6.855139 -65.7574
3 16 34.2426 6.855139 -65.7574 40 6.478 -67.654 35.510118 6.478 -67.654
4 16 40 6.478 -67.654 40 2.142 -74.142 35.729195 4 -71.361856 36 4.910143 -70
4 16 -36 4.910143 -70 -35.729195 4 -71.361856 -40 2.142 -74.142 -40 6.478 -67.654
3 16 -40 6.478 -67.654 -35.510118 6.478 -67.654 -36 4.910143 -70
3 16 36 4.910143 -70 35.510118 6.478 -67.654 40 6.478 -67.654
4 16 15.729195 4 -71.361856 16 4.910143 -70 24 4.910143 -70 24.270805 4 -71.361856
4 16 15.510118 6.478 -67.654 24.489882 6.478 -67.654 24 4.910143 -70 16 4.910143 -70
4 16 -4.270805 4 -71.361856 -4 4.910143 -70 4 4.910143 -70 4.270805 4 -71.361856
4 16 4.489882 6.478 -67.654 4 4.910143 -70 -4 4.910143 -70 -4.4566 6.444718 -67.7038
4 16 5.7574 6.855139 -65.7574 4.489882 6.478 -67.654 -4.4566 6.444718 -67.7038 -5.7574 6.855139 -65.7574
4 16 5.7574 6.855139 -65.7574 -5.7574 6.855139 -65.7574 -7.7038 7.113804 -64.4566 7.7038 7.113804 -64.4566
4 16 7.7038 7.113804 -64.4566 -7.7038 7.113804 -64.4566 -10 7.204599 -64 10 7.204599 -64
4 16 24.489882 6.478 -67.654 15.510118 6.478 -67.654 14.2426 6.855139 -65.7574 25.7574 6.855139 -65.7574
4 16 12.2962 7.113804 -64.4566 27.7038 7.113804 -64.4566 25.7574 6.855139 -65.7574 14.2426 6.855139 -65.7574
4 16 27.7038 7.113804 -64.4566 12.2962 7.113804 -64.4566 10 7.204599 -64 30 7.204599 -64
4 16 -24.270805 4 -71.361856 -24 4.910143 -70 -16 4.910143 -70 -15.729195 4 -71.361856
4 16 -16 4.910143 -70 -24 4.910143 -70 -24.489882 6.478 -67.654 -15.510118 6.478 -67.654
4 16 -14.2426 6.855139 -65.7574 -15.510118 6.478 -67.654 -24.489882 6.478 -67.654 -25.7574 6.855139 -65.7574
4 16 -14.2426 6.855139 -65.7574 -25.7574 6.855139 -65.7574 -27.7038 7.113804 -64.4566 -12.2962 7.113804 -64.4566
4 16 -30 7.204599 -64 -10 7.204599 -64 -12.2962 7.113804 -64.4566 -27.7038 7.113804 -64.4566
3 16 35.729195 4 -71.361856 40 2.142 -74.142 24.270805 4 -71.361856
3 16 24.270805 4 -71.361856 40 2.142 -74.142 15.729195 4 -71.361856
3 16 15.729195 4 -71.361856 40 2.142 -74.142 4.270805 4 -71.361856
3 16 4.270805 4 -71.361856 40 2.142 -74.142 -4.270805 4 -71.361856
4 16 -15.729195 4 -71.361856 -4.270805 4 -71.361856 40 2.142 -74.142 -40 2.142 -74.142
3 16 -15.729195 4 -71.361856 -40 2.142 -74.142 -24.270805 4 -71.361856
3 16 -24.270805 4 -71.361856 -40 2.142 -74.142 -35.729195 4 -71.361856
1 16 30 4 -70 6 0 0 0 -1 0 0 0 6 2-4chrd.dat
1 16 30 4 -70 6 0 0 0 -1 0 0 0 6 2-4edge.dat
4 16 24 4 -70 36 4 -70 35.729195 4 -71.361856 24.270805 4 -71.361856
4 16 24 4 -70 24 4.910143 -70 24.489882 6.478 -67.654 24.4566 4 -67.7038
4 16 27.7038 4 -64.4566 25.7574 4 -65.7574 25.7574 6.855139 -65.7574 27.7038 7.113804 -64.4566
4 16 30 4 -64 27.7038 4 -64.4566 27.7038 7.113804 -64.4566 30 7.204599 -64
4 16 32.2962 4 -64.4566 30 4 -64 30 7.204599 -64 32.2962 7.113804 -64.4566
4 16 34.2426 4 -65.7574 32.2962 4 -64.4566 32.2962 7.113804 -64.4566 34.2426 6.855139 -65.7574
4 16 36 4.910143 -70 36 4 -70 35.5434 4 -67.7038 35.510118 6.478 -67.654
3 16 24 4.910143 -70 24 4 -70 24.270805 4 -71.361856
3 16 35.729195 4 -71.361856 36 4 -70 36 4.910143 -70
4 16 25.7574 6.855139 -65.7574 25.7574 4 -65.7574 24.4566 4 -67.7038 24.489882 6.478 -67.654
4 16 35.5434 4 -67.7038 34.2426 4 -65.7574 34.2426 6.855139 -65.7574 35.510118 6.478 -67.654
1 16 10 4 -70 6 0 0 0 -1 0 0 0 6 2-4chrd.dat
1 16 10 4 -70 6 0 0 0 -1 0 0 0 6 2-4edge.dat
4 16 4 4 -70 16 4 -70 15.729195 4 -71.361856 4.270805 4 -71.361856
4 16 4 4 -70 4 4.910143 -70 4.489882 6.478 -67.654 4.4566 4 -67.7038
4 16 7.7038 4 -64.4566 5.7574 4 -65.7574 5.7574 6.855139 -65.7574 7.7038 7.113804 -64.4566
4 16 10 4 -64 7.7038 4 -64.4566 7.7038 7.113804 -64.4566 10 7.204599 -64
4 16 12.2962 4 -64.4566 10 4 -64 10 7.204599 -64 12.2962 7.113804 -64.4566
4 16 14.2426 4 -65.7574 12.2962 4 -64.4566 12.2962 7.113804 -64.4566 14.2426 6.855139 -65.7574
4 16 16 4.910143 -70 16 4 -70 15.5434 4 -67.7038 15.510118 6.478 -67.654
3 16 4 4.910143 -70 4 4 -70 4.270805 4 -71.361856
3 16 15.729195 4 -71.361856 16 4 -70 16 4.910143 -70
4 16 5.7574 6.855139 -65.7574 5.7574 4 -65.7574 4.4566 4 -67.7038 4.489882 6.478 -67.654
4 16 15.5434 4 -67.7038 14.2426 4 -65.7574 14.2426 6.855139 -65.7574 15.510118 6.478 -67.654
1 16 -10 4 -70 6 0 0 0 -1 0 0 0 6 2-4chrd.dat
1 16 -10 4 -70 6 0 0 0 -1 0 0 0 6 2-4edge.dat
4 16 -16 4 -70 -4 4 -70 -4.270805 4 -71.361856 -15.729195 4 -71.361856
4 16 -16 4 -70 -16 4.910143 -70 -15.510118 6.478 -67.654 -15.5434 4 -67.7038
4 16 -12.2962 4 -64.4566 -14.2426 4 -65.7574 -14.2426 6.855139 -65.7574 -12.2962 7.113804 -64.4566
4 16 -10 4 -64 -12.2962 4 -64.4566 -12.2962 7.113804 -64.4566 -10 7.204599 -64
4 16 -7.7038 4 -64.4566 -10 4 -64 -10 7.204599 -64 -7.7038 7.113804 -64.4566
4 16 -5.7574 4 -65.7574 -7.7038 4 -64.4566 -7.7038 7.113804 -64.4566 -5.7574 6.855139 -65.7574
4 16 -4 4.910143 -70 -4 4 -70 -4.4566 4 -67.7038 -4.4566 6.444718 -67.7038
3 16 -16 4.910143 -70 -16 4 -70 -15.729195 4 -71.361856
3 16 -4.270805 4 -71.361856 -4 4 -70 -4 4.910143 -70
4 16 -14.2426 6.855139 -65.7574 -14.2426 4 -65.7574 -15.5434 4 -67.7038 -15.510118 6.478 -67.654
4 16 -4.4566 4 -67.7038 -5.7574 4 -65.7574 -5.7574 6.855139 -65.7574 -4.4566 6.444718 -67.7038
1 16 -30 4 -70 6 0 0 0 -1 0 0 0 6 2-4chrd.dat
1 16 -30 4 -70 6 0 0 0 -1 0 0 0 6 2-4edge.dat
4 16 -36 4 -70 -24 4 -70 -24.270805 4 -71.361856 -35.729195 4 -71.361856
4 16 -36 4 -70 -36 4.910143 -70 -35.510118 6.478 -67.654 -35.5434 4 -67.7038
4 16 -32.2962 4 -64.4566 -34.2426 4 -65.7574 -34.2426 6.855139 -65.7574 -32.2962 7.113804 -64.4566
4 16 -30 4 -64 -32.2962 4 -64.4566 -32.2962 7.113804 -64.4566 -30 7.204599 -64
4 16 -27.7038 4 -64.4566 -30 4 -64 -30 7.204599 -64 -27.7038 7.113804 -64.4566
4 16 -25.7574 4 -65.7574 -27.7038 4 -64.4566 -27.7038 7.113804 -64.4566 -25.7574 6.855139 -65.7574
4 16 -24 4.910143 -70 -24 4 -70 -24.4566 4 -67.7038 -24.489882 6.478 -67.654
3 16 -36 4.910143 -70 -36 4 -70 -35.729195 4 -71.361856
3 16 -24.270805 4 -71.361856 -24 4 -70 -24 4.910143 -70
4 16 -34.2426 6.855139 -65.7574 -34.2426 4 -65.7574 -35.5434 4 -67.7038 -35.510118 6.478 -67.654
4 16 -24.4566 4 -67.7038 -25.7574 4 -65.7574 -25.7574 6.855139 -65.7574 -24.489882 6.478 -67.654
1 16 30 -24 -70 1 0 0 0 1 0 0 0 1 stud2a.dat
1 16 30 -24 -70 6 0 0 0 14 0 0 0 6 4-4cyli.dat
0 BFC INVERTNEXT
1 16 30 -24 -70 3.5 0 0 0 16.5 0 0 0 3.5 4-4cyli.dat
1 16 30 -24 -70 3.5 0 0 0 1 0 0 0 3.5 4-4edge.dat
1 16 30 -24 -70 4 0 0 0 1 0 0 0 4 4-4edge.dat
1 16 30 -24 -70 .5 0 0 0 1 0 0 0 .5 4-4ring7.dat
0 BFC INVERTNEXT
1 16 30 -7.5 -70 0 0 3.5 0 3.5 0 -3.5 0 0 4-4cylse.dat
1 16 30 -10 -70 0 0 6 0 6 0 -6 0 0 4-4cylse.dat
1 16 -30 -24 -70 1 0 0 0 1 0 0 0 1 stud2a.dat
1 16 10 -24 -70 6 0 0 0 14 0 0 0 6 4-4cyli.dat
0 BFC INVERTNEXT
1 16 10 -24 -70 3.5 0 0 0 16.5 0 0 0 3.5 4-4cyli.dat
1 16 10 -24 -70 3.5 0 0 0 1 0 0 0 3.5 4-4edge.dat
1 16 10 -24 -70 4 0 0 0 1 0 0 0 4 4-4edge.dat
1 16 10 -24 -70 .5 0 0 0 1 0 0 0 .5 4-4ring7.dat
0 BFC INVERTNEXT
1 16 10 -7.5 -70 0 0 3.5 0 3.5 0 -3.5 0 0 4-4cylse.dat
1 16 10 -10 -70 0 0 6 0 6 0 -6 0 0 4-4cylse.dat
1 16 -10 -24 -70 1 0 0 0 1 0 0 0 1 stud2a.dat
1 16 -10 -24 -70 6 0 0 0 14 0 0 0 6 4-4cyli.dat
0 BFC INVERTNEXT
1 16 -10 -24 -70 3.5 0 0 0 16.5 0 0 0 3.5 4-4cyli.dat
1 16 -10 -24 -70 3.5 0 0 0 1 0 0 0 3.5 4-4edge.dat
1 16 -10 -24 -70 4 0 0 0 1 0 0 0 4 4-4edge.dat
1 16 -10 -24 -70 .5 0 0 0 1 0 0 0 .5 4-4ring7.dat
0 BFC INVERTNEXT
1 16 -10 -7.5 -70 0 0 3.5 0 3.5 0 -3.5 0 0 4-4cylse.dat
1 16 -10 -10 -70 0 0 6 0 6 0 -6 0 0 4-4cylse.dat
1 16 10 -24 -70 1 0 0 0 1 0 0 0 1 stud2a.dat
1 16 -30 -24 -70 6 0 0 0 14 0 0 0 6 4-4cyli.dat
0 BFC INVERTNEXT
1 16 -30 -24 -70 3.5 0 0 0 16.5 0 0 0 3.5 4-4cyli.dat
1 16 -30 -24 -70 3.5 0 0 0 1 0 0 0 3.5 4-4edge.dat
1 16 -30 -24 -70 4 0 0 0 1 0 0 0 4 4-4edge.dat
1 16 -30 -24 -70 .5 0 0 0 1 0 0 0 .5 4-4ring7.dat
0 BFC INVERTNEXT
1 16 -30 -7.5 -70 0 0 3.5 0 3.5 0 -3.5 0 0 4-4cylse.dat
1 16 -30 -10 -70 0 0 6 0 6 0 -6 0 0 4-4cylse.dat
3 16 -29 -24 -78 -29 -24 -75.8011 -30 -24 -76
3 16 -29 -24 -78 -30 -24 -76 -31 -24 -78
3 16 -31 -24 -78 -30 -24 -76 -31 -24 -75.8011
4 16 -31 -24 -75.8011 -31 -9.8011 -75.8011 -31 -12 -78 -31 -24 -78
4 16 -29 -9.8011 -75.8011 -29 -24 -75.8011 -29 -24 -78 -29 -12 -78
3 16 -9 -24 -78 -9 -24 -75.8011 -10 -24 -76
3 16 -9 -24 -78 -10 -24 -76 -11 -24 -78
3 16 -11 -24 -78 -10 -24 -76 -11 -24 -75.8011
4 16 -11 -24 -75.8011 -11 -9.8011 -75.8011 -11 -12 -78 -11 -24 -78
4 16 -9 -9.8011 -75.8011 -9 -24 -75.8011 -9 -24 -78 -9 -12 -78
3 16 11 -24 -78 11 -24 -75.8011 10 -24 -76
3 16 11 -24 -78 10 -24 -76 9 -24 -78
3 16 9 -24 -78 10 -24 -76 9 -24 -75.8011
4 16 9 -24 -75.8011 9 -9.8011 -75.8011 9 -12 -78 9 -24 -78
4 16 11 -9.8011 -75.8011 11 -24 -75.8011 11 -24 -78 11 -12 -78
3 16 31 -24 -78 31 -24 -75.8011 30 -24 -76
3 16 31 -24 -78 30 -24 -76 29 -24 -78
3 16 29 -24 -78 30 -24 -76 29 -24 -75.8011
4 16 29 -24 -75.8011 29 -9.8011 -75.8011 29 -12 -78 29 -24 -78
4 16 31 -9.8011 -75.8011 31 -24 -75.8011 31 -24 -78 31 -12 -78
1 16 -10 2.5 -64 0 0 1 0 -20.5 0 -1 0 0 boxjcyl4.dat
1 16 10 2.5 -64 0 0 1 0 -20.5 0 -1 0 0 boxjcyl4.dat
1 16 -10 4 -63 0 0 1 0 -22 0 -1 0 0 box3u7a.dat
1 16 10 4 -63 0 0 1 0 -22 0 -1 0 0 box3u7a.dat
4 16 38 -12 -78 38 -24 -78 38 -24 -62 38 4 -62
4 16 -38 -24 -62 -38 -24 -78 -38 -12 -78 -38 4 -62
0 BFC INVERTNEXT
1 16 0 -18 -70 38 0 0 0 14 8 0 0 8 box2-7.dat
1 16 0 -18 -78 0 0 38 -6 0 0 0 -1 0 rect2p.dat
1 16 0 -24 -70 38 0 0 0 1 0 0 0 8 recte3.dat
4 16 -40 8 -60 -40 -12 -80 -40 -24 -80 -40 -24 -40
4 16 40 -24 -80 40 -12 -80 40 8 -60 40 -24 -40
1 16 40 -12 -60 0 -1 0 0 0 20 -20 0 0 1-4chrd.dat
1 16 -40 -12 -60 0 1 0 0 0 20 -20 0 0 1-4chrd.dat
1 16 40 -12 -60 0 -80 0 0 0 20 -20 0 0 1-8cylo.dat
1 16 0 -18 -80 40 0 0 0 0 -6 0 1 0 rect3.dat
3 16 40 -24 -80 38 -24 -78 31 -24 -78
3 16 40 -24 -80 31 -24 -78 29 -24 -78
3 16 40 -24 -80 29 -24 -78 11 -24 -78
3 16 40 -24 -80 11 -24 -78 9 -24 -78
3 16 -40 -24 -80 -40 -12 -80 -38 -24 -78
3 16 -38 -24 -78 -40 -24 -80 -31 -24 -78
3 16 -31 -24 -78 -40 -24 -80 -29 -24 -78
3 16 -29 -24 -78 -40 -24 -80 -11 -24 -78
3 16 -11 -24 -78 -40 -24 -80 -9 -24 -78
4 16 9 -24 -78 -9 -24 -78 -40 -24 -80 40 -24 -80
4 16 -38 -24 -62 -40 -24 -40 -40 -24 -80 -38 -24 -78
4 16 -40 -24 -40 -38 -24 -62 38 -24 -62 40 -24 -40
4 16 40 -24 -40 38 -24 -62 38 -24 -78 40 -24 -80
1 16 0 -24 -50 0 0 -1 0 1 0 1 0 0 stug-4x1.dat
1 16 0 -24 -60 40 0 0 0 1 0 0 0 -20 recte3.dat
