0 BFC CERTIFY CCW
1 16 0 0 0 1 0 0 0 1 0 0 0 1 parts/s/24108s01.dat
1 16 0 0 0 -1 0 0 0 1 0 0 0 -1 parts/s/24108s01.dat
1 16 0 0 0 1 0 0 0 1 0 0 0 1 parts/s/24108s02.dat
1 16 0 0 0 -1 0 0 0 1 0 0 0 -1 parts/s/24108s02.dat
1 16 0 0 0 5 0 0 0 -5 0 0 0 5 parts/s/24108s03.dat
1 16 -3.5 -60 0 0 .94 0 0 0 -4.6189 -4.6189 0 0 parts/s/24108s03.dat
1 16 3.5 -60 0 0 -.94 0 0 0 -4.6189 -4.6189 0 0 parts/s/24108s03.dat
1 16 -3.5 -80 0 0 .94 0 0 0 -4.6189 -4.6189 0 0 parts/s/24108s03.dat
1 16 3.5 -80 0 0 -.94 0 0 0 -4.6189 -4.6189 0 0 parts/s/24108s03.dat
1 16 -3.5 -100 0 0 .94 0 0 0 -4.6189 -4.6189 0 0 parts/s/24108s03.dat
1 16 3.5 -100 0 0 -.94 0 0 0 -4.6189 -4.6189 0 0 parts/s/24108s03.dat
1 16 -4 -34 0 0 1 0 1 0 0 0 0 -1 p/stud2.dat
1 16 4 -34 0 0 -1 0 1 0 0 0 0 1 p/stud2.dat
1 16 0 -25 0 0 0 4 0 -1 0 -6.5 0 0 p/rect2p.dat
1 16 0 -5 0 4 0 0 0 -20 0 0 0 4 p/4-4cylo.dat
