0 BFC CERTIFY CCW
1 16 0 0 0 1 0 0 0 1 0 0 0 1 parts/s/24130s01.dat
1 16 0 0 0 1 0 0 0 1 0 0 0 -1 parts/s/24130s01.dat
1 16 0 0 0 -1 0 0 0 1 0 0 0 1 parts/s/24130s01.dat
1 16 0 0 0 -1 0 0 0 1 0 0 0 -1 parts/s/24130s01.dat
1 16 0 0 0 1 0 0 0 1 0 0 0 1 parts/s/24130s02.dat
1 16 0 0 0 -1 0 0 0 1 0 0 0 -1 parts/s/24130s02.dat
1 16 0 -5.375 0 -1 0 0 0 -1.34375 0 0 0 1 p/stud4.dat
1 16 0 -8.161 0 1 0 0 0 1 0 0 0 1 p/stud2a.dat
1 16 0 -8.161 0 6 0 0 0 1 0 0 0 6 p/4-4edge.dat
0 BFC INVERTNEXT
1 16 0 -8.161 0 4 0 0 0 2.786 0 0 0 4 p/4-4cyli.dat
1 16 0 -5.375 0 2 0 0 0 -1 0 0 0 2 p/4-4ring2.dat
1 16 0 -5.375 0 4 0 0 0 -1 0 0 0 4 p/4-4edge.dat
