0 BFC CERTIFY CCW
1 16 0 0 0 1 0 0 0 1 0 0 0 1 p/stud2a.dat
1 16 0 3 0 1 0 0 0 -1.25 0 0 0 1 p/stud4.dat
1 16 -20 0 -20 1 0 0 0 1 0 0 0 1 p/stud2a.dat
1 16 20 0 -20 1 0 0 0 1 0 0 0 1 p/stud2a.dat
1 16 -20 0 -40 1 0 0 0 1 0 0 0 1 p/stud2a.dat
1 16 20 0 -40 1 0 0 0 1 0 0 0 1 p/stud2a.dat
1 16 0 0 -60 1 0 0 0 1 0 0 0 1 p/stud2a.dat
0 BFC INVERTNEXT
1 16 0 0 0 4 0 0 0 3 0 0 0 4 p/4-4cyli.dat
0 BFC INVERTNEXT
1 16 20 0 -20 4 0 0 0 3 0 0 0 4 p/4-4cyli.dat
0 BFC INVERTNEXT
1 16 -20 0 -20 4 0 0 0 3 0 0 0 4 p/4-4cyli.dat
0 BFC INVERTNEXT
1 16 20 0 -40 4 0 0 0 3 0 0 0 4 p/4-4cyli.dat
0 BFC INVERTNEXT
1 16 -20 0 -40 4 0 0 0 3 0 0 0 4 p/4-4cyli.dat
0 BFC INVERTNEXT
1 16 0 0 -60 4 0 0 0 3 0 0 0 4 p/4-4cyli.dat
0 BFC INVERTNEXT
1 16 0 3 -60 6 0 0 0 5 0 0 0 6 p/4-4cylo.dat
1 16 0 0 0 10 0 0 0 3 0 0 0 10 p/2-4cylo.dat
1 16 -20 0 -20 6 0 0 0 3 0 0 0 -6 p/3-4cyli.dat
1 16 -20 0 -40 6 0 0 0 3 0 0 0 -6 p/3-4cyli.dat
1 16 20 0 -40 -6 0 0 0 3 0 0 0 -6 p/3-4cyli.dat
1 16 20 0 -20 -6 0 0 0 3 0 0 0 -6 p/3-4cyli.dat
1 16 0 0 -60 8 0 0 0 8 0 0 0 -8 p/2-4cylo.dat
1 16 0 0 -60 -2 0 0 0 1 0 0 0 -2 p/2-4ring3.dat
1 16 0 8 -60 -2 0 0 0 -1 0 0 0 -2 p/2-4ring3.dat
1 16 0 0 -60 8 0 0 0 8 0 0 0 8 p/1-8cylo.dat
1 16 0 0 -60 2 0 0 0 1 0 0 0 2 p/1-8ring3.dat
1 16 0 8 -60 2 0 0 0 -1 0 0 0 2 p/1-8ring3.dat
1 16 0 0 -60 0 0 -6 0 1 0 6 0 0 p/1-8tang.dat
1 16 0 0 -60 0 0 6 0 1 0 6 0 0 p/1-8tang.dat
1 16 0 3 -60 3.06157 0 -7.39104 0 5 0 7.39104 0 3.06157 p/1-8cylo.dat
1 16 0 8 -60 4.24264 0 -4.24264 0 -1 0 4.24264 0 4.24264 p/1-4tang.dat
1 16 0 8 -60 3.06157 0 -7.39104 0 -1 0 7.39104 0 3.06157 p/1-8chrd.dat
1 16 0 0 -60 -8 0 0 0 8 0 0 0 8 p/1-8cylo.dat
1 16 0 0 -60 -2 0 0 0 1 0 0 0 2 p/1-8ring3.dat
1 16 0 8 -60 -2 0 0 0 -1 0 0 0 2 p/1-8ring3.dat
1 16 0 3 0 -2 0 0 0 -1 0 0 0 2 p/4-4ring2.dat
1 16 0 3 0 -2 0 0 0 -1 0 0 0 2 p/2-4ring4.dat
1 16 0 3 0 -8 0 0 0 -1 0 0 0 -8 p/2-4ndis.dat
1 16 -20 3 -20 2 0 0 0 -1 0 0 0 -2 p/3-4ring2.dat
1 16 20 3 -20 0 0 2 0 -1 0 2 0 0 p/3-4ring2.dat
1 16 -20 3 -40 2 0 0 0 -1 0 0 0 -2 p/3-4ring2.dat
1 16 20 3 -40 0 0 2 0 -1 0 2 0 0 p/3-4ring2.dat
1 16 -20 3 -20 4 0 0 0 -1 0 0 0 4 p/1-4ndis.dat
1 16 20 3 -20 -4 0 0 0 -1 0 0 0 4 p/1-4ndis.dat
1 16 -20 3 -40 4 0 0 0 -1 0 0 0 4 p/1-4ndis.dat
1 16 20 3 -40 -4 0 0 0 -1 0 0 0 4 p/1-4ndis.dat
1 16 0 3 -60 -2 0 0 0 -1 0 0 0 2 p/4-4ring2.dat
1 16 0 0 0 2 0 0 0 1 0 0 0 2 p/2-4ring3.dat
1 16 0 0 0 6 0 0 0 1 0 0 0 -6 p/2-4ndis.dat
1 16 0 0 0 2 0 0 0 1 0 0 0 2 p/2-4ring4.dat
1 16 0 3 0 4 0 0 0 1 0 0 0 4 p/4-4edge.dat
1 16 20 3 -20 4 0 0 0 1 0 0 0 4 p/4-4edge.dat
1 16 -20 3 -20 4 0 0 0 1 0 0 0 4 p/4-4edge.dat
1 16 20 3 -40 4 0 0 0 1 0 0 0 4 p/4-4edge.dat
1 16 -20 3 -40 4 0 0 0 1 0 0 0 4 p/4-4edge.dat
1 16 0 3 -60 4 0 0 0 1 0 0 0 4 p/4-4edge.dat
1 16 0 3 -60 6 0 0 0 1 0 0 0 6 p/4-4edge.dat
1 16 0 0 -60 -8 0 0 0 1 0 0 0 8 p/1-8edge.dat
1 16 0 0 -60 8 0 0 0 1 0 0 0 8 p/1-8edge.dat
1 16 0 0 0 6 0 0 0 1 0 0 0 6 p/4-4edge.dat
1 16 0 0 -60 6 0 0 0 1 0 0 0 6 p/4-4edge.dat
1 16 -20 3 -20 6 0 0 0 1 0 0 0 -6 p/3-4edge.dat
1 16 20 3 -20 -6 0 0 0 1 0 0 0 -6 p/3-4edge.dat
1 16 -20 3 -40 6 0 0 0 1 0 0 0 -6 p/3-4edge.dat
1 16 20 3 -40 -6 0 0 0 1 0 0 0 -6 p/3-4edge.dat
1 16 0 1.5 -18.4 4 0 0 0 0 -1.5 0 8.8 0 p/box4o8a.dat
1 16 -14.4683 1.5 -8.8683 -5.19808 1 0 0 0 -1.5 -5.19808 0 0 p/rect.dat
1 16 14.4683 1.5 -8.8683 0 -1 5.19808 -1.5 0 0 0 0 -5.19808 p/rect.dat
1 16 -9.1102 1.5 -14.2457 0 -1 5.11023 1.5 0 0 0 0 4.64567 p/rect.dat
1 16 9.1102 1.5 -14.2457 0 1 -5.11023 -1.5 0 0 0 0 4.64567 p/rect.dat
1 16 -11.8332 1.5 -26.2332 0 1 7.83318 -1.5 0 0 0 0 7.83318 p/rect.dat
1 16 11.8332 1.5 -26.2332 0 -1 -7.83318 1.5 0 0 0 0 7.83318 p/rect.dat
1 16 -9.0332 1.5 -34.6332 -5.03318 -1 0 0 0 1.5 -5.03318 0 0 p/rect.dat
1 16 9.0332 1.5 -34.6332 0 1 -5.03318 -1.5 0 0 0 0 5.03318 p/rect.dat
1 16 -4 1.5 -41.418 0 1 0 -1.5 0 0 0 0 11.81797 p/rect.dat
1 16 4 1.5 -41.418 0 -1 0 -1.5 0 0 0 0 -11.81797 p/rect.dat
1 16 -9.6351 1.5 -1.8351 -0.36491 1 0 0 0 1.5 1.83509 0 0 p/rect2p.dat
1 16 9.6351 1.5 -1.8351 0.36491 -1 0 0 0 -1.5 1.83509 0 0 p/rect2p.dat
1 16 -19.8332 1.5 -14.0332 0 -1 -0.16683 1.5 0 0 0 0 0.03318 p/rect1.dat
1 16 19.8332 1.5 -14.0332 0 1 -0.16683 1.5 0 0 0 0 -0.03318 p/rect1.dat
1 16 -14.1102 1.5 -19.4457 0 -1 -0.11023 1.5 0 0 0 0 0.55434 p/rect1.dat
1 16 14.1102 1.5 -19.4457 0 1 -0.11023 1.5 0 0 0 0 -0.55434 p/rect1.dat
1 16 -19.8332 1.5 -34.0332 0 -1 -0.16683 1.5 0 0 0 0 0.03318 p/rect1.dat
1 16 19.8332 1.5 -34.0332 0 1 -0.16683 1.5 0 0 0 0 -0.03318 p/rect1.dat
1 16 -14.0332 1.5 -39.8332 0 -1 -0.03318 1.5 0 0 0 0 0.16683 p/rect1.dat
1 16 14.0332 1.5 -39.8332 0 1 -0.03318 1.5 0 0 0 0 -0.16683 p/rect1.dat
4 16 -4 3 -18.4 -4 3 -29.6 -14.0664 3 -39.6664 -16 3 -36
3 16 -4 3 -18.4 -16 3 -36 -19.6664 3 -34.0664
4 16 4 3 -18.4 16 3 -36 14.0664 3 -39.6664 4 3 -29.6
3 16 4 3 -18.4 19.6664 3 -34.0664 16 3 -36
4 16 -4 0 -29.6 -4 0 -18.4 -19.6664 0 -34.0664 -14.0664 0 -39.6664
4 16 19.6664 0 -34.0664 4 0 -18.4 4 0 -29.6 14.0664 0 -39.6664
3 16 8 0 0 6 0 0 6 0 -6
4 16 8 0 0 6 0 -6 9.2702 0 -3.6702 10 0 0
3 16 4 0 -9.6 9.2702 0 -3.6702 6 0 -6
4 16 -4 0 -9.6 4 0 -9.6 6 0 -6 0 0 -6
3 16 -4 0 -9.6 0 0 -6 -6 0 -6
3 16 -4 0 -9.6 -6 0 -6 -9.2702 0 -3.6702
4 16 -8 0 0 -10 0 0 -9.2702 0 -3.6702 -6 0 -6
3 16 -6 0 -6 -6 0 0 -8 0 0
4 16 -8 3 0 -8 3 -8 -9.2702 3 -3.6702 -10 3 0
4 16 -8 3 -8 0 3 -8 4 3 -9.6 -4 3 -9.6
3 16 4 3 -9.6 0 3 -8 8 3 -8
4 16 9.2702 3 -3.6702 8 3 -8 8 3 0 10 3 0
4 16 4 0 -18.4 -4 0 -18.4 -4 0 -29.6 4 0 -29.6
4 16 -4 3 -18.4 4 3 -18.4 4 3 -29.6 -4 3 -29.6
3 16 4 3 -29.6 4 3 -53.2359 3.0615 3 -52.609
4 16 -3.0615 3 -52.609 -4 3 -29.6 4 3 -29.6 3.0615 3 -52.609
3 16 -4 3 -29.6 -3.0615 3 -52.609 -4 3 -53.2359
4 16 -9.2702 0 -3.6702 -19.6664 0 -14.0664 -14.2205 0 -18.8913 -4 0 -9.6
4 16 4 0 -9.6 14.2205 0 -18.8913 19.6664 0 -14.0664 9.2702 0 -3.6702
4 16 4 3 -9.6 8 3 -8 16 3 -16 14.2205 3 -18.8914
4 16 9.2702 3 -3.6702 19.6664 3 -14.0664 16 3 -16 8 3 -8
4 16 20 3 -14 20 3 -16 16 3 -16 19.6664 3 -14.0664
4 16 14.2205 3 -18.8913 16 3 -16 16 3 -20 14 3 -20
4 16 20 3 -34 20 3 -36 16 3 -36 19.6664 3 -34.0664
4 16 14.0664 3 -39.6664 16 3 -36 16 3 -40 14 3 -40
4 16 -9.2702 3 -3.6702 -8 3 -8 -16 3 -16 -19.6664 3 -14.0664
4 16 -4 3 -9.6 -14.2205 3 -18.8913 -16 3 -16 -8 3 -8
4 16 -20 3 -14 -19.6664 3 -14.0664 -16 3 -16 -20 3 -16
4 16 -14.2205 3 -18.8913 -14 3 -20 -16 3 -20 -16 3 -16
4 16 -19.6664 3 -34.0664 -16 3 -36 -20 3 -36 -20 3 -34
4 16 -16 3 -36 -14.0664 3 -39.6664 -14 3 -40 -16 3 -40
4 16 5.6568 8 -54.3432 4.2426 8 -55.7574 3.3988 8 -54.9135 3.0615 8 -52.609
3 16 3.0615 8 -52.609 3.3988 8 -54.9135 2.2961 8 -54.4566
3 16 3.0615 8 -52.609 2.2961 8 -54.4566 1.1935 8 -54
3 16 3.0615 8 -52.609 1.1935 8 -54 0 8 -54
4 16 -3.3988 8 -54.9135 -4.2426 8 -55.7574 -5.6568 8 -54.3432 -3.0615 8 -52.609
3 16 -3.0615 8 -52.609 -2.2962 8 -54.4566 -3.3988 8 -54.9135
3 16 -2.2962 8 -54.4566 -3.0615 8 -52.609 -1.1935 8 -54
3 16 -3.0615 8 -52.609 0 8 -54 -1.1935 8 -54
4 16 -3.0615 8 -52.609 -5.6568 8 -54.3432 -4 3 -53.2359 -3.0615 3 -52.609
4 16 -5.6568 0 -54.3432 -4 0 -53.2359 -4 3 -53.2359 -5.6568 8 -54.3432
4 16 3.0615 8 -52.609 3.0615 3 -52.609 4 3 -53.2359 5.6568 8 -54.3432
4 16 5.6568 8 -54.3432 4 3 -53.2359 4 0 -53.2359 5.6568 0 -54.3432
3 16 4 0 -53.2359 2.2962 0 -54.4566 3.399 0 -54.9132
3 16 -4 0 -53.2359 -3.3988 0 -54.9135 -2.2962 0 -54.4566
4 16 4 0 -53.2359 3.399 0 -54.9132 4.2426 0 -55.7574 5.6568 0 -54.3432
4 16 -5.6568 0 -54.3432 -4.2426 0 -55.7574 -3.3988 0 -54.9135 -4 0 -53.2359
4 16 4 0 -29.6 1.1935 0 -54 2.2962 0 -54.4566 4 0 -53.2359
4 16 -4 0 -29.6 -4 0 -53.2359 -2.2962 0 -54.4566 -1.1935 0 -54
3 16 -4 0 -29.6 -1.1935 0 -54 0 0 -54
3 16 -4 0 -29.6 0 0 -54 4 0 -29.6
3 16 4 0 -29.6 0 0 -54 1.1935 0 -54
3 16 0 8 -54 -3.0615 8 -52.609 3.0615 8 -52.609
