0 BFC CERTIFY CCW
1 16 0 28 0 1 0 0 0 -1 0 0 0 1 p/stud3.dat
0 BFC INVERTNEXT
1 16 0 32 0 16 0 0 0 -4 0 0 0 6 p/box5.dat
4 16 20 32 10 16 32 6 -16 32 6 -20 32 10
4 16 -20 32 10 -16 32 6 -16 32 -6 -20 32 -10
4 16 -20 32 -10 -16 32 -6 16 32 -6 20 32 -10
4 16 20 32 -10 16 32 -6 16 32 6 20 32 10
1 16 16 4 6 0 -32 0 0 0 4 4 0 0 p/4-4cyli.dat
4 16 20 32 10 20 24 10 20 24 -10 20 32 -10
4 16 -20 32 10 -20 32 -10 -20 24 -10 -20 24 10
4 16 20 24 10 20 4 10 20 2.4692 2.3044 20 24 -10
4 16 -16 2.4692 2.3044 -20 2.4692 2.3044 -20 24 -10 -16 24 -10
4 16 20 2.4692 2.3044 16 2.4692 2.3044 16 24 -10 20 24 -10
4 16 -20 24 10 -20 24 -10 -20 2.4692 2.3044 -20 4 10
4 16 16 24 10 16 24 -10 16 2.4692 2.3044 16 4 10
4 16 -16 24 10 -16 4 10 -16 2.4692 2.3044 -16 24 -10
1 16 0 24 0 16 0 0 0 1 0 0 0 10 p/rect.dat
1 16 0 28 -10 20 0 0 0 0 4 0 1 0 p/rect.dat
1 16 0 28 10 20 0 0 0 0 4 0 -1 0 p/rect3.dat
1 16 18 14 10 0 0 -2 10 0 0 0 -1 0 p/rect2p.dat
1 16 -18 14 10 0 0 -2 10 0 0 0 -1 0 p/rect2p.dat
1 16 -20 4 6 0 -1 0 0 0 -4 4 0 0 p/7-16edge.dat
1 16 20 4 6 0 -1 0 0 0 -4 4 0 0 p/7-16edge.dat
1 16 20 4 6 0 -1 0 0 0 -4 4 0 0 p/7-16disc.dat
1 16 -20 4 6 0 1 0 0 0 -4 4 0 0 p/7-16disc.dat
1 16 -16 4 6 0 -4 0 0 0 -4 4 0 0 p/7-16cyli.dat
1 16 20 4 6 0 -4 0 0 0 -4 4 0 0 p/7-16cyli.dat
1 16 -16 4 6 0 -4 0 -1.53073 0 3.69552 -3.69552 0 -1.53073 p/9-16edge.dat
1 16 16 4 6 0 -4 0 -1.53073 0 3.69552 -3.69552 0 -1.53073 p/9-16edge.dat
