0 BFC CERTIFY CW
1 16 20 4 0 1 0 0 0 -11 0 0 0 1 p/stud4.dat
1 16 0 4 0 1 0 0 0 -11 0 0 0 1 p/stud4.dat
1 16 -20 4 0 1 0 0 0 -11 0 0 0 1 p/stud4.dat
0 BFC INVERTNEXT
1 16 0 48 0 36 0 0 0 -44 0 0 0 16 p/box5.dat
4 16 -40 48 20 -36 48 16 36 48 16 40 48 20
4 16 -40 48 -20 -36 48 -16 -36 48 16 -40 48 20
4 16 40 48 -20 36 48 -16 -36 48 -16 -40 48 -20
4 16 40 48 20 36 48 16 36 48 -16 40 48 -20
1 16 0 48 0 40 0 0 0 -48 0 0 0 20 p/box5.dat
1 16 30 0 10 1 0 0 0 1 0 0 0 1 p/stud2.dat
1 16 10 0 10 1 0 0 0 1 0 0 0 1 p/stud2.dat
1 16 -10 0 10 1 0 0 0 1 0 0 0 1 p/stud2.dat
1 16 -30 0 10 1 0 0 0 1 0 0 0 1 p/stud2.dat
1 16 30 0 -10 1 0 0 0 1 0 0 0 1 p/stud2.dat
1 16 10 0 -10 1 0 0 0 1 0 0 0 1 p/stud2.dat
1 16 -10 0 -10 1 0 0 0 1 0 0 0 1 p/stud2.dat
1 16 -30 0 -10 1 0 0 0 1 0 0 0 1 p/stud2.dat
1 16 30 10 20 1 0 0 0 0 1 0 -1 0 p/stud2.dat
1 16 10 10 20 1 0 0 0 0 1 0 -1 0 p/stud2.dat
1 16 -10 10 20 1 0 0 0 0 1 0 -1 0 p/stud2.dat
1 16 -30 10 20 1 0 0 0 0 1 0 -1 0 p/stud2.dat
1 16 -30 10 -20 1 0 0 0 0 -1 0 1 0 p/stud2.dat
1 16 -10 10 -20 1 0 0 0 0 -1 0 1 0 p/stud2.dat
1 16 10 10 -20 1 0 0 0 0 -1 0 1 0 p/stud2.dat
1 16 30 10 -20 1 0 0 0 0 -1 0 1 0 p/stud2.dat
1 16 30 30 20 1 0 0 0 0 1 0 -1 0 p/stud2.dat
1 16 10 30 20 1 0 0 0 0 1 0 -1 0 p/stud2.dat
1 16 -10 30 20 1 0 0 0 0 1 0 -1 0 p/stud2.dat
1 16 -30 30 20 1 0 0 0 0 1 0 -1 0 p/stud2.dat
1 16 -30 30 -20 1 0 0 0 0 -1 0 1 0 p/stud2.dat
1 16 -10 30 -20 1 0 0 0 0 -1 0 1 0 p/stud2.dat
1 16 10 30 -20 1 0 0 0 0 -1 0 1 0 p/stud2.dat
1 16 30 30 -20 1 0 0 0 0 -1 0 1 0 p/stud2.dat
