0 BFC CERTIFY CCW
1 16 0 1 0 -8 0 0 0 -1 0 0 0 8 p/4-4cylc.dat
1 16 0 8 0 -2.2961 0 -5.54328 0 -7 0 -5.54328 0 2.2961 p/3-8cylo.dat
1 16 0 8 0 2.2961 0 5.54328 0 -7 0 -5.54328 0 2.2961 p/3-8cylo.dat
1 16 -1.2 8 0 0 0 -1.7 0 2 0 2 0 0 p/2-4con2.dat
1 16 1.2 8 0 0 0 1.7 0 2 0 2 0 0 p/2-4con2.dat
1 16 1.2 10 0 0 0 3.4 0 -1 0 4 0 0 p/2-4edge.dat
1 16 1.2 8 0 0 0 5.1 0 -1 0 6 0 0 p/2-4edge.dat
1 16 1.2 10 0 0 0 3.4 0 -1 0 4 0 0 p/2-4chrd.dat
1 16 1.2 8 0 0 0 5.1 0 1 0 6 0 0 p/1-8chrd.dat
1 16 1.2 8 0 5.1 0 0 0 1 0 0 0 6 p/1-8chrd.dat
1 16 1.2 8 0 0 0 5.1 0 1 0 -6 0 0 p/1-8chrd.dat
1 16 1.2 8 0 5.1 0 0 0 1 0 0 0 -6 p/1-8chrd.dat
3 16 1.2 8 6 1.2 8 5.5433 4.8062 8 4.2426
3 16 1.2 8 -5.5433 1.2 8 -6 4.8062 8 -4.2426
4 16 1.2 8 -5.5433 4.8062 8 -4.2426 6.3 8 0 6.0002 8 0
4 16 6.3 8 0 4.8062 8 4.2426 1.2 8 5.5433 6.0002 8 0
4 16 1.2 8 -5.5432 1.2 8 5.5433 1.2 10 4 1.2 10 -4
3 16 1.2 8 5.5433 1.2 8 6 1.2 10 4
3 16 1.2 8 -6 1.2 8 -5.5432 1.2 10 -4
1 16 -1.2 10 0 0 0 -3.4 0 -1 0 4 0 0 p/2-4edge.dat
1 16 -1.2 8 0 0 0 -5.1 0 -1 0 6 0 0 p/2-4edge.dat
1 16 -1.2 10 0 0 0 -3.4 0 -1 0 4 0 0 p/2-4chrd.dat
1 16 -1.2 8 0 0 0 -5.1 0 1 0 6 0 0 p/1-8chrd.dat
1 16 -1.2 8 0 -5.1 0 0 0 1 0 0 0 6 p/1-8chrd.dat
1 16 -1.2 8 0 0 0 -5.1 0 1 0 -6 0 0 p/1-8chrd.dat
1 16 -1.2 8 0 -5.1 0 0 0 1 0 0 0 -6 p/1-8chrd.dat
3 16 -1.2 8 5.5433 -1.2 8 6 -4.8062 8 4.2426
3 16 -1.2 8 -6 -1.2 8 -5.5433 -4.8062 8 -4.2426
4 16 -6.3 8 0 -4.8062 8 -4.2426 -1.2 8 -5.5433 -6.0002 8 0
4 16 -1.2 8 5.5433 -4.8062 8 4.2426 -6.3 8 0 -6.0002 8 0
0 BFC INVERTNEXT
1 16 0 7.2 -5.543 -1.2 0 0 0 0 -1.2 0 11.0866 0 p/2-4cylo.dat
1 16 0 7.2 5.543 -1.2 0 0 0 0 -1.2 0 -1 0 p/2-4ndis.dat
1 16 -1.2 7.6 0 0 -1 0 -0.4 0 0 0 0 -5.5433 p/rect2p.dat
1 16 1.2 7.6 0 0 1 0 -0.4 0 0 0 0 5.5433 p/rect2p.dat
1 16 4.893 4.2 3.269 0.22223 0.20787 0 0 0 0.4 -0.33259 0.13889 0 p/2-4con1.dat
1 16 5.101 4.2 3.409 0.22223 -1 0 0 0 0.4 -0.33259 0 0 p/2-4disc.dat
1 16 4.893 4.2 3.269 0.44446 1 0 0 0 0.8 -0.66518 0 0 p/2-4edge.dat
1 16 -4.893 4.2 3.269 -0.22223 -0.20787 0 0 0 0.4 -0.33259 0.13889 0 p/2-4con1.dat
1 16 -5.101 4.2 3.409 -0.22223 1 0 0 0 0.4 -0.33259 0 0 p/2-4disc.dat
1 16 -4.893 4.2 3.269 -0.44446 -1 0 0 0 0.8 -0.66518 0 0 p/2-4edge.dat
1 16 0 7.2 -5.543 -1.2 0 0 0 0 -1.2 0 1 0 p/2-4ndis.dat
4 16 -1.2 6 -5.5432 1.2 6 -5.5432 2.2961 1 -5.5432 -2.2961 1 -5.5432
4 16 -2.2961 1 -5.5432 -2.2961 8 -5.5432 -1.2 8 -5.5432 -1.2 6 -5.5432
4 16 -1.2 10 4 -1.2 8 5.5433 -1.2 8 -5.5432 -1.2 10 -4
4 16 1.2 6 -5.5432 1.2 8 -5.5432 2.2961 8 -5.5432 2.2961 1 -5.5432
4 16 4.8786 1 3.7409 5.3231 1 3.0757 5.3231 4.2 3.0757 4.8786 4.2 3.7409
4 16 5.3374 4.2 2.6042 5.3231 4.2 3.0757 5.3231 1 3.0757 5.3374 1 2.6042
4 16 4.4485 1 3.9346 4.8786 1 3.7409 4.8786 4.2 3.7409 4.4485 4.2 3.9346
4 16 -4.8786 4.2 3.7409 -5.3231 4.2 3.0757 -5.3231 1 3.0757 -4.8786 1 3.7409
4 16 -5.3374 1 2.6042 -5.3231 1 3.0757 -5.3231 4.2 3.0757 -5.3374 4.2 2.6042
4 16 -4.4485 4.2 3.9346 -4.8786 4.2 3.7409 -4.8786 1 3.7409 -4.4485 1 3.9346
4 16 -2.2961 1 5.5432 2.2961 1 5.5432 1.2 6 5.5432 -1.2 6 5.5432
4 16 -1.2 6 5.5432 -1.2 8 5.5433 -2.2961 8 5.5432 -2.2961 1 5.5432
4 16 2.2961 1 5.5432 2.2961 8 5.5432 1.2 8 5.5432 1.2 6 5.5432
1 16 4.893 4.2 -3.269 0.22223 0.20787 0 0 0 0.4 0.33259 -0.13889 0 p/2-4con1.dat
1 16 5.101 4.2 -3.409 0.22223 -1 0 0 0 0.4 0.33259 0 0 p/2-4disc.dat
1 16 4.893 4.2 -3.269 0.44446 1 0 0 0 0.8 0.66518 0 0 p/2-4edge.dat
4 16 5.3231 4.2 -3.0757 5.3231 1 -3.0757 4.8786 1 -3.7409 4.8786 4.2 -3.7409
4 16 5.3231 1 -3.0757 5.3231 4.2 -3.0757 5.3374 4.2 -2.6042 5.3374 1 -2.6042
4 16 4.8786 4.2 -3.7409 4.8786 1 -3.7409 4.4485 1 -3.9346 4.4485 4.2 -3.9346
1 16 -4.893 4.2 -3.269 -0.22223 -0.20787 0 0 0 0.4 0.33259 -0.13889 0 p/2-4con1.dat
1 16 -5.101 4.2 -3.409 -0.22223 1 0 0 0 0.4 0.33259 0 0 p/2-4disc.dat
1 16 -4.893 4.2 -3.269 -0.44446 -1 0 0 0 0.8 0.66518 0 0 p/2-4edge.dat
4 16 -4.8786 1 -3.7409 -5.3231 1 -3.0757 -5.3231 4.2 -3.0757 -4.8786 4.2 -3.7409
4 16 -5.3374 4.2 -2.6042 -5.3231 4.2 -3.0757 -5.3231 1 -3.0757 -5.3374 1 -2.6042
4 16 -4.4485 1 -3.9346 -4.8786 1 -3.7409 -4.8786 4.2 -3.7409 -4.4485 4.2 -3.9346
1 16 0 0 0 9 0 0 0 -1 0 0 0 9 p/4-4cylc.dat
1 16 0 -1 0 3 0 0 0 -3 0 0 0 3 p/4-4con2.dat
1 16 0 -4 0 6 0 0 0 -1 0 0 0 6 p/4-4edge.dat
1 16 0 -4 0 6 0 0 0 1 0 0 0 6 p/4-4disc.dat
3 16 -1.2 8 6 -1.2 8 5.5433 -1.2 10 4
3 16 -1.2 8 -5.5432 -1.2 8 -6 -1.2 10 -4
