0 BFC CERTIFY CW
1 16 22 5 50 0 -1 0 1 0 0 0 0 1 p/wpin2a.dat
1 16 -22 5 50 0 1 0 1 0 0 0 0 1 p/wpin2a.dat
1 16 22 5 -50 0 -1 0 1 0 0 0 0 1 p/wpin2a.dat
1 16 -22 5 -50 0 1 0 1 0 0 0 0 1 p/wpin2a.dat
1 16 0 4 60 1 0 0 0 -1 0 0 0 1 p/stud3.dat
1 16 0 4 40 1 0 0 0 -3 0 0 0 1 p/stud3.dat
1 16 0 12 10 1 0 0 0 -1 0 0 0 1 p/stud4.dat
1 16 30 12 10 1 0 0 0 -1 0 0 0 1 p/stud3.dat
1 16 -30 12 10 1 0 0 0 -1 0 0 0 1 p/stud3.dat
1 16 0 12 -10 1 0 0 0 -1 0 0 0 1 p/stud4.dat
1 16 30 12 -10 1 0 0 0 -1 0 0 0 1 p/stud3.dat
1 16 -30 12 -10 1 0 0 0 -1 0 0 0 1 p/stud3.dat
1 16 0 4 -40 1 0 0 0 -3 0 0 0 1 p/stud3.dat
1 16 0 4 -60 1 0 0 0 -1 0 0 0 1 p/stud3.dat
1 16 10 4 52 1.5 0 0 0 4 0 0 0 2 p/box4-1.dat
1 16 -10 4 52 1.5 0 0 0 4 0 0 0 2 p/box4-1.dat
1 16 10 14 30 1.5 0 0 0 0 2 0 -4 0 p/box4-2p.dat
1 16 -10 14 30 1.5 0 0 0 0 2 0 -4 0 p/box4-2p.dat
1 16 20 14 20 0 4 0 0 0 2 1.5 0 0 p/box4-2p.dat
1 16 -20 14 20 0 -4 0 0 0 2 1.5 0 0 p/box4-2p.dat
1 16 20 14 0 0 4 0 0 0 2 1.5 0 0 p/box4-2p.dat
1 16 -20 14 0 0 -4 0 0 0 2 1.5 0 0 p/box4-2p.dat
1 16 20 14 -20 0 4 0 0 0 2 1.5 0 0 p/box4-2p.dat
1 16 -20 14 -20 0 -4 0 0 0 2 1.5 0 0 p/box4-2p.dat
1 16 10 14 -30 1.5 0 0 0 0 2 0 4 0 p/box4-2p.dat
1 16 -10 14 -30 1.5 0 0 0 0 2 0 4 0 p/box4-2p.dat
1 16 10 4 -52 1.5 0 0 0 4 0 0 0 -2 p/box4-1.dat
1 16 -10 4 -52 1.5 0 0 0 4 0 0 0 -2 p/box4-1.dat
4 16 16 12 30 16 16 30 -16 16 30 -16 12 30
4 16 -16 12 -30 -16 16 -30 16 16 -30 16 12 -30
4 16 20 12 26 20 16 26 20 16 -26 20 12 -26
4 16 -20 12 -26 -20 16 -26 -20 16 26 -20 12 26
0 BFC INVERTNEXT
1 16 0 16 0 0 0 16 0 -4 0 30 0 0 p/box3u2p.dat
0 BFC INVERTNEXT
1 16 28 16 0 0 0 8 0 -4 0 26 0 0 p/box4-1.dat
0 BFC INVERTNEXT
1 16 -28 16 0 0 0 -8 0 -4 0 26 0 0 p/box4-1.dat
0 BFC INVERTNEXT
1 16 0 16 40 16 0 0 0 -12 0 0 0 6 p/box5.dat
0 BFC INVERTNEXT
1 16 0 16 -40 16 0 0 0 -12 0 0 0 6 p/box5.dat
0 BFC INVERTNEXT
1 16 0 8 -58 16 0 0 0 -4 0 0 0 -8 p/box4-1.dat
0 BFC INVERTNEXT
1 16 0 8 58 16 0 0 0 -4 0 0 0 8 p/box4-1.dat
1 16 20 12 0 0 20 0 4 0 0 0 0 30 p/box3u2p.dat
1 16 -20 12 0 0 -20 0 4 0 0 0 0 30 p/box3u2p.dat
1 16 0 8 50 20 0 0 0 -8 0 0 0 20 p/box3u2p.dat
1 16 0 8 -50 20 0 0 0 -8 0 0 0 20 p/box3u2p.dat
4 16 -20 16 50 -16 16 46 16 16 46 20 16 50
4 16 -20 16 -50 -16 16 -46 -16 16 46 -20 16 50
4 16 20 16 -50 16 16 -46 -16 16 -46 -20 16 -50
4 16 20 16 50 16 16 46 16 16 -46 20 16 -50
4 16 -16 16 34 -16 16 30 16 16 30 16 16 34
4 16 16 16 -34 16 16 -30 -16 16 -30 -16 16 -34
4 16 20 16 30 20 16 26 36 16 26 40 16 30
4 16 -40 16 30 -36 16 26 -20 16 26 -20 16 30
4 16 40 16 -30 36 16 -26 20 16 -26 20 16 -30
4 16 -20 16 -30 -20 16 -26 -36 16 -26 -40 16 -30
4 16 40 16 30 36 16 26 36 16 -26 40 16 -30
4 16 -40 16 -30 -36 16 -26 -36 16 26 -40 16 30
4 16 40 8 30 40 8 -30 -40 8 -30 -40 8 30
4 16 20 8 70 16 8 66 16 8 50 20 8 50
4 16 -20 8 50 -16 8 50 -16 8 66 -20 8 70
4 16 20 8 -50 16 8 -50 16 8 -66 20 8 -70
4 16 -20 8 -70 -16 8 -66 -16 8 -50 -20 8 -50
4 16 -20 8 70 -16 8 66 16 8 66 20 8 70
4 16 20 8 -70 16 8 -66 -16 8 -66 -20 8 -70
4 16 16 8 50 16 4 50 -16 4 50 -16 8 50
4 16 -16 8 -50 -16 4 -50 16 4 -50 16 8 -50
1 16 0 12 50 0 0 20 4 0 0 0 -1 0 p/rect1.dat
1 16 0 12 -50 0 0 -20 4 0 0 0 1 0 p/rect1.dat
4 16 20 16 30 20 0 30 20 8 50 20 16 50
4 16 -20 16 50 -20 8 50 -20 0 30 -20 16 30
4 16 20 16 -50 20 8 -50 20 0 -30 20 16 -30
4 16 -20 16 -30 -20 0 -30 -20 8 -50 -20 16 -50
4 16 20 8 50 20 0 30 20 0 70 20 8 70
4 16 -20 8 70 -20 0 70 -20 0 30 -20 8 50
4 16 20 8 -70 20 0 -70 20 0 -30 20 8 -50
4 16 -20 8 -50 -20 0 -30 -20 0 -70 -20 8 -70
1 16 0 0 50 0 0 1 0 1 0 -1 0 0 p/stug2.dat
1 16 30 8 20 0 0 1 0 1 0 -1 0 0 p/stud.dat
1 16 30 8 0 0 0 1 0 1 0 -1 0 0 p/stud.dat
1 16 -10 8 0 0 0 1 0 1 0 -1 0 0 p/stug3.dat
1 16 30 8 -20 0 0 1 0 1 0 -1 0 0 p/stud.dat
1 16 0 0 -50 0 0 1 0 1 0 -1 0 0 p/stug2.dat
4 16 22 8.53 46.47 22 8 46.11 22 8 53.89 22 8.53 53.53
1 16 21 8.265 46.29 -1 0 0 0 -0.72 -0.265 0 1.06 -0.18 p/rect3.dat
1 16 22 5 50 0 1 0 4.99217 0 0 0 0 4.99217 p/1-8edge.dat
4 16 22 8.53 53.53 22 9.6123 51.9104 22 8.89 47 22 8.53 46.46
1 16 21 8.71 46.735 1 0 0 0 -1.06 0.18 0 0.72 0.265 p/rect3.dat
4 16 22 9.99213 50 22 10 47 22 8.89 47 22 9.6123 51.9104
1 16 21 12 48.5 1 -2 0 -2 -1 0 0 0 1.5 p/rect.dat
4 16 20 8.53 53.54 20 8 53.89 20 8 50 20 8.53 50
1 16 21 8.265 53.71 1 0 0 0 -0.72 -0.265 0 -1.06 0.18 p/rect3.dat
1 16 20 5 50 0 1 0 4.99217 0 0 0 0 4.99217 p/1-8edge.dat
1 16 20 5 50 0 2 0 4.99217 0 0 0 0 4.99217 p/1-8cyli.dat
4 16 20 8.89 47 22 8.89 47 22 10 47 20 14 47
3 16 20 14 50 22 10 50 20 10 50
4 16 20 10 50 20 9.6123 51.9104 20 8.53 53.53 20 8.53 50
4 16 -22 8.53 53.53 -22 8 53.89 -22 8 46.11 -22 8.53 46.47
1 16 -21 8.265 46.29 -1 0 0 0 -0.72 -0.265 0 1.06 -0.18 p/rect3.dat
1 16 -22 5 50 0 -1 0 4.99217 0 0 0 0 4.99217 p/1-8edge.dat
4 16 -22 8.53 46.46 -22 8.89 47 -22 9.6123 51.9104 -22 8.53 53.53
1 16 -21 8.71 46.735 1 0 0 0 -1.06 0.18 0 0.72 0.265 p/rect3.dat
4 16 -22 8.89 47 -22 10 47 -22 9.99213 50 -22 9.6123 51.9104
1 16 -21 12 48.5 -1 2 0 -2 -1 0 0 0 -1.5 p/rect.dat
4 16 -20 8.53 50 -20 8 50 -20 8 53.89 -20 8.53 53.54
1 16 -21 8.265 53.71 1 0 0 0 -0.72 -0.265 0 -1.06 0.18 p/rect3.dat
1 16 -20 5 50 0 -1 0 4.99217 0 0 0 0 4.99217 p/1-8edge.dat
1 16 -20 5 50 0 -2 0 4.99217 0 0 0 0 4.99217 p/1-8cyli.dat
4 16 -20 14 47 -22 10 47 -22 8.89 47 -20 8.89 47
3 16 -20 10 50 -22 10 50 -20 14 50
4 16 -20 8.53 50 -20 8.53 53.53 -20 9.6123 51.9104 -20 10 50
4 16 22 8.53 -53.53 22 8 -53.89 22 8 -46.11 22 8.53 -46.47
1 16 21 8.265 -46.29 1 0 0 0 -0.72 -0.265 0 -1.06 0.18 p/rect3.dat
1 16 22 5 -50 0 1 0 4.99217 0 0 0 0 -4.99217 p/1-8edge.dat
4 16 22 8.53 -46.46 22 8.89 -47 22 9.6123 -51.9104 22 8.53 -53.53
1 16 21 8.71 -46.735 -1 0 0 0 -1.06 0.18 0 -0.72 -0.265 p/rect3.dat
4 16 22 8.89 -47 22 10 -47 22 9.99213 -50 22 9.6123 -51.9104
1 16 21 12 -48.5 1 -2 0 -2 -1 0 0 0 1.5 p/rect.dat
4 16 20 8.53 -50 20 8 -50 20 8 -53.89 20 8.53 -53.54
1 16 21 8.265 -53.71 -1 0 0 0 -0.72 -0.265 0 1.06 -0.18 p/rect3.dat
1 16 20 5 -50 0 1 0 4.99217 0 0 0 0 -4.99217 p/1-8edge.dat
1 16 20 5 -50 0 2 0 4.99217 0 0 0 0 -4.99217 p/1-8cyli.dat
4 16 20 14 -47 22 10 -47 22 8.89 -47 20 8.89 -47
3 16 20 10 -50 22 10 -50 20 14 -50
4 16 20 8.53 -50 20 8.53 -53.53 20 9.6123 -51.9104 20 10 -50
4 16 -22 8.53 -46.47 -22 8 -46.11 -22 8 -53.89 -22 8.53 -53.53
1 16 -21 8.265 -46.29 1 0 0 0 -0.72 -0.265 0 -1.06 0.18 p/rect3.dat
1 16 -22 5 -50 0 -1 0 4.99217 0 0 0 0 -4.99217 p/1-8edge.dat
4 16 -22 8.53 -53.53 -22 9.6123 -51.9104 -22 8.89 -47 -22 8.53 -46.46
1 16 -21 8.71 -46.735 -1 0 0 0 -1.06 0.18 0 -0.72 -0.265 p/rect3.dat
4 16 -22 9.99213 -50 -22 10 -47 -22 8.89 -47 -22 9.6123 -51.9104
1 16 -21 12 -48.5 -1 2 0 -2 -1 0 0 0 -1.5 p/rect.dat
4 16 -20 8.53 -53.54 -20 8 -53.89 -20 8 -50 -20 8.53 -50
1 16 -21 8.265 -53.71 -1 0 0 0 -0.72 -0.265 0 1.06 -0.18 p/rect3.dat
1 16 -20 5 -50 0 -1 0 4.99217 0 0 0 0 -4.99217 p/1-8edge.dat
1 16 -20 5 -50 0 -2 0 4.99217 0 0 0 0 -4.99217 p/1-8cyli.dat
4 16 -20 8.89 -47 -22 8.89 -47 -22 10 -47 -20 14 -47
3 16 -20 14 -50 -22 10 -50 -20 10 -50
4 16 -20 10 -50 -20 9.6123 -51.9104 -20 8.53 -53.53 -20 8.53 -50
