0 BFC CERTIFY CW
1 16 10 134 -30 1.5 0 0 0 0 2 0 -4 0 p/box4-2p.dat
1 16 -10 134 -30 1.5 0 0 0 0 2 0 -4 0 p/box4-2p.dat
1 16 0 132 -40 1 0 0 0 -1 0 0 0 1 p/stud3.dat
0 BFC INVERTNEXT
1 16 0 136 -38 16 0 0 0 -4 0 0 0 -8 p/box4-1.dat
4 16 16 132 -30 16 136 -30 -16 136 -30 -16 132 -30
4 16 -16 136 -26 -16 136 -30 16 136 -30 16 136 -26
4 16 -20 136 -50 -16 136 -46 -16 136 -22 -20 136 -22
4 16 20 136 -50 16 136 -46 -16 136 -46 -20 136 -50
4 16 20 136 -22 16 136 -22 16 136 -46 20 136 -50
1 16 0 4 0 1 0 0 0 -1 0 0 0 1 p/stud3.dat
0 BFC INVERTNEXT
1 16 0 8 0 16 0 0 0 -4 0 0 0 6 p/box5.dat
4 16 -20 8 10 -16 8 6 16 8 6 20 8 10
4 16 -20 8 -10 -16 8 -6 -16 8 6 -20 8 10
4 16 20 8 -10 16 8 -6 -16 8 -6 -20 8 -10
4 16 20 8 10 16 8 6 16 8 -6 20 8 -10
1 16 20 20 -10 0 1 0 -12 0 0 0 0 -12 p/1-4edge.dat
1 16 16 20 -10 0 1 0 -12 0 0 0 0 -12 p/1-4edge.dat
1 16 -16 20 -10 0 1 0 -12 0 0 0 0 -12 p/1-4edge.dat
1 16 -20 20 -10 0 1 0 -12 0 0 0 0 -12 p/1-4edge.dat
1 16 0 128 -40 0 0 20 0 1 0 10 0 0 p/rect2p.dat
1 16 0 0 0 0 0 20 0 1 0 10 0 0 p/rect2p.dat
4 16 -16 0 -10 -16 16 -26 16 16 -26 16 0 -10
4 16 20 -8 -10 20 12 -30 -20 12 -30 -20 -8 -10
1 16 0 132 -50 20 0 0 0 0 4 0 1 0 p/rect.dat
1 16 0 70 -30 20 0 0 0 0 58 0 1 0 p/rect.dat
1 16 0 76 -26 16 0 0 0 0 60 0 -1 0 p/rect.dat
1 16 18 78 -22 2 0 0 0 0 58 0 -1 0 p/rect3.dat
1 16 -18 78 -22 2 0 0 0 0 58 0 -1 0 p/rect3.dat
1 16 0 4 -10 16 0 0 0 0 4 0 1 0 p/rect.dat
1 16 0 -4 -10 20 0 0 0 0 4 0 -1 0 p/rect.dat
1 16 0 4 10 20 0 0 0 0 4 0 -1 0 p/rect.dat
0 BFC INVERTNEXT
1 16 20 20 -10 0 -4 0 -12 0 0 0 0 -12 p/1-4cyli.dat
0 BFC INVERTNEXT
1 16 -20 20 -10 0 4 0 -12 0 0 0 0 -12 p/1-4cyli.dat
1 16 20 20 -10 0 -1 0 -12 0 0 0 0 -12 p/1-4ndis.dat
1 16 16 20 -10 0 1 0 -12 0 0 0 0 -12 p/1-4ndis.dat
1 16 -16 20 -10 0 -1 0 -12 0 0 0 0 -12 p/1-4ndis.dat
1 16 -20 20 -10 0 1 0 -12 0 0 0 0 -12 p/1-4ndis.dat
4 16 20 136 -50 20 128 -50 20 128 -30 20 136 -22
4 16 20 136 -22 20 128 -30 20 12 -30 20 8 -22
4 16 20 8 -22 20 12 -30 20 -8 -10 20 0 -10
4 16 20 8 -22 20 0 -10 20 0 10 20 8 10
4 16 16 136 -22 16 12 -22 16 16 -26 16 136 -26
3 16 16 8 -10 16 0 -10 16 8 -18
4 16 -16 136 -26 -16 16 -26 -16 12 -22 -16 136 -22
3 16 -16 8 -18 -16 0 -10 -16 8 -10
4 16 -20 136 -22 -20 128 -30 -20 128 -50 -20 136 -50
4 16 -20 8 -22 -20 12 -30 -20 128 -30 -20 136 -22
4 16 -20 0 -10 -20 -8 -10 -20 12 -30 -20 8 -22
4 16 -20 8 10 -20 0 10 -20 0 -10 -20 8 -22
1 16 10 128 -40 1 0 0 0 1 0 0 0 1 p/stud.dat
1 16 -10 128 -40 1 0 0 0 1 0 0 0 1 p/stud.dat
1 16 10 0 0 1 0 0 0 1 0 0 0 1 p/stud.dat
1 16 -10 0 0 1 0 0 0 1 0 0 0 1 p/stud.dat
