0 BFC CERTIFY CCW
1 16 0 0 0 1 0 0 0 1 0 0 0 1 parts/s/2457s01.dat
1 16 0 0 0 1 0 0 0 0.92388 0.38268 0 0.38268 -0.92388 parts/s/2457s01.dat
1 16 5.6648 0 0 0 -1 0 -9 0 0 0 0 -9 p/1-16edge.dat
1 16 0 0 0 0 -1 0 1 0 0 0 0 1 p/connhole.dat
3 16 5.6648 -9 -1.7902 5.6648 -9 0 5.6648 -8.3151 -3.4443
3 16 8.1927 -9 0 8.1052 -9.3692 -1.8636 8.1927 -8.3149 -3.4442
1 16 8.1927 0 0 0 -1 0 -9 0 0 0 0 -9 p/1-16edge.dat
1 16 0 0 0 0 -1 0 9 0 0 0 0 9 p/1-16edge.dat
3 16 0 9 1.7902 0 9 0 0 8.3149 3.4442
1 16 -10 0 0 0 20 0 9 0 0 0 0 9 p/4-4cylo.dat
