0 BFC CERTIFY CCW
1 16 50 44 0 1 0 0 0 -1 0 0 0 1 p/stud4a.dat
1 16 -50 44 0 1 0 0 0 -1 0 0 0 1 p/stud4a.dat
1 16 50 44 0 6 0 0 0 1 0 0 0 6 p/4-4edge.dat
1 16 -50 44 0 6 0 0 0 1 0 0 0 6 p/4-4edge.dat
1 16 50 44 0 6 0 0 0 -1 0 0 0 6 p/4-4disc.dat
1 16 -50 44 0 6 0 0 0 -1 0 0 0 6 p/4-4disc.dat
1 16 50 40 0 8 0 0 0 1 0 0 0 8 p/4-4edge.dat
1 16 -50 40 0 8 0 0 0 1 0 0 0 8 p/4-4edge.dat
1 16 50 40 0 8 0 0 0 4 0 0 0 8 p/4-4cyli.dat
1 16 -50 40 0 8 0 0 0 4 0 0 0 8 p/4-4cyli.dat
1 16 50 40 0 8 0 0 0 1 0 0 0 8 p/4-4disc.dat
1 16 -50 40 0 8 0 0 0 1 0 0 0 8 p/4-4disc.dat
1 16 60 26 0 10 0 0 0 0 10 0 10 0 p/t04q4000.dat
1 16 -60 26 0 -10 0 0 0 0 10 0 10 0 p/t04q4000.dat
1 16 60 14 0 10 0 0 0 0 -10 0 10 0 p/t04q4000.dat
1 16 -60 14 0 -10 0 0 0 0 -10 0 10 0 p/t04q4000.dat
1 16 70 14 0 4 0 0 0 12 0 0 0 4 p/4-4cyli.dat
1 16 -70 14 0 4 0 0 0 12 0 0 0 4 p/4-4cyli.dat
1 16 60 4 0 0 -4 0 4 0 0 0 0 4 p/4-4cyli.dat
1 16 -60 4 0 0 4 0 4 0 0 0 0 4 p/4-4cyli.dat
1 16 44 4 0 0 -88 0 4 0 0 0 0 4 p/4-4cyli.dat
1 16 44 4 0 0 -1 0 0 0 1 -1 0 0 p/cylj4x6.dat
1 16 56 4 0 0 1 0 0 0 1 1 0 0 p/cylj4x6.dat
1 16 -44 4 0 0 1 0 0 0 1 1 0 0 p/cylj4x6.dat
1 16 -56 4 0 0 -1 0 0 0 1 -1 0 0 p/cylj4x6.dat
1 16 60 36 0 0 -120 0 4 0 0 0 0 4 p/4-4cyli.dat
1 16 0 4 0 4 0 0 0 32 0 0 0 4 p/4-4cyli.dat
1 16 0 4 0 0 0 -4 0 1 4 4 0 0 p/2-4edge.dat
1 16 0 4 0 0 0 4 0 1 4 4 0 0 p/2-4edge.dat
1 16 0 36 0 0 0 -4 0 1 -4 4 0 0 p/2-4edge.dat
1 16 0 36 0 0 0 4 0 1 -4 4 0 0 p/2-4edge.dat
1 16 50 8 0 4 0 0 0 -1 0 0 0 -4 p/4-4edge.dat
1 16 50 8 0 6 0 0 0 -1 0 0 0 -6 p/4-4edge.dat
0 BFC INVERTNEXT
1 16 50 8 0 4 0 0 0 -8 0 0 0 -4 p/4-4cyli.dat
1 16 50 8 0 6 0 0 0 -8 0 0 0 -6 p/4-4cyli.dat
1 16 50 8 0 2 0 0 0 -1 0 0 0 -2 p/4-4ring2.dat
1 16 -50 8 0 4 0 0 0 -1 0 0 0 -4 p/4-4edge.dat
1 16 -50 8 0 6 0 0 0 -1 0 0 0 -6 p/4-4edge.dat
0 BFC INVERTNEXT
1 16 -50 8 0 4 0 0 0 -8 0 0 0 -4 p/4-4cyli.dat
1 16 -50 8 0 6 0 0 0 -8 0 0 0 -6 p/4-4cyli.dat
1 16 -50 8 0 2 0 0 0 -1 0 0 0 -2 p/4-4ring2.dat
1 16 50 0 0 1 0 0 0 1 0 0 0 1 p/stud2a.dat
1 16 -50 0 0 1 0 0 0 1 0 0 0 1 p/stud2a.dat
