0 BFC CERTIFY CCW
0 BFC INVERTNEXT
1 16 0 0 0 6 0 0 0 -5.5 0 0 0 6 p/4-4cylo.dat
1 16 0 0 0 1 0 0 0 -1 0 0 0 1 p/4-4ring6.dat
1 16 0 0 0 7 0 0 0 1 0 0 0 7 p/4-4edge.dat
0 BFC INVERTNEXT
1 16 0 -32 0 2 0 0 0 4 0 0 0 2 p/4-4cylo.dat
1 16 0 -5.5 0 0.5 0 0 0 -1 0 0 0 0.5 p/4-4rin11.dat
1 16 0 -5.5 0 5.5 0 0 0 1 0 0 0 5.5 p/4-4edge.dat
0 BFC INVERTNEXT
1 16 0 -5.5 0 5.5 0 0 0 -18.5 0 0 0 5.5 p/4-4cyli.dat
0 BFC INVERTNEXT
1 16 0 -24 0 0.5 0 0 0 -4 0 0 0 0.5 p/4-4con10.dat
1 16 0 -28 0 5 0 0 0 1 0 0 0 5 p/4-4edge.dat
1 16 0 -28 0 2 0 0 0 -1 0 0 0 2 p/4-4ring1.dat
1 16 0 -28 0 1 0 0 0 -1 0 0 0 1 p/4-4ring4.dat
1 16 4.5 -24 4.5 -4 0 0 0 -4 0 0 0 -4 p/1-4cyli.dat
1 16 4.5 -24 4.5 -4 0 0 0 -1 0 0 0 -4 p/1-4chrd.dat
1 16 4.5 -24 4.5 -4 0 0 0 1 0 0 0 -4 p/1-4edge.dat
1 16 4.5 -28 4.5 -4 0 0 0 1 0 0 0 -4 p/1-4edge.dat
4 16 4.5 -28 .5 4.5 -24 .5 5.4006 -24 .5 4.9006 -28 .5
4 16 .5 -28 4.5 .5 -28 4.9006 .5 -24 5.4006 .5 -24 4.5
4 16 5.08145 -24 2.10485 5.400575 -24 .5 4.5 -24 .5 3.88905 -24 3.88905
4 16 .5 -24 4.5 .5 -24 5.400575 2.10485 -24 5.08145 3.88905 -24 3.88905
3 16 .5 -24 4.5 3.88905 -24 3.88905 4.5 -24 .5
1 16 0 -31.45 0 -2 0 0 0 -.55 0 0 0 2 p/4-4con1.dat
1 16 0 -29.8 0 -2 0 0 0 -1.65 0 0 0 2 p/4-4con2.dat
1 16 0 -27 0 -2 0 0 0 -2.8 0 0 0 2 p/4-4con3.dat
1 16 0 -25 0 -1 0 0 0 -2 0 0 0 1 p/4-4con8.dat
1 16 0 -22.6 0 -1 0 0 0 -2.4 0 0 0 1 p/4-4con9.dat
1 16 0 -19 0 -1 0 0 0 -3.6 0 0 0 1 p/4-4con10.dat
1 16 0 -16.5 0 .5 0 0 0 -2.5 0 0 0 -.5 p/4-4con22.dat
1 16 0 -12 0 .5 0 0 0 -4.5 0 0 0 -.5 p/1-4con23.dat
1 16 0 -12 0 .5 0 0 0 -4.5 0 0 0 .5 p/1-4con23.dat
1 16 0 -12 0 -.5 0 0 0 -4.5 0 0 0 -.5 p/1-4con23.dat
1 16 0 -12 0 -.5 0 0 0 -4.5 0 0 0 .5 p/1-4con23.dat
1 16 0 -12 0 .5 0 0 0 4 0 0 0 -.5 p/1-4con23.dat
1 16 0 -12 0 .5 0 0 0 4 0 0 0 .5 p/1-4con23.dat
1 16 0 -12 0 -.5 0 0 0 4 0 0 0 -.5 p/1-4con23.dat
1 16 0 -12 0 -.5 0 0 0 4 0 0 0 .5 p/1-4con23.dat
1 16 0 -8 0 .5 0 0 0 2 0 0 0 -.5 p/4-4con22.dat
1 16 0 -6 0 -1 0 0 0 2.5 0 0 0 1 p/4-4con10.dat
1 16 0 -3.5 0 -2 0 0 0 2.7 0 0 0 2 p/4-4con4.dat
1 16 0 -.8 0 -1 0 0 0 .8 0 0 0 1 p/4-4con7.dat
