0 BFC CERTIFY CCW
1 16 240 0 10 0 0 1 0 1 0 -1 0 0 p/stug-2x1.dat
1 16 10 0 240 0 0 1 0 1 0 -1 0 0 p/stug-1x2.dat
1 16 0 0 0 1 0 0 0 1 0 0 0 1 parts/s/25061s02.dat
1 16 0 0 0 0.70711 0 -0.70711 0 1 0 0.70711 0 0.70711 parts/s/25061s01.dat
1 16 0 0 0 0.51504 0 -0.85717 0 1 0 0.85717 0 0.51504 parts/s/25061s01.dat
1 16 0 0 0 0.29237 0 -0.9563 0 1 0 0.9563 0 0.29237 parts/s/25061s01.dat
1 16 0 0 0 0.85717 0 -0.51504 0 1 0 0.51504 0 0.85717 parts/s/25061s01.dat
1 16 0 0 0 0.9563 0 -0.29237 0 1 0 0.29237 0 0.9563 parts/s/25061s01.dat
1 16 0 0 0 0 0 1 0 1 0 1 0 0 parts/s/25061s02.dat
1 16 0 0 0 0.70711 0 -0.70711 0 1 0 0.70711 0 0.70711 parts/s/25061s03.dat
1 16 0 0 0 0.29237 0 -0.9563 0 1 0 0.9563 0 0.29237 parts/s/25061s03.dat
1 16 0 0 0 0.9563 0 -0.29237 0 1 0 0.29237 0 0.9563 parts/s/25061s03.dat
1 16 0 0 0 0.51504 0 -0.85717 0 1 0 0.85717 0 0.51504 parts/s/25061s04.dat
1 16 0 0 0 0.85717 0 -0.51504 0 1 0 0.51504 0 0.85717 parts/s/25061s04.dat
1 16 0 0 0 0.70711 0 -0.70711 0 1 0 0.70711 0 0.70711 parts/s/25061s05.dat
1 16 0 0 0 0.70711 0 0.70711 0 1 0 0.70711 0 -0.70711 parts/s/25061s05.dat
1 16 0 0 0 0.29237 0 0.9563 0 1 0 0.9563 0 -0.29237 parts/s/25061s05.dat
1 16 0 0 0 0.9563 0 -0.29237 0 1 0 0.29237 0 0.9563 parts/s/25061s05.dat
