0 BFC CERTIFY CCW
1 16 0 4 0 1 0 0 0 -1 0 0 0 1 p/stud3.dat
0 BFC INVERTNEXT
1 16 0 8 0 16 0 0 0 -4 0 0 0 6 p/box5.dat
4 16 20 8 10 16 8 6 -16 8 6 -20 8 10
4 16 -20 8 10 -16 8 6 -16 8 -6 -20 8 -10
4 16 -14 8 -10 -16 8 -6 16 8 -6 14 8 -10
4 16 20 8 -10 16 8 -6 16 8 6 20 8 10
4 16 16 8 -6 20 8 -10 8.6 8 -38 14 8 -10
4 16 -14 8 -10 -8.6 8 -38 -20 8 -10 -16 8 -6
4 16 8 8 -70 7.45 8 -44 8.6 8 -38 20 8 -10
4 16 -20 8 -10 -8.6 8 -38 -7.45 8 -44 -8 8 -70
3 16 7.45 8 -44 8 8 -70 3.6 8 -64
3 16 -8 8 -70 -7.45 8 -44 -3.6 8 -64
4 16 -8 8 -70 -3.6 8 -64 3.6 8 -64 8 8 -70
4 16 8.6 8 -38 7.45 8 -44 -7.45 8 -44 -8.6 8 -38
1 16 0 4 10 0 0 -20 4 0 0 0 -1 0 p/rect.dat
1 16 -14 4 -30 0 -6 0 -4 0 0 0 30 -10 p/box2-7.dat
1 16 14 4 -30 0 6 0 4 0 0 0 30 -10 p/box2-7.dat
1 16 0 4 -70 0 0 8 4 0 0 0 1 0 p/rect.dat
0 BFC INVERTNEXT
1 16 -2.7 4 -24 0 2.7 14 4 0 0 0 14 0 p/box2-5.dat
0 BFC INVERTNEXT
1 16 -2.7 4 -24 0 2.7 -8.6 4 0 0 0 -14 0 p/box2-7.dat
0 BFC INVERTNEXT
1 16 -1.925 4 -54 0 1.925 7.45 4 0 0 0 10 0 p/box2-5.dat
0 BFC INVERTNEXT
1 16 -1.925 4 -54 0 1.925 -3.6 4 0 0 0 -10 0 p/box2-7.dat
4 16 -20 0 10 -14 0 -10 14 0 -10 20 0 10
4 16 14 0 -10 8.6 0 -38 20 0 -10 20 0 10
4 16 -20 0 10 -20 0 -10 -8.6 0 -38 -14 0 -10
4 16 20 0 -10 8.6 0 -38 7.45 0 -44 8 0 -70
4 16 -8 0 -70 -7.45 0 -44 -8.6 0 -38 -20 0 -10
3 16 -3.6 0 -64 -7.45 0 -44 -8 0 -70
3 16 8 0 -70 7.45 0 -44 3.6 0 -64
4 16 8 0 -70 3.6 0 -64 -3.6 0 -64 -8 0 -70
4 16 -8.6 0 -38 -7.45 0 -44 7.45 0 -44 8.6 0 -38
1 16 0 0 0 0 0 1 0 1 0 -1 0 0 p/stug-2x1.dat
1 16 0 4 -70 4 0 0 0 0 4 0 1 0 p/4-4edge.dat
1 16 0 4 -70 -4 0 0 0 0 4 0 -12 0 p/4-4cyli.dat
1 16 0 4 -90 4 0 0 0 0 4 0 -4 0 p/4-4cyl1sph2.dat
1 16 0 4 -90 8 0 0 0 8 0 0 0 8 p/8-8sphe.dat
