0 BFC CERTIFY CW
1 16 0 0 0 -4 0 0 0 -4 0 0 0 4 p/4-8sphe.dat
1 16 0 80 0 4 0 0 0 4 0 0 0 4 p/4-8sphe.dat
1 16 0 0 0 4 0 0 0 80 0 0 0 4 p/4-4cyli.dat
1 16 0 130 0 -8.5 0 0 0 0 8.5 0 8.5 0 p/t04o1765.dat
1 16 0 130 0 0 0 8.5 8.5 0 0 0 8.5 0 p/t04o1765.dat
1 16 0 130 0 -8.5 0 0 0 0 8.5 0 -8.5 0 p/t04o1765.dat
1 16 0 130 0 0 0 8.5 8.5 0 0 0 -8.5 0 p/t04o1765.dat
1 16 0 130 1.5 8.5 0 0 0 0 8.5 0 -1 0 p/2-4disc.dat
1 16 0 130 -1.5 -8.5 0 0 0 0 8.5 0 1 0 p/2-4disc.dat
1 16 0 130 0 -8.5 0 0 0 0 -46.75 0 8.5 0 p/t04o1765.dat
1 16 0 130 0 0 0 8.5 -46.75 0 0 0 8.5 0 p/t04o1765.dat
1 16 0 130 0 -8.5 0 0 0 0 -46.75 0 -8.5 0 p/t04o1765.dat
1 16 0 130 0 0 0 8.5 -46.75 0 0 0 -8.5 0 p/t04o1765.dat
1 16 0 130 1.5 8.5 0 0 0 0 -46.75 0 -1 0 p/2-4disc.dat
1 16 0 130 -1.5 -8.5 0 0 0 0 -46.75 0 1 0 p/2-4disc.dat
