0 BFC CERTIFY CCW
1 16 0 0 0 1 0 0 0 1 0 0 0 1 parts/2550.dat
1 16 10 -9 -14 1 0 0 0 1 0 0 0 1 parts/3819.dat
1 16 -10 -9 -14 1 0 0 0 1 0 0 0 1 parts/3818.dat
1 16 -10 -9 14 -1 0 0 0 1 0 0 0 -1 parts/3819.dat
1 16 10 -9 14 -1 0 0 0 1 0 0 0 -1 parts/3818.dat
1 14 -15 9.9 -23.9 1 0 0 0 0.707107 -0.707107 0 0.707107 0.707107 parts/3820.dat
1 14 15 9.9 -23.9 1 0 0 0 0.707107 -0.707107 0 0.707107 0.707107 parts/3820.dat
1 14 15 9.9 23.899 -1 0 0 0 0.707107 -0.707107 0 -0.707107 -0.707107 parts/3820.dat
1 14 -15 9.9 23.899 -1 0 0 0 0.707107 -0.707107 0 -0.707107 -0.707107 parts/3820.dat
