0 BFC CERTIFY CCW
1 16 0 7.263 -10.464 1 0 0 0 0.707107 0.707107 0 -0.707107 0.707107 parts/2550.dat
1 16 10 -9 -14 1 0 0 0 0.707107 0.707107 0 -0.707107 0.707107 parts/3819.dat
1 16 -10 -9 -14 1 0 0 0 1 0 0 0 1 parts/3818.dat
1 16 -10 10.799 5.799 -1 0 0 0 0.707107 -0.707107 0 -0.707107 -0.707107 parts/3819.dat
1 16 10 10.799 5.799 -1 0 0 0 0.707107 -0.707107 0 -0.707107 -0.707107 parts/3818.dat
1 14 -15 9.9 -23.9 1 0 0 0 0.707107 -0.707107 0 0.707107 0.707107 parts/3820.dat
1 14 15 -2.636 -34.365 1 0 0 0 1 0 0 0 1 parts/3820.dat
1 14 15 31.163 -0.566 1 0 0 0 0 -1 0 1 0 parts/3820.dat
1 14 -15 31.163 -0.566 1 0 0 0 0 -1 0 1 0 parts/3820.dat
