0 BFC CERTIFY CCW
1 16 0 -34 0 4 0 0 0 1 0 0 0 -4 p/4-4edge.dat
1 16 0 -34 0 6 0 0 0 1 0 0 0 -6 p/4-4edge.dat
1 16 0 -34 0 2 0 0 0 1 0 0 0 -2 p/4-4ring2.dat
0 BFC INVERTNEXT
1 16 0 -34 0 -2 0 0 0 4 0 0 0 2 p/4-4con1.dat
0 BFC INVERTNEXT
1 16 0 -26 0 -2 0 0 0 -4 0 0 0 -2 p/4-4cylc.dat
1 16 0 -34 0 -2 0 0 0 4 0 0 0 2 p/4-4con2.dat
1 16 0 -30 0 4 0 0 0 1 0 0 0 -4 p/4-4edge.dat
1 16 0 26 0 4 0 0 0 -56 0 0 0 -4 p/4-4cyli.dat
1 16 0 26 0 4 0 0 0 4 0 0 0 -4 p/2-4cyli.dat
1 16 0 30 0 4 0 0 0 4 0 0 0 -4 p/2-4cyli.dat
1 16 0 34 0 0 0 4 0 -4 0 4 0 0 p/1-4cyls.dat
1 16 0 26 0 0 0 4 0 4 0 4 0 0 p/1-4cyls.dat
1 16 0 34 0 0 0 -4 0 -4 0 4 0 0 p/1-4cyls.dat
1 16 0 26 0 0 0 -4 0 4 0 4 0 0 p/1-4cyls.dat
1 16 4 30 4 0 -4 0 0 0 4 -4 0 0 p/1-4cyls.dat
1 16 -4 30 4 0 4 0 0 0 4 -4 0 0 p/1-4cyls.dat
1 16 4 30 4 0 -4 0 0 0 -4 -4 0 0 p/1-4cyls.dat
1 16 -4 30 4 0 4 0 0 0 -4 -4 0 0 p/1-4cyls.dat
1 16 0 30 4 0 -4 0 0 0 -4 4 0 0 p/1-4cyli.dat
1 16 4 30 4 0 -4 0 4 0 0 0 0 4 p/2-4cyli.dat
1 16 -4 30 4 0 1 0 0 0 -4 4 0 0 p/3-4edge.dat
1 16 4 30 4 0 1 0 0 0 4 -4 0 0 p/4-4edge.dat
1 16 -4 30 4 0 1 0 0 0 2 -2 0 0 p/4-4ring1.dat
1 16 4 30 4 0 -1 0 0 0 2 2 0 0 p/4-4ring1.dat
0 BFC INVERTNEXT
1 16 -2 30 4 0 -2 0 0 0 2 -2 0 0 p/4-4cylc.dat
0 BFC INVERTNEXT
1 16 2 30 4 0 2 0 0 0 2 -2 0 0 p/4-4cylc.dat
1 16 0 30 4 0 1 0 0 0 4 4 0 0 p/1-4edge.dat
1 16 0 30 4 0 -1 0 0 0 4 4 0 0 p/1-4ndis.dat
1 16 -4 30 4 0 1 0 0 0 4 4 0 0 p/1-4ndis.dat
1 16 0 34 8 0 -4 0 0 0 -4 4 0 0 p/tri3u3.dat
4 16 0 34 4 -4 34 4 -4 34 12 0 34 12
1 16 1 26 -4 0 -2 0 4 0 0 0 0 -4 p/2-4cylc.dat
1 16 -1 26 -4 0 1 0 4 0 0 0 0 -4 p/2-4disc.dat
1 16 0 22 -4 0 0 -1 0 8 0 1 0 0 p/boxjcyl4.dat
3 16 0 22 -4 1 22 -4 1 22 -3.80109
3 16 -1 22 -3.80109 -1 22 -4 0 22 -4
1 16 0 22 -1.387 1 0 -2.41421 0 1 0 -2.41421 0 -1 p/1-8edge.dat
1 16 0 34 0 0 0 4 0 1.5255 0 -4 -0.312 0 p/4-4cyls.dat
1 16 0 36.828 -1.172 0 0 4 -2.828 -1.3029 0 -2.828 0.8598 0 p/4-4cyls.dat
1 16 0 40.828 -5.172 4 0 0 0 -4 -2.828 0 4 -2.828 p/4-4cyli.dat
1 16 0 40.828 -5.172 4 0 0 0 4 -2.828 0 -4 -2.828 p/4-4cyli.dat
1 16 0 44.828 -9.172 0 0 4 2.828 1.3029 0 2.828 -0.8598 0 p/4-4cyls.dat
1 16 0 47.656 -10.344 0 0 4 0 -1.5255 0 4 0.312 0 p/4-4cyls.dat
1 16 0 47.656 -10.344 4 0 0 0 28 0 0 0 4 p/2-4cyli.dat
3 16 -4 47.656 -10.344 -4 75.656 -10.344 -4 75.656 -18.344
3 16 4 47.656 -10.344 4 75.656 -18.344 4 75.656 -10.344
1 16 0 47.656 -10.344 4 0 0 0 28 0 0 -8 -4 p/2-4cyli.dat
1 16 0 75.656 -10.344 4 0 0 0 1 0 0 0 4 p/2-4edge.dat
1 16 0 75.656 -18.344 4 0 0 0 1 0 0 0 -4 p/2-4edge.dat
1 16 0 75.656 -10.344 -4 0 0 0 -1 0 0 0 4 p/2-4disc.dat
1 16 0 75.656 -18.344 -4 0 0 0 -1 0 0 0 -4 p/2-4disc.dat
1 16 0 75.656 -14.344 0 0 -4 0 -1 0 -4 0 0 p/rect2p.dat
