0 BFC CERTIFY CCW
1 16 60.078 0 0 0 -1 0 0 0 -4 4 0 0 p/4-4ring5.dat
1 16 60.078 0 0 0 -1 0 0 0 -24 24 0 0 p/48/4-4aring.dat
0 BFC INVERTNEXT
1 16 60.078 0 0 0 -14 0 0 0 -20 20 0 0 p/4-4cylo.dat
1 16 46.078 0 0 0 -1 0 2.5 0 0 0 0 2.5 p/4-4ring3.dat
1 16 46.078 0 0 0 -1 0 10 0 0 0 0 10 p/4-4ring1.dat
0 BFC INVERTNEXT
1 16 21.078 0 0 0 25 0 -7.5 0 0 0 0 7.5 p/4-4cylo.dat
1 16 21.078 0 0 0 -0.55 0 1.5 0 0 0 0 1.5 p/4-4ring4.dat
0 BFC INVERTNEXT
1 16 21.078 0 0 0 -20 0 6 0 0 0 0 6 p/4-4cylo.dat
1 16 1.078 0 0 0 1 0 2 0 0 0 0 2 p/4-4ring3.dat
1 16 1.078 0 0 0 1 0 2 0 0 0 0 2 p/4-4ring4.dat
1 16 1.078 0 0 0 41 0 -10 0 0 0 0 10 p/4-4cylo.dat
1 16 42.078 0 0 0 1 0 5 0 0 0 0 5 p/4-4ring2.dat
1 16 42.078 0 0 0 1 0 3.75 0 0 0 0 3.75 p/4-4ring4.dat
0 BFC INVERTNEXT
1 16 1.078 0 0 0 41 0 -18.75 0 0 0 0 18.75 p/4-4cylo.dat
1 16 1.078 0 0 0 1 0 3.125 0 0 0 0 3.125 p/4-4ring6.dat
1 16 1.078 0 0 0 1 0 0.875 0 0 0 0 0.875 p/4-4rin25.dat
1 16 1.078 0 0 0 41.5 0 -22.75 0 0 0 0 22.75 p/4-4cylo.dat
1 16 42.578 0 0 0 1 0 1.25 0 0 0 0 1.25 p/4-4rin18.dat
1 16 42.578 0 0 0 7.422 0 -23.75 0 0 0 0 23.75 p/4-4cylo.dat
1 16 50 0 0 0 1 0 -23.75 0 0 0 0 23.75 p/48/4-4aring.dat
1 16 46.078 -10 10 0 -1 0 1 0 0 0 0 1 p/stud.dat
1 16 46.078 10 10 0 -1 0 1 0 0 0 0 1 p/stud.dat
1 16 46.078 10 -10 0 -1 0 1 0 0 0 0 1 p/stud.dat
1 16 46.078 -10 -10 0 -1 0 1 0 0 0 0 1 p/stud.dat
1 16 0 0 0 1 0 0 0 1 0 0 0 1 parts/s/2573-12.dat
1 16 0 0 0 1 0 0 0 0.86603 -0.5 0 0.5 0.86603 parts/s/2573-12.dat
1 16 0 0 0 1 0 0 0 0.5 -0.86603 0 0.86603 0.5 parts/s/2573-12.dat
1 16 0 0 0 1 0 0 0 0 -1 0 1 0 parts/s/2573-12.dat
1 16 0 0 0 1 0 0 0 -0.5 -0.86603 0 0.86603 -0.5 parts/s/2573-12.dat
1 16 0 0 0 1 0 0 0 -0.86603 -0.5 0 0.5 -0.86603 parts/s/2573-12.dat
1 16 0 0 0 1 0 0 0 -1 0 0 0 -1 parts/s/2573-12.dat
1 16 0 0 0 1 0 0 0 -0.86603 0.5 0 -0.5 -0.86603 parts/s/2573-12.dat
1 16 0 0 0 1 0 0 0 -0.5 0.86603 0 -0.86603 -0.5 parts/s/2573-12.dat
1 16 0 0 0 1 0 0 0 0 1 0 -1 0 parts/s/2573-12.dat
1 16 0 0 0 1 0 0 0 0.5 0.86603 0 -0.86603 0.5 parts/s/2573-12.dat
1 16 0 0 0 1 0 0 0 0.86603 0.5 0 -0.5 0.86603 parts/s/2573-12.dat
