0 BFC CERTIFY CCW
1 16 0 4 0 1 0 0 0 -1 0 0 0 1 stud4a.dat
1 16 0 4 0 -6 0 0 0 -1 0 0 0 6 4-4disc.dat
1 16 0 4 0 -6 0 0 0 -1 0 0 0 6 4-4edge.dat
1 16 0 0 0 -1 0 0 0 1 0 0 0 -1 studa.dat
1 16 0 0 0 6 0 0 0 .8 0 0 0 6 1-4cyls2.dat
1 16 0 0 0 6 0 0 0 .8 0 0 0 -6 1-4cyls2.dat
1 16 0 0 0 4.24264 0 4.24264 0 1 0 -4.24264 0 4.24264 1-8cyls.dat
1 16 0 0 0 4.24264 0 4.24264 0 1 0 4.24264 0 -4.24264 1-8cyls.dat
1 16 0 4 0 -3.695518 0 -1.530734 0 -4 0 1.530734 0 -3.695518 r08o1000.dat
1 16 0 4 0 .5 0 .866025 0 1 0 -.866025 0 .5 s\25892s01.dat
1 16 0 4 0 .5 0 .866025 0 1 0 .866025 0 -.5 s\25892s01.dat
4 16 -4 0 0 -3.6956 0 -1.5308 5 0 0 -3.6956 0 1.5308
