0 BFC CERTIFY CCW
1 16 0 0 0 0 0 -1 0 1 0 1 0 0 p/stud.dat
0 BFC INVERTNEXT
1 16 0 8 -3 6 0 0 0 -4 0 0 0 -3 p/box4-4a.dat
0 BFC INVERTNEXT
1 16 0 4 0 6 0 0 0 4 0 0 0 6 p/2-4cylo.dat
1 16 0 4 0 6 0 0 0 -1 0 0 0 6 p/2-4chrd.dat
1 16 0 8 0 2 0 0 0 -1 0 0 0 2 p/2-4ring3.dat
1 16 0 8 0 2 0 0 0 -1 0 0 0 2 p/2-4ring4.dat
3 16 -8 8 0 -6 8 0 -6 8 -6
4 16 -8 8 0 -6 8 -6 -10 8 -10 -10 8 0
4 16 10 8 -10 6 8 -6 8 8 0 10 8 0
3 16 6 8 0 8 8 0 6 8 -6
4 16 -4 8 -10 -6 8 -6 6 8 -6 4 8 -10
3 16 -10 8 -10 -6 8 -6 -4 8 -10
3 16 4 8 -10 6 8 -6 10 8 -10
1 16 0 0 0 10 0 0 0 8 0 0 0 10 p/2-4cylo.dat
1 16 0 0 0 10 0 0 0 1 0 0 0 10 p/2-4chrd.dat
1 16 0 4 -10 0 0 -4 4 0 0 0 1 0 p/rect.dat
1 16 4 2 -20 0 -8 0 4 0 0 0 0 4 p/4-4cylo.dat
1 16 10 4 -5 0 -1 0 0 0 -4 5 0 0 p/rect2p.dat
1 16 -10 4 -5 0 1 0 0 0 -4 -5 0 0 p/rect2p.dat
4 16 -4 0 -10 4 0 -10 10 0 0 -10 0 0
3 16 4 0 -10 10 0 -10 10 0 0
3 16 -10 0 -10 -4 0 -10 -10 0 0
1 16 -7 0 -20 1 0 0 0 1 0 0 0 1 p/phandle1.dat
1 16 7 0 -20 -1 0 0 0 1 0 0 0 1 p/phandle1.dat
