0 BFC CERTIFY CCW
1 16 0 0 0 1 0 0 0 1 0 0 0 1 parts/s/2622s01.dat
1 16 0 0 0 -1 0 0 0 1 0 0 0 1 parts/s/2622s01.dat
1 16 0 4 -40 1 0 0 0 -5 0 0 0 1 p/stud4.dat
1 16 -70 0 70 0 0 -1 0 1 0 1 0 0 p/stud.dat
1 16 -70 0 50 0 0 -1 0 1 0 1 0 0 p/stud.dat
1 16 -70 0 30 0 0 -1 0 1 0 1 0 0 p/stud.dat
1 16 -50 0 10 0 0 -1 0 1 0 1 0 0 p/stud.dat
1 16 -50 0 -10 0 0 -1 0 1 0 1 0 0 p/stud.dat
1 16 -30 0 -30 0 0 -1 0 1 0 1 0 0 p/stud.dat
1 16 30 0 -30 0 0 -1 0 1 0 1 0 0 p/stud.dat
1 16 50 0 -10 0 0 -1 0 1 0 1 0 0 p/stud.dat
1 16 50 0 10 0 0 -1 0 1 0 1 0 0 p/stud.dat
1 16 70 0 30 0 0 -1 0 1 0 1 0 0 p/stud.dat
1 16 70 0 50 0 0 -1 0 1 0 1 0 0 p/stud.dat
1 16 70 0 70 0 0 -1 0 1 0 1 0 0 p/stud.dat
1 16 0 0 -40 0 0 -1 0 1 0 1 0 0 p/stug2.dat
