0 BFC CERTIFY CCW
1 16 0 2 30 -10 0 0 0 -1 0 0 0 30 p/rect3.dat
4 16 -5.5 2 -60 -10 2 0 10 2 0 5.5 2 -60
4 16 10 0 60 -10 0 60 -14 0 0 14 0 0
4 16 14 0 0 -14 0 0 -5.5 0 -60 5.5 0 -60
1 16 0 1 60 -10 0 0 0 0 -1 0 -1 0 p/rect3.dat
1 16 0 1 -60 0 0 5.5 1 0 0 0 1 0 p/rect.dat
1 16 0 0 0 -1 0 0 0 1 0 0 0 -1 p/stug2-6x1.dat
1 16 14 10 90 0 -1 0 10 0 0 0 0 10 p/2-4chrd.dat
1 16 9 10 90 0 1 0 8 0 0 0 0 8 p/4-4cylc.dat
1 16 10 10 90 0 1 0 10 0 0 0 0 10 p/2-4chrd.dat
1 16 14 10 90 0 -4 0 10 0 0 0 0 10 p/2-4cylo.dat
4 16 14 0 90 14 0 0 14 27 20 14 20 90
3 16 14 0 0 14 26 0 14 27 20
3 16 10 27 20 10 26 0 10 2 0
4 16 10 0 60 10 0 90 10 20 90 10 2 60
4 16 10 2 60 10 20 90 10 27 20 10 2 0
4 16 10 0 90 10 0 60 14 0 0 14 0 90
4 16 10 27 20 10 20 90 14 20 90 14 27 20
1 16 12 26.5 10 -2 0 0 0 -1 0.5 0 0 10 p/rect3.dat
1 16 9.5 2 45 0 0 -0.5 0 22 0 1 0 0 p/box4-1.dat
1 16 10 6 20 0 -0.5 0 0 0 2 -2 0 0 p/box5.dat
1 16 9.5 2 1 0 0 -0.5 0 23.5 0 1 0 0 p/box4-1.dat
1 16 10 18 20 0 1 0 0 0 -8 8 0 0 p/4-4edge.dat
1 16 10 18 20 0 -1 0 0 0 -8 8 0 0 p/2-4cyli.dat
1 16 9 18 20 0 1 0.6 0 0 8 -8 0 0 p/2-4cyli.dat
1 16 9 18 20 0 1 0 0 0 -8 8 0 0 p/2-4chrd.dat
1 16 9 18 20 0 1 0.6 0 0 8 -8 0 0 p/2-4chrd.dat
1 16 9 18 20 0 1 0 0 0 -8 8 0 0 p/2-4edge.dat
1 16 9 18 20 0 1 0.6 0 0 8 -8 0 0 p/2-4edge.dat
1 16 8 10 -90 0 1 0 -10 0 0 0 0 -10 p/2-4edge.dat
1 16 8 10 -90 0 -1 0 -10 0 0 0 0 -10 p/2-4chrd.dat
1 16 6 10 -90 0 0 -2 -10 0 0 0 10 0 p/box4o8a.dat
1 16 4 10 -90 0 1 0 -10 0 0 0 0 -10 p/3-16edge.dat
1 16 0.25 10 -90 0 -1 0 -3.8268 0 9.2388 -9.2388 0 -3.8268 p/1-8edge.dat
1 16 4 10 -90 0 -3.75 0 -3.8268 0 9.2388 -9.2388 0 -3.8268 p/1-8cyli.dat
0 BFC INVERTNEXT
1 16 4 10 -88 0 -3.75 0 -3.8268 0 9.2388 -9.2388 0 -3.8268 p/1-8cylo.dat
1 16 0.25 10 -90 0 1 0 0 0 -10 -1 0 0 p/1-16chrd.dat
1 16 0.25 10 -90 0 1 0 0 0 10 -1 0 0 p/1-16chrd.dat
1 16 0.25 11.9134 -98.61935 0 1 0 1.9134 0 0 0.38065 0 -1 p/rect1.dat
1 16 0.25 8.0866 -98.6194 0 1 0 -1.9134 0 0 0.3806 0 1 p/rect1.dat
1 16 2.125 13.8268 -98.2388 0 0 1.875 0 -1 0 1 0 0 p/rect3.dat
1 16 2.125 6.1732 -98.2388 0 0 1.875 0 1 0 -1 0 0 p/rect3.dat
1 16 4 10 -90 0 1 0 10 0 0 0 0 -10 p/3-16edge.dat
1 16 4 10 -90 0 1 0 -10 0 0 0 0 -10 p/3-16chrd.dat
1 16 4 10 -90 0 1 0 10 0 0 0 0 -10 p/3-16chrd.dat
4 16 4 20 -90 4 13.8268 -99.2387 4 6.173 -99.239 4 0 -90
1 16 8 10 -90 0 -4 0 -10 0 0 0 0 -10 p/2-4cyli.dat
4 16 8 20 -80 14 26 0 14 0 0 8 0 -80
4 16 5.5 0 -60 5.5 2 -60 4 20 -80 4 0 -80
4 16 10 2 0 10 26 0 4 20 -80 5.5 2 -60
4 16 14 0 0 5.5 0 -60 4 0 -80 8 0 -80
4 16 4 20 -80 10 26 0 14 26 0 8 20 -80
1 16 -14 10 90 0 1 0 10 0 0 0 0 10 p/2-4chrd.dat
1 16 -9 10 90 0 -1 0 8 0 0 0 0 8 p/4-4cylc.dat
1 16 -10 10 90 0 -1 0 10 0 0 0 0 10 p/2-4chrd.dat
1 16 -14 10 90 0 4 0 10 0 0 0 0 10 p/2-4cylo.dat
3 16 -14 27 20 -14 26 0 -14 0 0
4 16 -14 27 20 -14 0 0 -14 0 90 -14 20 90
3 16 -10 26 0 -10 27 20 -10 2 0
4 16 -10 20 90 -10 0 90 -10 0 60 -10 2 60
4 16 -10 27 20 -10 20 90 -10 2 60 -10 2 0
4 16 -14 0 0 -10 0 60 -10 0 90 -14 0 90
4 16 -14 20 90 -10 20 90 -10 27 20 -14 27 20
1 16 -12 26.5 10 -2 0 0 0 -1 0.5 0 0 10 p/rect3.dat
1 16 -9.5 2 45 0 0 0.5 0 22 0 -1 0 0 p/box4-1.dat
1 16 -10 6 20 0 0.5 0 0 0 2 -2 0 0 p/box5.dat
1 16 -9.5 2 1 0 0 0.5 0 23.5 0 -1 0 0 p/box4-1.dat
1 16 -10 18 20 0 1 0 0 0 -8 8 0 0 p/4-4edge.dat
1 16 -10 18 20 0 1 0 0 0 -8 8 0 0 p/2-4cyli.dat
1 16 -9 18 20 0 -1 -0.6 0 0 8 -8 0 0 p/2-4cyli.dat
1 16 -9 18 20 0 -1 0 0 0 -8 8 0 0 p/2-4chrd.dat
1 16 -9 18 20 0 0 -0.6 0 -1 8 -8 0 0 p/2-4chrd.dat
1 16 -9 18 20 0 1 0 0 0 -8 8 0 0 p/2-4edge.dat
1 16 -9 18 20 0 1 -0.6 0 0 8 -8 0 0 p/2-4edge.dat
1 16 -8 10 -90 0 1 0 -10 0 0 0 0 -10 p/2-4edge.dat
1 16 -8 10 -90 0 1 0 -10 0 0 0 0 -10 p/2-4chrd.dat
1 16 -6 10 -90 0 0 -2 -10 0 0 0 10 0 p/box4o8a.dat
1 16 -4 10 -90 0 1 0 -10 0 0 0 0 -10 p/3-16edge.dat
1 16 -0.25 10 -90 0 -1 0 -3.8268 0 9.2388 -9.2388 0 -3.8268 p/1-8edge.dat
1 16 -0.25 10 -88 0 -1 0 -3.8268 0 9.2388 -9.2388 0 -3.8268 p/1-8edge.dat
1 16 -4 10 -88 0 -1 0 -3.8268 0 9.2388 -9.2388 0 -3.8268 p/1-8edge.dat
1 16 -4 10 -90 0 3.75 0 -3.8268 0 9.2388 -9.2388 0 -3.8268 p/1-8cyli.dat
1 16 -0.25 10 -90 0 -1 0 0 0 10 -1 0 0 p/1-16chrd.dat
1 16 -0.25 10 -90 0 -1 0 0 0 -10 -1 0 0 p/1-16chrd.dat
0 BFC INVERTNEXT
1 16 -4 10 -88 0 3.75 0 -3.8268 0 9.2388 -9.2388 0 -3.8268 p/1-8cyli.dat
1 16 -0.25 11.9134 -98.61935 0 -1 0 1.9134 0 0 0.38065 0 1 p/rect1.dat
1 16 -0.25 8.0866 -98.6194 0 -1 0 -1.9134 0 0 0.3806 0 -1 p/rect1.dat
1 16 -2.125 13.82685 -98.23878 0 0 -1.875 0 -1 0 -1 0 0 p/rect3.dat
1 16 -2.125 6.1732 -98.2388 0 0 -1.875 0 1 0 1 0 0 p/rect3.dat
1 16 -4 10 -90 0 1 0 10 0 0 0 0 -10 p/3-16edge.dat
1 16 -4 10 -90 0 -1 0 -10 0 0 0 0 -10 p/3-16chrd.dat
1 16 -4 10 -90 0 -1 0 10 0 0 0 0 -10 p/3-16chrd.dat
4 16 -4 0 -90 -4 6.173 -99.239 -4 13.8268 -99.2387 -4 20 -90
1 16 -8 10 -90 0 4 0 -10 0 0 0 0 -10 p/2-4cyli.dat
4 16 -14 0 0 -14 26 0 -8 20 -80 -8 0 -80
4 16 -4 20 -80 -5.5 2 -60 -5.5 0 -60 -4 0 -80
4 16 -4 20 -80 -10 26 0 -10 2 0 -5.5 2 -60
4 16 -4 0 -80 -5.5 0 -60 -14 0 0 -8 0 -80
4 16 -14 26 0 -10 26 0 -4 20 -80 -8 20 -80
1 16 0 17 72 0 0 10 0 -1 0 2 0 0 p/rect.dat
4 16 0 9 70 -10 5 70 -10 17 70 10 17 70
4 16 0 9 74 10 5 74 10 17 74 -10 17 74
1 16 -5 7 72 -5 0 0 -2 1 0 0 0 -2 p/rect.dat
1 16 5 7 72 0 0 5 0 1 -2 -2 0 0 p/rect3.dat
3 16 0 9 70 10 17 70 10 5 70
3 16 0 9 74 -10 17 74 -10 5 74
1 16 0 14 -90 2 0 0 0 0 -3 0 8 0 p/box4o8a.dat
1 16 0 14 -90 2 0 0 0 0 -3 0 1 0 p/recte3.dat
1 16 0 14 -82 2 0 0 0 0 -3 0 1 0 p/recte3.dat
3 16 2 17 -90 4 17 -90 4 17 -94
4 16 4 17 -94 -4 17 -94 -2 17 -90 2 17 -90
3 16 -4 17 -94 -4 17 -90 -2 17 -90
4 16 0 9 -94 -4 5 -94 -4 17 -94 4 17 -94
1 16 -2 7 -92 -2 -1 0 -2 0 0 0 0 -2 p/rect.dat
1 16 2 7 -92 0 1 2 0 0 -2 -2 0 0 p/rect3.dat
3 16 0 9 -94 4 17 -94 4 5 -94
3 16 2 11 -90 0 9 -90 4 5 -90
4 16 -2 11 -90 -2 17 -90 -4 17 -90 -4 5 -90
3 16 -2 11 -90 0 9 -90 2 11 -90
4 16 4 5 -90 4 17 -90 2 17 -90 2 11 -90
3 16 0 9 -90 -2 11 -90 -4 5 -90
3 16 -2 17 -82 -4 17 -82 -4.15 17 -78
4 16 2 17 -82 -2 17 -82 -4.15 17 -78 4.15 17 -78
3 16 4.15 17 -78 4 17 -82 2 17 -82
4 16 0 9 -78 4.15 4.85 -78 4.15 17 -78 -4.15 17 -78
4 16 0 9 -78 -4.15 4.85 -78 -4 5 -82 0 9 -82
4 16 4.15 4.85 -78 0 9 -78 0 9 -82 4 5 -82
3 16 0 9 -82 2 11 -82 4 5 -82
3 16 -2 11 -82 0 9 -82 -4 5 -82
4 16 4 17 -82 4 5 -82 2 11 -82 2 17 -82
4 16 -2 11 -82 -4 5 -82 -4 17 -82 -2 17 -82
3 16 0 9 -82 -2 11 -82 2 11 -82
3 16 0 9 -78 -4.15 17 -78 -4.15 4.85 -78
