0 BFC CERTIFY CCW
1 16 0 8 0 40 0 0 0 1 0 0 0 10 p/recte4.dat
0 BFC INVERTNEXT
1 16 0 8 0 20 0 0 0 -5 0 0 0 4 p/box4o4a.dat
1 16 0 3 -7 -20 0 0 0 1 0 0 0 -3 p/rect2p.dat
1 16 0 3 7 -20 0 0 0 1 0 0 0 -3 p/rect2p.dat
4 16 20 3 -10 -20 3 -10 -40 8 -10 40 8 -10
4 16 20 3 10 40 8 10 -40 8 10 -20 3 10
4 16 -20 8 4 -40 8 10 40 8 10 20 8 4
4 16 -40 8 -10 -40 8 10 -20 8 4 -20 8 -4
4 16 20 8 -4 40 8 -10 -40 8 -10 -20 8 -4
4 16 40 8 10 40 8 -10 20 8 -4 20 8 4
1 16 30 1.5 -8.89 0 0 -10 0 -1.5 0 1.11 0 0 p/box3-3.dat
1 16 30 3 -4.44 0 0 -10 0 -3 0 1.11 0 0 p/box5-2p.dat
1 16 30 3 0 0 0 -10 0 -3 0 1.11 0 0 p/box5-2p.dat
1 16 30 3 4.44 0 0 -10 0 -3 0 -1.11 0 0 p/box5-2p.dat
1 16 30 1.5 8.89 0 0 -10 0 -1.5 0 -1.11 0 0 p/box3-3.dat
4 16 40 8 -10 40 0 -10 20 0 -10 20 3 -10
4 16 20 0 10 40 0 10 40 8 10 20 3 10
1 16 30 3 -6.665 10 0 0 0 1 0 0 0 1.115 p/rect1.dat
1 16 30 3 -2.22 0 0 -10 0 1 0 1.11 0 0 p/rect2p.dat
1 16 30 3 6.665 10 0 0 0 1 0 0 0 1.115 p/rect1.dat
1 16 30 3 2.22 0 0 -10 0 1 0 1.11 0 0 p/rect2p.dat
4 16 40 0 -7.78 40 0 -10 40 8 -10 40 3 -7.78
4 16 40 0 10 40 0 7.78 40 3 7.78 40 8 10
3 16 40 3 -5.55 40 3 -7.78 40 8 -10
3 16 40 3 -3.33 40 3 -5.55 40 8 -10
3 16 40 3 -1.11 40 3 -3.33 40 8 -10
4 16 40 8 -10 40 8 10 40 3 1.11 40 3 -1.11
3 16 40 8 10 40 3 3.33 40 3 1.11
3 16 40 8 10 40 3 5.55 40 3 3.33
3 16 40 8 10 40 3 7.78 40 3 5.55
1 16 30 11 0 5.5 0 0 0 -3 0 0 0 5.5 p/4-4cylo.dat
1 16 35.5 11.5 0 0 -1 0 0 0 .5 -3.5 0 0 p/rect2p.dat
1 16 24.5 11.5 0 0 1 0 0 0 -.5 -3.5 0 0 p/rect2p.dat
1 16 26.5 11.5 0 0 7 0 .5 0 0 0 0 -5.5 p/box4o8a.dat
1 16 33.5 11 3.5 2 0 0 0 1 0 0 0 2 p/1-4chrd.dat
1 16 33.5 11 -3.5 0 0 2 0 1 0 -2 0 0 p/1-4chrd.dat
1 16 26.5 11 -3.5 -2 0 0 0 1 0 0 0 -2 p/1-4chrd.dat
1 16 26.5 11 3.5 0 0 -2 0 1 0 2 0 0 p/1-4chrd.dat
4 16 24.5 11 3.5 24.5 11 -3.5 26.5 11 -5.5 26.5 11 5.5
4 16 33.5 11 5.5 33.5 11 -5.5 35.5 11 -3.5 35.5 11 3.5
1 16 33.5 12 3.5 2 0 0 0 -1 0 0 0 2 p/1-4chrd.dat
1 16 33.5 12 -3.5 0 0 2 0 -1 0 -2 0 0 p/1-4chrd.dat
1 16 26.5 12 -3.5 -2 0 0 0 -1 0 0 0 -2 p/1-4chrd.dat
1 16 26.5 12 3.5 0 0 -2 0 -1 0 2 0 0 p/1-4chrd.dat
4 16 26.5 12 -5.5 24.5 12 -3.5 24.5 12 3.5 26.5 12 5.5
4 16 35.5 12 -3.5 33.5 12 -5.5 33.5 12 5.5 35.5 12 3.5
1 16 33.5 11 3.5 2 0 0 0 1 0 0 0 2 p/1-4cylo.dat
1 16 33.5 11 -3.5 0 0 2 0 1 0 -2 0 0 p/1-4cylo.dat
1 16 26.5 11 -3.5 -2 0 0 0 1 0 0 0 -2 p/1-4cylo.dat
1 16 26.5 11 3.5 0 0 -2 0 1 0 2 0 0 p/1-4cylo.dat
1 16 -30 1.5 8.89 0 0 10 0 -1.5 0 -1.11 0 0 p/box3-3.dat
1 16 -30 3 4.44 0 0 10 0 -3 0 -1.11 0 0 p/box5-2p.dat
1 16 -30 3 0 0 0 10 0 -3 0 -1.11 0 0 p/box5-2p.dat
1 16 -30 3 -4.44 0 0 10 0 -3 0 1.11 0 0 p/box5-2p.dat
1 16 -30 1.5 -8.89 0 0 10 0 -1.5 0 1.11 0 0 p/box3-3.dat
4 16 -40 8 10 -40 0 10 -20 0 10 -20 3 10
4 16 -20 0 -10 -40 0 -10 -40 8 -10 -20 3 -10
1 16 -30 3 6.665 -10 0 0 0 1 0 0 0 -1.115 p/rect1.dat
1 16 -30 3 2.22 0 0 10 0 1 0 -1.11 0 0 p/rect2p.dat
1 16 -30 3 -6.665 -10 0 0 0 1 0 0 0 -1.115 p/rect1.dat
1 16 -30 3 -2.22 0 0 10 0 1 0 -1.11 0 0 p/rect2p.dat
4 16 -40 0 7.78 -40 0 10 -40 8 10 -40 3 7.78
4 16 -40 0 -10 -40 0 -7.78 -40 3 -7.78 -40 8 -10
3 16 -40 3 5.55 -40 3 7.78 -40 8 10
3 16 -40 3 3.33 -40 3 5.55 -40 8 10
3 16 -40 3 1.11 -40 3 3.33 -40 8 10
4 16 -40 8 10 -40 8 -10 -40 3 -1.11 -40 3 1.11
3 16 -40 8 -10 -40 3 -3.33 -40 3 -1.11
3 16 -40 8 -10 -40 3 -5.55 -40 3 -3.33
3 16 -40 8 -10 -40 3 -7.78 -40 3 -5.55
1 16 -30 11 0 5.5 0 0 0 -3 0 0 0 5.5 p/4-4cylo.dat
1 16 -24.5 11.5 0 0 -1 0 0 0 .5 -3.5 0 0 p/rect2p.dat
1 16 -35.5 11.5 0 0 1 0 0 0 -.5 -3.5 0 0 p/rect2p.dat
1 16 -33.5 11.5 0 0 7 0 .5 0 0 0 0 -5.5 p/box4o8a.dat
1 16 -26.5 11 3.5 2 0 0 0 1 0 0 0 2 p/1-4chrd.dat
1 16 -26.5 11 -3.5 0 0 2 0 1 0 -2 0 0 p/1-4chrd.dat
1 16 -33.5 11 -3.5 -2 0 0 0 1 0 0 0 -2 p/1-4chrd.dat
1 16 -33.5 11 3.5 0 0 -2 0 1 0 2 0 0 p/1-4chrd.dat
4 16 -35.5 11 3.5 -35.5 11 -3.5 -33.5 11 -5.5 -33.5 11 5.5
4 16 -26.5 11 5.5 -26.5 11 -5.5 -24.5 11 -3.5 -24.5 11 3.5
1 16 -26.5 12 3.5 2 0 0 0 -1 0 0 0 2 p/1-4chrd.dat
1 16 -26.5 12 -3.5 0 0 2 0 -1 0 -2 0 0 p/1-4chrd.dat
1 16 -33.5 12 -3.5 -2 0 0 0 -1 0 0 0 -2 p/1-4chrd.dat
1 16 -33.5 12 3.5 0 0 -2 0 -1 0 2 0 0 p/1-4chrd.dat
4 16 -33.5 12 -5.5 -35.5 12 -3.5 -35.5 12 3.5 -33.5 12 5.5
4 16 -24.5 12 -3.5 -26.5 12 -5.5 -26.5 12 5.5 -24.5 12 3.5
1 16 -26.5 11 3.5 2 0 0 0 1 0 0 0 2 p/1-4cylo.dat
1 16 -26.5 11 -3.5 0 0 2 0 1 0 -2 0 0 p/1-4cylo.dat
1 16 -33.5 11 -3.5 -2 0 0 0 1 0 0 0 -2 p/1-4cylo.dat
1 16 -33.5 11 3.5 0 0 -2 0 1 0 2 0 0 p/1-4cylo.dat
