0 BFC CERTIFY CCW
1 16 0 12 0 -6 0 0 0 10 0 0 0 -6 4-4cylo.dat
1 16 0 12 0 -9 0 0 0 1 0 0 0 -9 4-4edge.dat
1 16 0 12 0 -3 0 0 0 -1 0 0 0 3 4-4ring2.dat
1 16 0 10 0 -9 0 0 0 2 0 0 0 -9 4-4cyli.dat
1 16 0 10 0 -9 0 0 0 -9 0 0 0 -9 1-4cyls.dat
1 16 0 10 0 -9 0 0 0 -9 0 0 0 9 1-4cyls.dat
1 16 0 10 0 9 0 0 0 -9 0 0 0 9 1-4cyls.dat
1 16 0 10 0 9 0 0 0 -9 0 0 0 -9 1-4cyls.dat
0 BFC INVERTNEXT
1 16 -8 0 0 0 16 0 6 0 0 0 0 -6 4-4cylo.dat
1 16 -10 0 0 0 1 0 1 0 0 0 0 -1 peghole.dat
1 16 -10 0 0 0 2 0 2 0 0 0 0 2 4-4ring4.dat
1 16 10 0 0 0 -1 0 -1 0 0 0 0 1 peghole.dat
1 16 10 0 0 0 -2 0 -2 0 0 0 0 2 4-4ring4.dat
1 16 10 0 0 0 -20 0 0 0 -10 10 0 0 4-4cylo.dat
1 494 0 98 0 6 0 0 0 -76 0 0 0 6 4-4cylc.dat
1 494 0 98 0 4 0 0 0 6 0 0 0 4 4-4cylc.dat
1 494 0 104 0 6 0 0 0 1 0 0 0 6 4-4edge.dat
1 494 0 104 0 6 0 0 0 1 0 0 0 6 4-4disc.dat
1 494 0 104 0 6 0 0 0 2 0 0 0 6 4-8sphe.dat
