0 BFC CERTIFY CCW
1 16 0 22 0 19 0 0 0 1 0 0 0 19 p/4-4edge.dat
1 16 0 92 0 19 0 0 0 1 0 0 0 19 p/4-4edge.dat
1 16 0 92 0 15 0 0 0 1 0 0 0 15 p/4-4edge.dat
1 16 0 92 0 3 0 0 0 -1 0 0 0 3 p/4-4ring5.dat
1 16 0 92 0 1 0 0 0 -1 0 0 0 1 p/4-4rin18.dat
1 16 0 92 0 19 0 0 0 -70 0 0 0 19 p/4-4cyli.dat
1 16 0 22 0 17 0 0 0 1 0 0 0 17 p/4-4edge.dat
1 16 0 0 0 17 0 0 0 1 0 0 0 -17 p/4-4edge.dat
1 16 0 0 0 17 0 0 0 22 0 0 0 -17 p/4-4cyli.dat
1 16 0 0 0 1 0 0 0 1 0 0 0 1 p/4-4rin16.dat
1 16 0 22 0 1 0 0 0 1 0 0 0 1 p/4-4rin17.dat
1 16 0 22 0 1 0 0 0 1 0 0 0 1 p/4-4rin18.dat
1 16 0 0 0 1 0 0 0 1 0 0 0 1 p/4-4rin15.dat
1 16 0 0 0 15 0 0 0 1 0 0 0 -15 p/4-4edge.dat
0 BFC INVERTNEXT
1 16 0 92 0 15 0 0 0 -92 0 0 0 -15 p/4-4cyli.dat
1 16 0 7 19 5 0 0 0 0 5 0 -1 0 p/2-4edge.dat
1 16 0 7 -19 5 0 0 0 0 5 0 -1 0 p/2-4edge.dat
1 16 0 7 -19 -5 0 0 0 -0.3875 -5 0 -0.9219 2 p/2-4edge.dat
1 16 0 7 19 5 0 0 0 -0.3875 -5 0 0.9219 -2 p/2-4edge.dat
1 16 0 7 19 -5 0 0 0 0.3875 -5 0 -0.9219 -2 p/2-4disc.dat
1 16 0 7 -19 5 0 0 0 0.3875 -5 0 0.9219 2 p/2-4disc.dat
1 16 0 7 -19 5 0 0 0 0 5 0 1 0 p/2-4disc.dat
1 16 0 7 19 5 0 0 0 0 5 0 -1 0 p/2-4disc.dat
1 16 0 7 -17 0 0 5 -5 0 0 0 -2 0 p/1-4cyls.dat
1 16 0 7 -17 0 0 -5 -5 0 0 0 -2 0 p/1-4cyls.dat
1 16 0 7 -17 -5 0 0 0 0 -5 0 0.99 0 p/1-4cyls2.dat
1 16 0 7 -17 -5 0 0 0 0 5 0 0.99 0 p/1-4cyls2.dat
1 16 0 7 -17 5 0 0 0 0 5 0 0.99 0 p/1-4cyls2.dat
1 16 0 7 -17 5 0 0 0 0 -5 0 0.99 0 p/1-4cyls2.dat
1 16 0 7 -17 5 0 0 0 0 5 0 -2 0 p/2-4cyli.dat
1 16 0 7 17 0 0 -5 -5 0 0 0 2 0 p/1-4cyls.dat
1 16 0 7 17 0 0 5 -5 0 0 0 2 0 p/1-4cyls.dat
1 16 0 7 17 5 0 0 0 0 -5 0 -0.99 0 p/1-4cyls2.dat
1 16 0 7 17 5 0 0 0 0 5 0 -0.99 0 p/1-4cyls2.dat
1 16 0 7 17 -5 0 0 0 0 5 0 -0.99 0 p/1-4cyls2.dat
1 16 0 7 17 -5 0 0 0 0 -5 0 -0.99 0 p/1-4cyls2.dat
1 16 0 7 17 -5 0 0 0 0 5 0 2 0 p/2-4cyli.dat
1 16 0 7 17 0 -0.3789 5 -5 0 0 0 -1 -0.99 p/2-4edge.dat
1 16 0 7 17 0 0.3789 -5 5 0 0 0 -1 -0.99 p/2-4edge.dat
1 16 0 7 -17 0 0.3789 -5 -5 0 0 0 1 0.99 p/2-4edge.dat
1 16 0 7 -17 0 -0.3789 5 5 0 0 0 1 0.99 p/2-4edge.dat
