0 BFC CERTIFY CCW
1 16 0 0 0 28 0 0 0 28 0 0 0 28 t01q1429.dat
1 16 0 0 0 1 0 0 0 1 0 0 0 1 stud2a.dat
1 16 0 0 0 6 0 0 0 1 0 0 0 6 4-4edge.dat
1 16 0 19 0 1 0 0 0 -1.25 0 0 0 1 stud4a.dat
1 16 0 19 0 8 0 0 0 1 0 0 0 8 4-4edge.dat
1 16 0 4 0 4 0 0 0 1 0 0 0 4 4-4edge.dat
1 16 0 4 0 2 0 0 0 -1 0 0 0 2 4-4ring2.dat
1 16 0 0 0 2 0 0 0 1 0 0 0 2 4-4ring3.dat
1 16 0 0 0 2 0 0 0 1 0 0 0 2 4-4ring4.dat
1 16 0 19 0 2 0 0 0 -1 0 0 0 2 4-4ring4.dat
1 16 0 4 0 1 0 0 0 12 0 0 0 1 axlehole.dat
1 16 0 4 0 1 0 0 0 1 0 0 0 1 axlehol2.dat
1 16 0 16 0 1 0 0 0 1 0 0 0 1 axlehol3.dat
0 BFC INVERTNEXT
1 16 0 16 0 6 0 0 0 3 0 0 0 6 4-4cyli.dat
0 BFC INVERTNEXT
1 16 0 0 0 4 0 0 0 4 0 0 0 4 4-4cyli.dat
1 16 0 0 0 10 0 0 0 19 0 0 0 10 4-4cylo.dat
4 16 4 5 8.93 0 5 9.75 0 2 25.09 4 2 24.27
1 16 4 1.5 16.6 0 -1 0 -1.5 0 -2 7.67 0 0 rect2p.dat
4 16 0 1 9.75 4 1 8.93 4 -2 24.27 0 -2 25.09
4 16 0 5 9.75 -4 5 8.93 -4 2 24.27 0 2 25.09
1 16 -4 1.5 16.6 0 1 0 -1.5 0 -2 7.67 0 0 rect2p.dat
4 16 -4 1 8.93 0 1 9.75 0 -2 25.09 -4 -2 24.27
3 16 2 5 9.33 2 9 9.33 2 4.22352 13.3104
1 16 -1 6.61118 11.53069 -1 0 0 0 0 -2.38941 -0.21 -1 1.991175 rect2a.dat
3 16 -2 5 9.33 -2 4.22352 13.3104 -2 9 9.33
1 16 1 6.61118 11.53069 1 0 0 0 0 -2.38941 -0.21 -1 1.991175 rect2a.dat
4 16 5.73361 5 -7.9291 8.44375 5 -4.875 21.72858 2 -12.545 19.01843 2 -15.59911
1 16 12.37603 1.5 -11.7641 6.64242 0.5 0 -1.5 0 -2 -3.835 0.86603 0 rect2p.dat
4 16 8.44375 1 -4.875 5.73361 1 -7.9291 19.01843 -2 -15.59911 21.72858 -2 -12.545
4 16 8.44375 5 -4.875 9.73361 5 -1.00089 23.01844 2 -8.6709 21.72858 2 -12.545
1 16 16.37602 1.5 -4.8359 6.64242 -0.5 0 -1.5 0 -2 -3.835 -0.86603 0 rect2p.dat
4 16 9.73361 1 -1.00089 8.44375 1 -4.875 21.72858 -2 -12.545 23.01844 -2 -8.6709
3 16 7.08002 5 -6.39706 7.08002 9 -6.39706 10.52715 4.22352 -8.38725
1 16 10.48587 6.61118 -4.89931 0.31814 -0.86603 1.7244 0 0 -2.38941 0.97102 0.5 -0.99559 rect2a.dat
3 16 9.08001 5 -2.93295 12.52714 4.22352 -4.92315 9.08001 9 -2.93295
1 16 9.48588 6.61118 -6.63137 -0.68187 -0.86603 1.7244 0 0 -2.38941 -0.76103 0.5 -0.99559 rect2a.dat
4 16 -9.73361 5 -1.0009 -8.44375 5 -4.875 -21.72858 2 -12.545 -23.01844 2 -8.6709
1 16 -16.37602 1.5 -4.8359 -6.64241 0.5 0 -1.5 0 -2 -3.835 -0.86602 0 rect2p.dat
4 16 -8.44375 1 -4.875 -9.73361 1 -1.0009 -23.01844 -2 -8.6709 -21.72858 -2 -12.545
4 16 -8.44375 5 -4.875 -5.73361 5 -7.9291 -19.01843 2 -15.5991 -21.72858 2 -12.545
1 16 -12.37602 1.5 -11.7641 -6.64241 -0.5 0 -1.5 0 -2 -3.835 0.86602 0 rect2p.dat
4 16 -5.73361 1 -7.9291 -8.44375 1 -4.875 -21.72858 -2 -12.545 -19.01843 -2 -15.5991
3 16 -9.08001 5 -2.93295 -9.08001 9 -2.93295 -12.52714 4.22352 -4.92315
1 16 -9.48587 6.61118 -6.63137 0.68186 0.86602 -1.72441 0 0 -2.38941 -0.76102 0.5 -0.99559 rect2a.dat
3 16 -7.08002 5 -6.39705 -10.52715 4.22352 -8.38726 -7.08002 9 -6.39705
1 16 -10.48587 6.61118 -4.89932 -0.31813 0.86602 -1.72441 0 0 -2.38941 0.97103 0.5 -0.99559 rect2a.dat
