0 BFC CERTIFY CCW
1 16 -40 20 0 0 0 -2 0 -1 0 -20 0 0 p/rect3.dat
1 16 -20 20 0 -6 0 0 0 -1 0 0 0 6 p/4-4ndis.dat
1 16 20 20 0 -6 0 0 0 -1 0 0 0 6 p/4-4ndis.dat
1 16 40 20 0 0 0 2 0 -1 0 20 0 0 p/rect3.dat
1 16 -36.5 18 18.5 0 -0.707107 -1.5 2 0 0 0 -0.707107 1.5 p/rect3.dat
1 16 0 18 17 35 0 0 0 0 2 0 -1 0 p/rect.dat
1 16 36.5 18 18.5 0 0.707107 1.5 -2 0 0 0 -0.707107 1.5 p/rect3.dat
0 BFC INVERTNEXT
1 16 -20 16 0 6 0 0 0 4 0 0 0 6 p/4-4cylo.dat
0 BFC INVERTNEXT
1 16 20 16 0 6 0 0 0 4 0 0 0 6 p/4-4cylo.dat
1 16 -36.5 18 -18.5 0 -0.707107 -1.5 -2 0 0 0 0.707107 -1.5 p/rect3.dat
1 16 0 18 -17 -35 0 0 0 0 2 0 1 0 p/rect.dat
1 16 36.5 18 -18.5 0 0.707107 1.5 2 0 0 0 0.707107 -1.5 p/rect3.dat
1 16 -20 16 0 6 0 0 0 1 0 0 0 6 p/4-4ndis.dat
1 16 20 16 0 6 0 0 0 1 0 0 0 6 p/4-4ndis.dat
3 16 -26 20 6 -35 20 17 -14 20 6
4 16 -35 20 17 35 20 17 14 20 6 -14 20 6
3 16 14 20 6 35 20 17 26 20 6
4 16 -35 20 -17 -38 20 -20 -38 20 20 -35 20 17
4 16 -35 20 17 -26 20 6 -26 20 -6 -35 20 -17
4 16 -14 20 6 14 20 6 14 20 -6 -14 20 -6
4 16 35 20 -17 26 20 -6 26 20 6 35 20 17
4 16 35 20 17 38 20 20 38 20 -20 35 20 -17
3 16 -14 20 -6 -35 20 -17 -26 20 -6
4 16 35 20 -17 -35 20 -17 -14 20 -6 14 20 -6
3 16 26 20 -6 35 20 -17 14 20 -6
4 16 -46.5 16 20 -38 16 20 -38 20 20 -42 20 20
4 16 42 20 20 38 20 20 38 16 20 46.5 16 20
4 16 -42 20 -20 -38 20 -20 -38 16 -20 -46.5 16 -20
3 16 -14 16 6 -35 16 17 -26 16 6
4 16 -14 16 6 14 16 6 35 16 17 -35 16 17
3 16 26 16 6 35 16 17 14 16 6
4 16 46.5 16 -20 38 16 -20 38 20 -20 42 20 -20
4 16 -40 16 -20 -38 16 -20 -38 16 20 -40 16 20
4 16 -35 16 17 -38 16 20 -38 16 -20 -35 16 -17
4 16 -35 16 -17 -26 16 -6 -26 16 6 -35 16 17
4 16 -14 16 -6 14 16 -6 14 16 6 -14 16 6
4 16 35 16 17 26 16 6 26 16 -6 35 16 -17
4 16 35 16 -17 38 16 -20 38 16 20 35 16 17
4 16 40 16 20 38 16 20 38 16 -20 40 16 -20
3 16 -26 16 -6 -35 16 -17 -14 16 -6
4 16 14 16 -6 -14 16 -6 -35 16 -17 35 16 -17
3 16 14 16 -6 35 16 -17 26 16 -6
1 16 -51 14 18 0 0.894427 -9 0 0.447214 -6 2 0 0 p/rect.dat
1 16 51 14 18 0 -0.894427 -9 0 0.447214 6 2 0 0 p/rect.dat
1 16 -42 12 0 0 1 0 0 0 8 16 0 0 p/rect3.dat
1 16 42 12 0 0 -1 0 0 0 8 -16 0 0 p/rect3.dat
1 16 -51 14 -18 0 0.894427 -9 0 0.447214 -6 2 0 0 p/rect.dat
1 16 51 14 -18 0 -0.894427 -9 0 0.447214 6 2 0 0 p/rect.dat
3 16 -60 8 20 -46.5 16 20 -42 20 20
3 16 -46.5 8 20 -46.5 16 20 -60 8 20
3 16 42 20 20 46.5 16 20 60 8 20
3 16 60 8 20 46.5 16 20 46.5 8 20
4 16 -42 4 16 -60 4 16 -60 8 16 -42 20 16
4 16 42 20 16 60 8 16 60 4 16 42 4 16
4 16 -42 20 -16 -60 8 -16 -60 4 -16 -42 4 -16
4 16 42 4 -16 60 4 -16 60 8 -16 42 20 -16
3 16 -42 20 -20 -46.5 16 -20 -60 8 -20
3 16 -60 8 -20 -46.5 16 -20 -46.5 8 -20
3 16 60 8 -20 46.5 16 -20 42 20 -20
3 16 46.5 8 -20 46.5 16 -20 60 8 -20
1 16 -20 4 40 -5.65685 0 5.65685 0 8 0 -5.65685 0 -5.65685 p/1-4cyli.dat
0 BFC INVERTNEXT
1 16 -20 4 40 -4.24264 0 4.24264 0 8 0 -4.24264 0 -4.24264 p/1-4cyli.dat
1 16 0 4 40 -5.65685 0 5.65685 0 8 0 -5.65685 0 -5.65685 p/1-4cyli.dat
0 BFC INVERTNEXT
1 16 0 4 40 -4.24264 0 4.24264 0 8 0 -4.24264 0 -4.24264 p/1-4cyli.dat
1 16 20 4 40 -5.65685 0 5.65685 0 8 0 -5.65685 0 -5.65685 p/1-4cyli.dat
0 BFC INVERTNEXT
1 16 20 4 40 -4.24264 0 4.24264 0 8 0 -4.24264 0 -4.24264 p/1-4cyli.dat
1 16 -20 4 -40 5.65685 0 -5.65685 0 8 0 5.65685 0 5.65685 p/1-4cyli.dat
0 BFC INVERTNEXT
1 16 -20 4 -40 4.24264 0 -4.24264 0 8 0 4.24264 0 4.24264 p/1-4cyli.dat
1 16 0 4 -40 5.65685 0 -5.65685 0 8 0 5.65685 0 5.65685 p/1-4cyli.dat
0 BFC INVERTNEXT
1 16 0 4 -40 4.24264 0 -4.24264 0 8 0 4.24264 0 4.24264 p/1-4cyli.dat
1 16 20 4 -40 5.65685 0 -5.65685 0 8 0 5.65685 0 5.65685 p/1-4cyli.dat
0 BFC INVERTNEXT
1 16 20 4 -40 4.24264 0 -4.24264 0 8 0 4.24264 0 4.24264 p/1-4cyli.dat
1 16 -20 4 40 -5.65685 0 5.65685 0 1 0 -5.65685 0 -5.65685 p/1-4edge.dat
1 16 0 4 40 -5.65685 0 5.65685 0 1 0 -5.65685 0 -5.65685 p/1-4edge.dat
1 16 20 4 40 -5.65685 0 5.65685 0 1 0 -5.65685 0 -5.65685 p/1-4edge.dat
1 16 -20 4 40 -4.24264 0 4.24264 0 1 0 -4.24264 0 -4.24264 p/1-4edge.dat
1 16 0 4 40 -4.24264 0 4.24264 0 1 0 -4.24264 0 -4.24264 p/1-4edge.dat
1 16 20 4 40 -4.24264 0 4.24264 0 1 0 -4.24264 0 -4.24264 p/1-4edge.dat
1 16 -20 4 -40 4.24264 0 -4.24264 0 1 0 4.24264 0 4.24264 p/1-4edge.dat
1 16 0 4 -40 4.24264 0 -4.24264 0 1 0 4.24264 0 4.24264 p/1-4edge.dat
1 16 20 4 -40 4.24264 0 -4.24264 0 1 0 4.24264 0 4.24264 p/1-4edge.dat
1 16 -20 4 -40 5.65685 0 -5.65685 0 1 0 5.65685 0 5.65685 p/1-4edge.dat
1 16 0 4 -40 5.65685 0 -5.65685 0 1 0 5.65685 0 5.65685 p/1-4edge.dat
1 16 20 4 -40 5.65685 0 -5.65685 0 1 0 5.65685 0 5.65685 p/1-4edge.dat
1 16 -20 12 40 5.54328 0 2.2961 0 1 0 -2.2961 0 5.54328 p/5-8edge.dat
1 16 0 12 40 5.54328 0 2.2961 0 1 0 -2.2961 0 5.54328 p/5-8edge.dat
1 16 20 12 40 5.54328 0 2.2961 0 1 0 -2.2961 0 5.54328 p/5-8edge.dat
1 16 -20 12 40 7.39104 0 3.06147 0 1 0 -3.06147 0 7.39104 p/5-8edge.dat
1 16 0 12 40 7.39104 0 3.06147 0 1 0 -3.06147 0 7.39104 p/5-8edge.dat
1 16 20 12 40 7.39104 0 3.06147 0 1 0 -3.06147 0 7.39104 p/5-8edge.dat
1 16 -20 12 -40 -7.39104 0 -3.06147 0 1 0 3.06147 0 -7.39104 p/5-8edge.dat
1 16 0 12 -40 -7.39104 0 -3.06147 0 1 0 3.06147 0 -7.39104 p/5-8edge.dat
1 16 20 12 -40 -7.39104 0 -3.06147 0 1 0 3.06147 0 -7.39104 p/5-8edge.dat
1 16 -20 12 -40 -5.54328 0 -2.2961 0 1 0 2.2961 0 -5.54328 p/5-8edge.dat
1 16 0 12 -40 -5.54328 0 -2.2961 0 1 0 2.2961 0 -5.54328 p/5-8edge.dat
1 16 20 12 -40 -5.54328 0 -2.2961 0 1 0 2.2961 0 -5.54328 p/5-8edge.dat
4 16 -26.7639 12 36 -25.6568 12 34.3432 -25.6568 4 34.3432 -26.7639 4 36
4 16 -24.4048 4 36 -24.2426 4 35.7574 -24.2426 12 35.7574 -24.4048 12 36
4 16 -15.5952 12 36 -15.7574 12 35.7574 -15.7574 4 35.7574 -15.5952 4 36
4 16 -13.2361 4 36 -14.3432 4 34.3432 -14.3432 12 34.3432 -13.2361 12 36
4 16 -6.7639 12 36 -5.6568 12 34.3432 -5.6568 4 34.3432 -6.7639 4 36
4 16 -4.4048 4 36 -4.2426 4 35.7574 -4.2426 12 35.7574 -4.4048 12 36
4 16 4.4048 12 36 4.2426 12 35.7574 4.2426 4 35.7574 4.4048 4 36
4 16 6.7639 4 36 5.6568 4 34.3432 5.6568 12 34.3432 6.7639 12 36
4 16 13.2361 12 36 14.3432 12 34.3432 14.3432 4 34.3432 13.2361 4 36
4 16 15.5952 4 36 15.7574 4 35.7574 15.7574 12 35.7574 15.5952 12 36
4 16 24.4048 12 36 24.2426 12 35.7574 24.2426 4 35.7574 24.4048 4 36
4 16 26.7639 4 36 25.6568 4 34.3432 25.6568 12 34.3432 26.7639 12 36
4 16 -26.7639 4 -36 -25.6568 4 -34.3432 -25.6568 12 -34.3432 -26.7639 12 -36
4 16 -24.4048 12 -36 -24.2426 12 -35.7574 -24.2426 4 -35.7574 -24.4048 4 -36
4 16 -15.5952 4 -36 -15.7574 4 -35.7574 -15.7574 12 -35.7574 -15.5952 12 -36
4 16 -13.2361 12 -36 -14.3432 12 -34.3432 -14.3432 4 -34.3432 -13.2361 4 -36
4 16 -6.7639 4 -36 -5.6568 4 -34.3432 -5.6568 12 -34.3432 -6.7639 12 -36
4 16 -4.4048 12 -36 -4.2426 12 -35.7574 -4.2426 4 -35.7574 -4.4048 4 -36
4 16 4.4048 4 -36 4.2426 4 -35.7574 4.2426 12 -35.7574 4.4048 12 -36
4 16 6.7639 12 -36 5.6568 12 -34.3432 5.6568 4 -34.3432 6.7639 4 -36
4 16 13.2361 4 -36 14.3432 4 -34.3432 14.3432 12 -34.3432 13.2361 12 -36
4 16 15.5952 12 -36 15.7574 12 -35.7574 15.7574 4 -35.7574 15.5952 4 -36
4 16 24.4048 4 -36 24.2426 4 -35.7574 24.2426 12 -35.7574 24.4048 12 -36
4 16 26.7639 12 -36 25.6568 12 -34.3432 25.6568 4 -34.3432 26.7639 4 -36
1 16 0 16 50 -40 0 0 0 -8 0 0 0 10 p/box4-1.dat
0 BFC INVERTNEXT
1 16 0 16 47 -36 0 0 0 -4 0 0 0 9 p/box4-4a.dat
1 16 -40.286 10 26 0 -0.94174 -0.7143 6 0 0 0 0.336342 -2 p/rect.dat
1 16 -37.7857 10 28 0 0 -1.7857 6 0 0 0 1 0 p/rect.dat
1 16 -36 10 30 0 -1 0 6 0 0 0 0 2 p/rect.dat
1 16 -37.0714 10 32 0 0 1.0714 6 0 0 0 -1 0 p/rect.dat
1 16 37.0714 10 32 0 0 1.0714 6 0 0 0 -1 0 p/rect.dat
1 16 36 10 30 0 1 0 -6 0 0 0 0 2 p/rect.dat
1 16 37.7857 10 28 0 0 -1.7857 6 0 0 0 1 0 p/rect.dat
1 16 40.286 10 26 0 0.94174 -0.7143 -6 0 0 0 -0.336342 2 p/rect.dat
1 16 0 10 24 -41 0 0 0 0 -6 0 -1 0 p/rect.dat
1 16 0 10 -24 41 0 0 0 0 -6 0 1 0 p/rect.dat
1 16 -40.286 10 -26 0 -0.94174 0.7143 6 0 0 0 -0.336342 -2 p/rect.dat
1 16 -37.7857 10 -28 0 0 -1.7857 6 0 0 0 -1 0 p/rect.dat
1 16 -36 10 -30 0 -1 0 6 0 0 0 0 2 p/rect.dat
1 16 -37.0714 10 -32 0 0 1.0714 6 0 0 0 1 0 p/rect.dat
1 16 37.0714 10 -32 0 0 1.0714 6 0 0 0 1 0 p/rect.dat
1 16 36 10 -30 0 1 0 -6 0 0 0 0 2 p/rect.dat
1 16 37.7857 10 -28 0 0 -1.7857 6 0 0 0 -1 0 p/rect.dat
1 16 40.286 10 -26 0 0.94174 0.7143 6 0 0 0 -0.336342 2 p/rect.dat
0 BFC INVERTNEXT
1 16 0 16 -47 36 0 0 0 -4 0 0 0 -9 p/box4-4a.dat
1 16 0 16 -50 40 0 0 0 -8 0 0 0 -10 p/box4-1.dat
3 16 -41 16 24 -46.5 16 20 -39.5714 16 28
4 16 -38.1428 16 32 -39.5714 16 28 -46.5 16 20 -40 16 40
4 16 -36 16 32 -36 16 28 -39.5714 16 28 -38.1428 16 32
3 16 -38.1428 16 32 -40 16 40 -36 16 38
4 16 -36 16 56 -36 16 38 -40 16 40 -40 16 60
4 16 36 16 56 -36 16 56 -40 16 60 40 16 60
4 16 40 16 60 40 16 40 36 16 38 36 16 56
3 16 36 16 38 40 16 40 38.1428 16 32
4 16 40 16 40 46.5 16 20 39.5714 16 28 38.1428 16 32
4 16 38.1428 16 32 39.5714 16 28 36 16 28 36 16 32
3 16 39.5714 16 28 46.5 16 20 41 16 24
4 16 46.5 16 20 -46.5 16 20 -41 16 24 41 16 24
3 16 -39.5714 16 -28 -46.5 16 -20 -41 16 -24
4 16 -40 16 -40 -46.5 16 -20 -39.5714 16 -28 -38.1428 16 -32
4 16 -38.1428 16 -32 -39.5714 16 -28 -36 16 -28 -36 16 -32
3 16 -36 16 -38 -40 16 -40 -38.1428 16 -32
4 16 -40 16 -60 -40 16 -40 -36 16 -38 -36 16 -56
4 16 -36 16 -56 36 16 -56 40 16 -60 -40 16 -60
4 16 36 16 -56 36 16 -38 40 16 -40 40 16 -60
3 16 38.1428 16 -32 40 16 -40 36 16 -38
4 16 38.1428 16 -32 39.5714 16 -28 46.5 16 -20 40 16 -40
4 16 36 16 -32 36 16 -28 39.5714 16 -28 38.1428 16 -32
3 16 41 16 -24 46.5 16 -20 39.5714 16 -28
4 16 -46.5 16 -20 46.5 16 -20 41 16 -24 -41 16 -24
4 16 36.7143 12 36 -36.7143 12 36 -36 12 38 36 12 38
4 16 36.7143 4 36 -36.7143 4 36 -36.7143 12 36 36.7143 12 36
4 16 41 4 24 -41 4 24 -36.7143 4 36 36.7143 4 36
4 16 -41 4 -24 41 4 -24 36.7143 4 -36 -36.7143 4 -36
4 16 -36.7143 4 -36 36.7143 4 -36 36.7143 12 -36 -36.7143 12 -36
4 16 -36.7143 12 -36 36.7143 12 -36 36 12 -38 -36 12 -38
4 16 -36 12 38 -36.7143 12 36 -38.1428 16 32 -36 16 38
4 16 -36.7143 12 36 -36.7143 4 36 -38.1428 4 32 -38.1428 16 32
4 16 38.1428 16 32 38.1428 4 32 36.7143 4 36 36.7143 12 36
4 16 36 16 38 38.1428 16 32 36.7143 12 36 36 12 38
4 16 -36 16 -38 -38.1428 16 -32 -36.7143 12 -36 -36 12 -38
4 16 -38.1428 16 -32 -38.1428 4 -32 -36.7143 4 -36 -36.7143 12 -36
4 16 36.7143 12 -36 36.7143 4 -36 38.1428 4 -32 38.1428 16 -32
4 16 36 12 -38 36.7143 12 -36 38.1428 16 -32 36 16 -38
0 BFC INVERTNEXT
1 16 -90 8 0 0 0 -26 0 -4 0 -16 0 0 p/box4-1.dat
1 16 -64 6 -9 0 1 0 0 0 2 7 0 0 p/rect2a.dat
1 16 -68 4 0 -4 0 0 0 4 0 0 0 2 p/box3u8p.dat
1 16 -64 6 9 0 1 0 2 0 0 0 0 -7 p/rect2a.dat
1 16 64 6 -9 0 -1 0 0 0 2 7 0 0 p/rect2a.dat
1 16 68 4 0 -4 0 0 0 4 0 0 0 2 p/box3u8p.dat
1 16 64 6 9 0 -1 0 2 0 0 0 0 -7 p/rect2a.dat
0 BFC INVERTNEXT
1 16 90 8 0 0 0 26 0 -4 0 -16 0 0 p/box4-1.dat
0 BFC INVERTNEXT
1 16 -51 6 9 -9 0 0 0 -2 0 0 0 -7 p/box3-3.dat
0 BFC INVERTNEXT
1 16 51 6 9 9 0 0 0 -2 0 0 0 -7 p/box3-3.dat
1 16 -51 8 0 0 0 9 0 -1 0 2 0 0 p/rect3.dat
1 16 51 8 0 0 0 -9 0 -1 0 -2 0 0 p/rect3.dat
0 BFC INVERTNEXT
1 16 -51 6 -9 -9 0 0 0 -2 0 0 0 7 p/box3-3.dat
0 BFC INVERTNEXT
1 16 51 6 -9 9 0 0 0 -2 0 0 0 7 p/box3-3.dat
4 16 -60 8 20 -64 8 16 -116 8 16 -120 8 20
4 16 120 8 20 116 8 16 64 8 16 60 8 20
4 16 -120 8 20 -116 8 16 -116 8 -16 -120 8 -20
4 16 -60 8 -20 -64 8 -16 -64 8 16 -60 8 20
4 16 60 8 20 64 8 16 64 8 -16 60 8 -20
4 16 120 8 -20 116 8 -16 116 8 16 120 8 20
4 16 -120 8 -20 -116 8 -16 -64 8 -16 -60 8 -20
4 16 60 8 -20 64 8 -16 116 8 -16 120 8 -20
1 16 -43.25 8 30 0 0.970143 -3.25 8 0 0 0 -0.242536 -10 p/rect.dat
1 16 0 4 30 -40 0 0 0 -4 0 0 0 10 p/box2-11.dat
1 16 43.25 8 30 0 -0.970143 3.25 -8 0 0 0 -0.242536 -10 p/rect.dat
1 16 -83.25 8 0 0 0 -36.75 0 -8 0 20 0 0 p/box4-7a.dat
0 BFC INVERTNEXT
1 16 0 0 0 40 0 0 0 16 0 0 0 20 p/box4.dat
1 16 83.25 8 0 0 0 36.75 0 -8 0 -20 0 0 p/box4-7a.dat
1 16 -43.25 8 -30 0 0.970143 -3.25 -8 0 0 0 0.242536 10 p/rect.dat
1 16 0 4 -30 40 0 0 0 -4 0 0 0 -10 p/box2-11.dat
1 16 43.25 8 -30 0 -0.970143 3.25 8 0 0 0 0.242536 10 p/rect.dat
1 16 -90 8 0 0 0 -30 0 1 0 20 0 0 p/recte3.dat
1 16 90 8 0 0 0 30 0 1 0 -20 0 0 p/recte3.dat
3 16 -40 0 20 -40 0 40 -46.5 0 20
3 16 46.5 0 20 40 0 40 40 0 20
4 16 -40 0 -20 -40 0 20 -46.5 0 20 -46.5 0 -20
4 16 40 0 20 40 0 -20 46.5 0 -20 46.5 0 20
3 16 -46.5 0 -20 -40 0 -40 -40 0 -20
3 16 40 0 -20 40 0 -40 46.5 0 -20
1 16 -20 12 40 1 0 0 0 -1 0 0 0 1 p/stud4a.dat
1 16 0 12 40 1 0 0 0 -1 0 0 0 1 p/stud4a.dat
1 16 20 12 40 1 0 0 0 -1 0 0 0 1 p/stud4a.dat
1 16 -100 4 0 1 0 0 0 -1 0 0 0 1 p/stud4.dat
1 16 -80 4 0 1 0 0 0 -1 0 0 0 1 p/stud4f1w.dat
1 16 80 4 0 -1 0 0 0 -1 0 0 0 -1 p/stud4f1w.dat
1 16 100 4 0 1 0 0 0 -1 0 0 0 1 p/stud4.dat
1 16 -20 12 -40 1 0 0 0 -1 0 0 0 1 p/stud4a.dat
1 16 0 12 -40 1 0 0 0 -1 0 0 0 1 p/stud4a.dat
1 16 20 12 -40 1 0 0 0 -1 0 0 0 1 p/stud4a.dat
1 16 -80 4 0 6 0 0 0 1 0 0 0 6 p/4-4edge.dat
1 16 80 4 0 6 0 0 0 1 0 0 0 6 p/4-4edge.dat
1 16 0 8 50 1 0 0 0 1 0 0 0 1 p/stug-1x4.dat
1 16 0 0 30 1 0 0 0 1 0 0 0 1 p/stug-1x4.dat
1 16 -80 0 10 1 0 0 0 1 0 0 0 1 p/stug-1x4.dat
1 16 80 0 10 1 0 0 0 1 0 0 0 1 p/stug-1x4.dat
1 16 -80 0 -10 1 0 0 0 1 0 0 0 1 p/stug-1x4.dat
1 16 80 0 -10 1 0 0 0 1 0 0 0 1 p/stug-1x4.dat
1 16 0 0 -30 1 0 0 0 1 0 0 0 1 p/stug-1x4.dat
1 16 0 8 -50 1 0 0 0 1 0 0 0 1 p/stug-1x4.dat
1 16 0 16 10 1 0 0 0 1 0 0 0 1 p/stug-1x4.dat
1 16 0 16 -10 1 0 0 0 1 0 0 0 1 p/stug-1x4.dat
