4 16 -40 48 140 -36 48 136 -36 48 -136 -40 48 -140
4 16 -40 48 -140 -36 48 -136 36 48 -136 40 48 -140
4 16 40 48 -140 36 48 -136 36 48 136 40 48 140
4 16 40 48 140 36 48 136 -36 48 136 -40 48 140
4 16 40 40 140 -40 40 140 -39 40 139 39 40 139
4 16 -39 40 139 -40 40 140 -40 40 -140 -39 40 -139
4 16 -39 40 -139 -40 40 -140 40 40 -140 39 40 -139
4 16 39 40 -139 40 40 -140 40 40 140 39 40 139
4 16 -39 38 139 -39 40 139 -39 40 -139 -39 38 -139
4 16 39 38 139 39 40 139 -39 40 139 -39 38 139
4 16 39 38 -139 39 40 -139 39 40 139 39 38 139
4 16 -39 38 -139 -39 40 -139 39 40 -139 39 38 -139
4 16 -39 38 -139 39 38 -139 39 38 139 -39 38 139
4 16 40 40 140 40 48 140 -40 48 140 -40 40 140
4 16 40 40 -140 40 48 -140 40 48 140 40 40 140
4 16 -40 40 -140 -40 48 -140 40 48 -140 40 40 -140
4 16 -40 40 140 -40 48 140 -40 48 -140 -40 40 -140
4 16 -36 44 -136 -36 48 -136 -36 48 136 -36 44 136
4 16 36 44 -136 36 48 -136 -36 48 -136 -36 44 -136
4 16 36 44 -136 36 44 136 36 48 136 36 48 -136
4 16 -36 48 136 36 48 136 36 44 136 -36 44 136
4 16 -36 44 136 36 44 136 36 44 -136 -36 44 -136
1 16 20 44 120 1 0 0 0 -1 0 0 0 1 p/stud4.dat
1 16 0 44 120 1 0 0 0 -1 0 0 0 1 p/stud4.dat
1 16 -20 44 120 1 0 0 0 -1 0 0 0 1 p/stud4.dat
1 16 20 44 100 1 0 0 0 -1 0 0 0 1 p/stud4.dat
1 16 0 44 100 1 0 0 0 -1 0 0 0 1 p/stud4.dat
1 16 -20 44 100 1 0 0 0 -1 0 0 0 1 p/stud4.dat
1 16 20 44 80 1 0 0 0 -1 0 0 0 1 p/stud4.dat
1 16 0 44 80 1 0 0 0 -1 0 0 0 1 p/stud4.dat
1 16 -20 44 80 1 0 0 0 -1 0 0 0 1 p/stud4.dat
1 16 20 44 60 1 0 0 0 -1 0 0 0 1 p/stud4.dat
1 16 0 44 60 1 0 0 0 -1 0 0 0 1 p/stud4.dat
1 16 -20 44 60 1 0 0 0 -1 0 0 0 1 p/stud4.dat
1 16 20 44 40 1 0 0 0 -1 0 0 0 1 p/stud4.dat
1 16 0 44 40 1 0 0 0 -1 0 0 0 1 p/stud4.dat
1 16 -20 44 40 1 0 0 0 -1 0 0 0 1 p/stud4.dat
1 16 20 44 20 1 0 0 0 -1 0 0 0 1 p/stud4.dat
1 16 0 44 20 1 0 0 0 -1 0 0 0 1 p/stud4.dat
1 16 -20 44 20 1 0 0 0 -1 0 0 0 1 p/stud4.dat
1 16 20 44 0 1 0 0 0 -1 0 0 0 1 p/stud4.dat
1 16 0 44 0 1 0 0 0 -1 0 0 0 1 p/stud4.dat
1 16 -20 44 0 1 0 0 0 -1 0 0 0 1 p/stud4.dat
1 16 20 44 -20 1 0 0 0 -1 0 0 0 1 p/stud4.dat
1 16 0 44 -20 1 0 0 0 -1 0 0 0 1 p/stud4.dat
1 16 -20 44 -20 1 0 0 0 -1 0 0 0 1 p/stud4.dat
1 16 20 44 -40 1 0 0 0 -1 0 0 0 1 p/stud4.dat
1 16 0 44 -40 1 0 0 0 -1 0 0 0 1 p/stud4.dat
1 16 -20 44 -40 1 0 0 0 -1 0 0 0 1 p/stud4.dat
1 16 20 44 -60 1 0 0 0 -1 0 0 0 1 p/stud4.dat
1 16 0 44 -60 1 0 0 0 -1 0 0 0 1 p/stud4.dat
1 16 -20 44 -60 1 0 0 0 -1 0 0 0 1 p/stud4.dat
1 16 20 44 -80 1 0 0 0 -1 0 0 0 1 p/stud4.dat
1 16 0 44 -80 1 0 0 0 -1 0 0 0 1 p/stud4.dat
1 16 -20 44 -80 1 0 0 0 -1 0 0 0 1 p/stud4.dat
1 16 20 44 -100 1 0 0 0 -1 0 0 0 1 p/stud4.dat
1 16 0 44 -100 1 0 0 0 -1 0 0 0 1 p/stud4.dat
1 16 -20 44 -100 1 0 0 0 -1 0 0 0 1 p/stud4.dat
1 16 20 44 -120 1 0 0 0 -1 0 0 0 1 p/stud4.dat
1 16 0 44 -120 1 0 0 0 -1 0 0 0 1 p/stud4.dat
1 16 -20 44 -120 1 0 0 0 -1 0 0 0 1 p/stud4.dat
