0 BFC CERTIFY CCW
0 BFC INVERTNEXT
1 16 0 -7 13.5 0 -3 0 2 0 0 0 0 2 p/1-4cylo.dat
0 BFC INVERTNEXT
1 16 0 -7 -13.5 0 -3 0 2 0 0 0 0 -2 p/1-4cylo.dat
0 BFC INVERTNEXT
1 16 0 -7 9 0 -3 0 0 0 2 -2 0 0 p/1-4cylo.dat
0 BFC INVERTNEXT
1 16 0 -7 -9 0 -3 0 2 0 0 0 0 2 p/1-4cylo.dat
1 16 0 -7 -9 0 -1 0 2 0 0 0 0 2 p/1-4ndis.dat
1 16 0 -7 -13.5 0 -1 0 2 0 0 0 0 -2 p/1-4ndis.dat
1 16 -3 -7 -9 0 1 0 2 0 0 0 0 2 p/1-4ndis.dat
1 16 -3 -7 -13.5 0 1 0 2 0 0 0 0 -2 p/1-4ndis.dat
1 16 0 -7 9 0 -1 0 2 0 0 0 0 -2 p/1-4ndis.dat
1 16 0 -7 13.5 0 -1 0 2 0 0 0 0 2 p/1-4ndis.dat
1 16 -3 -7 9 0 1 0 2 0 0 0 0 -2 p/1-4ndis.dat
1 16 -3 -7 13.5 0 1 0 2 0 0 0 0 2 p/1-4ndis.dat
1 16 -1.5 -7 0 -1.5 0 0 0 -0.5 0 0 0 -7 p/box3u4a.dat
1 16 -1.5 -5 11.25 0 0 1.5 0 1 0 -2.25 0 0 p/rect2p.dat
1 16 -1.5 -5 -11.25 0 0 -1.5 0 1 0 2.25 0 0 p/rect2p.dat
1 16 -1.5 -7 16.25 1.5 0 0 0 1 0 0 0 0.75 p/rect.dat
4 16 -3 3 17 -3 -7 17 0 -7 17 0 0 17
4 16 -3 3 17 0 0 17 2 0 17 2 3 17
1 16 -1.5 -7 -16.25 0 0 -1.5 0 1 0 0.75 0 0 p/rect.dat
4 16 0 -7 -17 -3 -7 -17 -3 3 -17 0 0 -17
4 16 2 0 -17 0 0 -17 -3 3 -17 2 3 -17
4 16 0 -7 17 0 -7 15.5 0 -5 15.5 0 0 17
4 16 0 -5 -15.5 0 -7 -15.5 0 -7 -17 0 0 -17
4 16 0 -7.5 7 0 -7.5 -7 0 -5 -7 0 -5 7
4 16 0 -5 7 0 -5 -7 0 0 -17 0 0 17
3 16 0 -5 15.5 0 -5 7 0 0 17
3 16 0 -5 -7 0 -5 -15.5 0 0 -17
4 16 -3 -5 15.5 -3 -7 15.5 -3 -7 17 -3 3 17
4 16 -3 -7 -17 -3 -7 -15.5 -3 -5 -15.5 -3 3 -17
4 16 -3 -5 -7 -3 -7.5 -7 -3 -7.5 7 -3 -5 7
4 16 -3 3 -17 -3 -5 -7 -3 -5 7 -3 3 17
3 16 -3 -5 7 -3 -5 15.5 -3 3 17
3 16 -3 -5 -15.5 -3 -5 -7 -3 3 -17
1 16 -0.5 3 0 0 0 2.5 0 -1 0 17 0 0 p/rect.dat
1 16 1 0 0 0 0 1 0 1 0 -17 0 0 p/rect.dat
1 16 2 1.5 0 0 -1 0 -1.5 0 0 0 0 -17 p/rect2p.dat
