0 BFC CERTIFY CCW
0 BFC INVERTNEXT
1 16 0 26 -39 -8.75 0 0 0 0 8.75 0 3 0 p/2-4cylo.dat
1 16 0 26 -36 -8.75 0 0 0 0 8.75 0 -1 0 p/2-4ndis.dat
0 BFC INVERTNEXT
1 16 0 26 -40 -9.72222 0 0 0 0 9.72222 0 1 0 p/2-4cylo.dat
1 16 0 26 -39 -0.97222 0 0 0 0 0.97222 0 1 0 p/2-4ring9.dat
1 16 0 26 -40 -9.72222 0 0 0 0 9.72222 0 1 0 p/2-4ndis.dat
0 BFC INVERTNEXT
1 16 0 40 -20 16 0 0 0 -4 0 0 0 16 p/box5.dat
1 16 0 36 -20 -1 0 0 0 -1 0 0 0 1 p/stud4.dat
0 BFC INVERTNEXT
1 16 0 16 18 16 0 0 0 -4 0 0 0 18 p/box4-1.dat
1 16 0 12 20 -1 0 0 0 -1 0 0 0 1 p/stud4.dat
1 16 0 12 0 -1 0 0 0 -1 0 0 0 1 p/2-4stud4.dat
1 16 10 16 -40 0 0 8 8 0 0 0 1 0 p/1-4ndis.dat
0 BFC INVERTNEXT
1 16 10 16 -39 0 0 7 7 0 0 0 3 0 p/1-4cylo.dat
1 16 10 16 -36 0 0 7 7 0 0 0 -1 0 p/1-4ndis.dat
1 16 10 16 -39 0 0 1 1 0 0 0 1 0 p/1-4ring7.dat
4 16 20 0 40 10 0 40 10 0 33 17 0 33
4 16 18 16 -39 18 16 -40 20 16 -40 20 16 -20
4 16 17 16 -20 17 16 -39 18 16 -39 20 16 -20
1 16 18.5 8 -10 -1.5 0 0 0 1 8 0 0 -10 p/rect.dat
4 16 17 0 0 20 0 0 20 0 40 17 0 33
0 BFC INVERTNEXT
1 16 10 16 -40 0 0 8 8 0 0 0 1 0 p/1-4cylo.dat
1 16 20 8 20 0 -1 0 8 0 0 0 0 20 p/rect3.dat
4 16 20 40 -40 20 40 0 20 16 -20 20 16 -40
3 16 20 16 -20 20 16 0 20 0 0
3 16 20 16 0 20 16 -20 20 40 0
1 16 9.375 23 -37.5 0 0 -0.625 0 1 0 1.5 0 0 p/rect3.dat
1 16 8.75 24.5 -37.5 0 1 0 -1.5 0 0 0 0 1.5 p/rect2p.dat
1 16 9.7211 25 -39.5 0 1 -0.0011 0 0 -1 -0.5 0 0 p/rect3.dat
4 16 8.75 26 -39 9.7222 26 -39 9.72 24 -39 8.75 23 -39
4 16 10 23 -39 8.75 23 -39 9.72 24 -39 10 24 -39
1 16 9.86 24 -39.5 0.14 0 0 0 1 0 0 0 0.5 p/rect2p.dat
4 16 20 16 -40 18 16 -40 18 24 -40 20 40 -40
4 16 9.7222 35.7222 -40 20 40 -40 18 24 -40 10 24 -40
3 16 10 24 -40 9.72 24 -40 9.7222 35.7222 -40
4 16 16 40 -36 16 40 -4 20 40 0 20 40 -40
4 16 16 16 0 16 16 36 20 16 40 20 16 0
1 16 -10 16 -40 0 0 -8 8 0 0 0 1 0 p/1-4ndis.dat
0 BFC INVERTNEXT
1 16 -10 16 -39 0 0 -7 7 0 0 0 3 0 p/1-4cylo.dat
1 16 -10 16 -36 0 0 -7 7 0 0 0 -1 0 p/1-4ndis.dat
1 16 -10 16 -39 0 0 -1 1 0 0 0 1 0 p/1-4ring7.dat
4 16 -10 0 33 -10 0 40 -20 0 40 -17 0 33
4 16 -20 16 -40 -18 16 -40 -18 16 -39 -20 16 -20
4 16 -18 16 -39 -17 16 -39 -17 16 -20 -20 16 -20
1 16 -18.5 8 -10 0 0 -1.5 -8 1 0 10 0 0 p/rect.dat
4 16 -20 0 40 -20 0 0 -17 0 0 -17 0 33
0 BFC INVERTNEXT
1 16 -10 16 -40 0 0 -8 8 0 0 0 1 0 p/1-4cylo.dat
1 16 -20 8 20 0 1 0 -8 0 0 0 0 20 p/rect3.dat
4 16 -20 16 -20 -20 40 0 -20 40 -40 -20 16 -40
3 16 -20 16 0 -20 16 -20 -20 0 0
3 16 -20 16 -20 -20 16 0 -20 40 0
1 16 -9.375 23 -37.5 0 0 0.625 0 1 0 -1.5 0 0 p/rect3.dat
1 16 -8.75 24.5 -37.5 0 -1 0 1.5 0 0 0 0 1.5 p/rect2p.dat
1 16 -9.7211 25 -39.5 0 -1 0.0011 0 0 -1 0.5 0 0 p/rect3.dat
4 16 -9.72 24 -39 -9.7222 26 -39 -8.75 26 -39 -8.75 23 -39
4 16 -9.72 24 -39 -8.75 23 -39 -10 23 -39 -10 24 -39
1 16 -9.86 24 -39.5 0.14 0 0 0 1 0 0 0 0.5 p/rect2p.dat
4 16 -18 24 -40 -18 16 -40 -20 16 -40 -20 40 -40
4 16 -18 24 -40 -20 40 -40 -9.7222 35.7222 -40 -10 24 -40
3 16 -9.72 24 -40 -10 24 -40 -9.7222 35.7222 -40
4 16 -20 40 0 -16 40 -4 -16 40 -36 -20 40 -40
4 16 -20 16 40 -16 16 36 -16 16 0 -20 16 0
4 16 -16 40 -4 -20 40 0 20 40 0 16 40 -4
1 16 0 28 0 20 0 0 0 0 12 0 -1 0 p/rect3.dat
4 16 -16 16 0 -16 12 0 16 12 0 16 16 0
4 16 -20 16 40 20 16 40 16 16 36 -16 16 36
4 16 -20 40 -40 -16 40 -36 16 40 -36 20 40 -40
4 16 -20 40 -40 20 40 -40 9.7222 35.7222 -40 -9.7222 35.7222 -40
1 16 10 1.05 36.5 0 1 0 -1.05 0 0 0 0 3.5 p/rect.dat
1 16 -10 1.05 36.5 0 -1 0 0 0 1.05 -3.5 0 0 p/rect.dat
1 16 0 2.1 36.5 10 0 0 0 1 0 0 0 3.5 p/rect2p.dat
1 16 0 8 14.5 0 0 17 0 1 0 -18.5 0 0 p/rect.dat
1 16 0 35 -20 0 0 -17 0 1 0 16 0 0 p/rect.dat
4 16 8.75 34.75 -36 17 35 -36 -17 35 -36 -8.75 34.75 -36
4 16 17 8 33 10 2.1 33 -10 2.1 33 -17 8 33
4 16 20 16 40 -20 16 40 -10 2.1 40 10 2.1 40
4 16 10 2.1 40 10 0 40 20 0 40 20 16 40
4 16 10 0 33 10 2.1 33 17 8 33 17 0 33
4 16 17 8 -4 17 0 0 17 0 33 17 8 33
4 16 17 35 -36 17 16 -36 17 16 -20 17 35 -4
3 16 17 35 -4 17 16 -20 17 8 -4
3 16 17 8 -4 17 16 -20 17 0 0
3 16 10 23 -36 17 23 -36 17 35 -36
3 16 8.75 34.75 -36 8.75 26 -36 17 35 -36
4 16 17 35 -36 8.75 26 -36 8.75 23 -36 10 23 -36
4 16 -20 0 40 -10 0 40 -10 2.1 40 -20 16 40
4 16 -17 8 33 -10 2.1 33 -10 0 33 -17 0 33
4 16 -17 0 33 -17 0 0 -17 8 -4 -17 8 33
4 16 -17 16 -20 -17 16 -36 -17 35 -36 -17 35 -4
3 16 -17 16 -20 -17 35 -4 -17 8 -4
3 16 -17 16 -20 -17 8 -4 -17 0 0
3 16 -17 23 -36 -10 23 -36 -17 35 -36
3 16 -8.75 26 -36 -8.75 34.75 -36 -17 35 -36
4 16 -8.75 23 -36 -8.75 26 -36 -17 35 -36 -10 23 -36
1 16 0 21.5 -4 0 0 17 13.5 0 0 0 1 0 p/rect2p.dat
