0 BFC CERTIFY CCW
1 16 0 0 0 1 0 0 0 0 -1 0 -1 0 p/stud4.dat
1 16 0 0 0 -6 0 0 0 0 -6 0 -1 0 p/4-4disc.dat
1 16 0 0 -3.8 2.25 0 0 0 0 2.25 0 0.3 0 p/4-4cylc.dat
1 16 0 0 -3.5 4 0 0 0 0 4 0 1 0 p/1-4chrd.dat
1 16 0 0 -3.5 -4 0 0 0 0 4 0 1 0 p/1-4chrd.dat
1 16 0 0 -3.5 4 0 0 0 0 -4 0 1 0 p/1-4chrd.dat
1 16 0 0 -3.5 -4 0 0 0 0 -4 0 1 0 p/1-4chrd.dat
1 16 0 0 -3.5 4 0 0 0 0 4 0 1 0 p/4-4edge.dat
1 16 0 0 -3.125 1.33333 0 0 0 0 1.33333 0 -0.375 0 p/4-4con3.dat
1 16 0 0 -2.75 1.33333 0 0 0 0 1.33333 0 -0.375 0 p/4-4con4.dat
1 16 0 0 -2.75 6.66667 0 0 0 0 6.66667 0 -1 0 p/4-4edge.dat
0 BFC INVERTNEXT
1 16 0 0 -3.9 2.22222 0 0 0 0 2.22222 0 1.15 0 p/4-4con3.dat
1 16 0 0 -3.9 8.88889 0 0 0 0 8.88889 0 1 0 p/4-4edge.dat
1 16 0 0 -3.9 0.55556 0 0 0 0 0.55556 0 1 0 p/4-4rin16.dat
1 16 0 0 3 18.75 0 0 0 0 18.75 0 -4.6 0 p/4-4cylo.dat
0 BFC INVERTNEXT
1 16 0 0 3 15.625 0 0 0 0 15.625 0 -4.6 0 p/4-4cylo.dat
1 16 0 0 3 3.125 0 0 0 0 3.125 0 -1 0 p/4-4ring5.dat
1 16 0 0 -1.6 3.125 0 0 0 0 3.125 0 1 0 p/4-4ring5.dat
4 16 4 0 -3.5 0 -4 -3.5 -4 0 -3.5 0 4 -3.5
1 16 0 0 0 1 0 0 0 1 0 0 0 1 parts/s/29117as01.dat
1 16 0 0 0 -1 0 0 0 1 0 0 0 1 parts/s/29117as01.dat
1 16 0 0 0 0.30902 -0.95106 0 0.95106 0.30902 0 0 0 1 parts/s/29117as01.dat
1 16 0 0 0 -0.30902 -0.95106 0 -0.95106 0.30902 0 0 0 1 parts/s/29117as01.dat
1 16 0 0 0 -0.80902 -0.58779 0 0.58779 -0.80902 0 0 0 1 parts/s/29117as01.dat
1 16 0 0 0 0.80902 -0.58779 0 -0.58779 -0.80902 0 0 0 1 parts/s/29117as01.dat
1 16 0 0 0 -0.80902 0.58779 0 -0.58779 -0.80902 0 0 0 1 parts/s/29117as01.dat
1 16 0 0 0 0.80902 0.58779 0 0.58779 -0.80902 0 0 0 1 parts/s/29117as01.dat
1 16 0 0 0 0.30902 0.95106 0 -0.95106 0.30902 0 0 0 1 parts/s/29117as01.dat
1 16 0 0 0 -0.30902 0.95106 0 0.95106 0.30902 0 0 0 1 parts/s/29117as01.dat
4 16 0 -10.3217 -3.9 0 -9.4444 -3.9 3.6144 -8.7257 -3.9 6.6093 -9.0969 -3.9
4 16 6.6093 -9.0969 -3.9 6.6782 -6.6782 -3.9 8.7257 -3.6144 -3.9 9.8165 -3.1896 -3.9
4 16 9.8165 -3.1896 -3.9 8.7257 -3.6144 -3.9 9.4444 0 -3.9 10.6941 3.4747 -3.9
4 16 8.7257 3.6144 -3.9 6.6782 6.6782 -3.9 6.0669 8.3504 -3.9 10.6941 3.4747 -3.9
4 16 6.0669 8.3504 -3.9 3.6144 8.7257 -3.9 0 9.4444 -3.9 0 11.2444 -3.9
3 16 6.6782 6.6782 -3.9 3.6144 8.7257 -3.9 6.0669 8.3504 -3.9
3 16 9.4444 0 -3.9 8.7257 3.6144 -3.9 10.6941 3.4747 -3.9
3 16 6.6093 -9.0969 -3.9 3.6144 -8.7257 -3.9 6.6782 -6.6782 -3.9
4 16 -3.6144 -8.7257 -3.9 0 -9.4444 -3.9 0 -10.3217 -3.9 -6.6093 -9.0969 -3.9
4 16 -8.7257 -3.6144 -3.9 -6.6782 -6.6782 -3.9 -6.6093 -9.0969 -3.9 -9.8165 -3.1896 -3.9
4 16 -9.4444 0 -3.9 -8.7257 -3.6144 -3.9 -9.8165 -3.1896 -3.9 -10.6941 3.4747 -3.9
4 16 -6.0669 8.3504 -3.9 -6.6782 6.6782 -3.9 -8.7257 3.6144 -3.9 -10.6941 3.4747 -3.9
4 16 0 9.4444 -3.9 -3.6144 8.7257 -3.9 -6.0669 8.3504 -3.9 0 11.2444 -3.9
3 16 -3.6144 8.7257 -3.9 -6.6782 6.6782 -3.9 -6.0669 8.3504 -3.9
3 16 -8.7257 3.6144 -3.9 -9.4444 0 -3.9 -10.6941 3.4747 -3.9
3 16 -3.6144 -8.7257 -3.9 -6.6093 -9.0969 -3.9 -6.6782 -6.6782 -3.9
