0 BFC CERTIFY CCW
4 16 -40 0 -10 40 0 -10 40 0 10 -40 0 10
4 16 -20 0 10 20 0 10 20 0 30 -20 0 30
1 16 30 0 0 1 0 0 0 1 0 0 0 1 p/stud2.dat
1 16 -30 0 0 1 0 0 0 1 0 0 0 1 p/stud2.dat
1 16 0 0 10 1 0 0 0 1 0 0 0 1 p/stug2a.dat
4 16 38 3 -10 40 0 -10 -40 0 -10 -38 3 -10
4 16 38 16 -10 40 24 -10 40 0 -10 38 3 -10
4 16 -38 16 -10 -40 24 -10 40 24 -10 38 16 -10
4 16 -38 3 -10 -40 0 -10 -40 24 -10 -38 16 -10
1 16 40 12 0 0 -1 0 12 0 0 0 0 10 p/rect.dat
1 16 -40 12 0 0 1 0 12 0 0 0 0 10 p/rect.dat
1 16 0 9.5 -10 0 0 -20 6.5 0 0 0 1 0 p/rect2p.dat
4 16 20 3 -10 20 16 -10 17 16 -6 17 3 -6
4 16 -20 16 -10 -20 3 -10 -17 3 -6 -17 16 -6
0 BFC INVERTNEXT
1 16 0 9.5 4 0 0 6 6.5 0 0 0 -10 0 p/box3u2p.dat
4 16 6 3 4 9 3 0 9 16 0 6 16 4
4 16 -6 16 4 -9 16 0 -9 3 0 -6 3 4
0 BFC INVERTNEXT
1 16 -13 9.5 -3 0 4 0 -6.5 0 0 0 0 -3 p/box2-5.dat
0 BFC INVERTNEXT
1 16 13 9.5 -3 0 -4 0 6.5 0 0 0 0 -3 p/box2-5.dat
4 16 38 16 10 20 16 10 20 16 -10 38 16 -10
4 16 20 16 -10 20 16 10 17 16 10 17 16 -6
4 16 -17 16 10 -17 16 -6 17 16 -6 17 16 10
4 16 -20 16 10 -20 16 -10 -17 16 -6 -17 16 10
4 16 -38 16 -10 -20 16 -10 -20 16 10 -38 16 10
1 16 38 9.5 0 0 1 0 6.5 0 0 0 0 10 p/rect.dat
1 16 -38 9.5 0 0 -1 0 6.5 0 0 0 0 10 p/rect.dat
0 BFC INVERTNEXT
1 16 0 24 0 36 0 0 0 -4 0 0 0 -6 p/box4-4a.dat
4 16 36 20 6 16 20 6 16 24 6 36 24 6
4 16 -36 24 6 -16 24 6 -16 20 6 -36 20 6
4 16 -36 24 -6 36 24 -6 40 24 -10 -40 24 -10
4 16 36 24 -6 36 24 6 40 24 10 40 24 -10
4 16 36 24 6 16 24 6 20 24 10 40 24 10
4 16 16 24 6 16 24 26 20 24 30 20 24 10
4 16 16 24 26 6 24 26 6 24 30 20 24 30
4 16 -36 24 6 -36 24 -6 -40 24 -10 -40 24 10
4 16 -16 24 6 -36 24 6 -40 24 10 -20 24 10
4 16 -16 24 26 -16 24 6 -20 24 10 -20 24 30
4 16 -6 24 26 -16 24 26 -20 24 30 -6 24 30
1 16 20 20 0 1 0 0 0 -1 0 0 0 1 p/stud3.dat
1 16 -20 20 0 1 0 0 0 -1 0 0 0 1 p/stud3.dat
4 16 6 20 6 6 20 26 16 20 26 16 20 6
4 16 -16 20 6 -16 20 26 -6 20 26 -6 20 6
4 16 -6 20 6 -6 20 14 6 20 14 6 20 6
1 16 0 20 20 6 0 0 0 -1 0 0 0 -6 p/2-4ndis.dat
1 16 0 20 20 6 0 0 0 1 0 0 0 -6 p/2-4edge.dat
0 BFC INVERTNEXT
1 16 0 16 20 6 0 0 0 4 0 0 0 -6 p/2-4cyli.dat
4 16 6 20 20 6 16 20 6 16 30 6 20 26
4 16 6 20 26 6 16 30 6 24 30 6 24 26
4 16 -6 20 26 -6 16 30 -6 16 20 -6 20 20
4 16 -6 16 30 -6 20 26 -6 24 26 -6 24 30
1 16 -13 20 20 0 0 -7 -4 0 0 0 10 0 p/box2-5.dat
1 16 13 20 20 0 0 7 4 0 0 0 10 0 p/box2-5.dat
0 BFC INVERTNEXT
1 16 -11 22 16 0 0 -5 -2 0 0 0 10 0 p/box2-5.dat
0 BFC INVERTNEXT
1 16 11 22 16 0 0 5 2 0 0 0 10 0 p/box2-5.dat
4 16 20 24 10 20 16 10 38 16 10 40 24 10
4 16 38 3 10 40 0 10 40 24 10 38 16 10
4 16 20 3 10 20 0 10 40 0 10 38 3 10
4 16 -20 16 10 -20 24 10 -40 24 10 -38 16 10
4 16 -38 16 10 -40 24 10 -40 0 10 -38 3 10
4 16 -20 0 10 -20 3 10 -38 3 10 -40 0 10
1 16 0 1.5 10 0 0 -20 1.5 0 0 0 20 0 p/box3u2p.dat
4 16 38 3 -10 20 3 -10 20 3 10 38 3 10
4 16 20 3 10 20 3 -10 17 3 -6 17 3 10
4 16 17 3 10 17 3 -6 -17 3 -6 -17 3 10
4 16 -20 3 -10 -20 3 10 -17 3 10 -17 3 -6
4 16 -38 3 10 -20 3 10 -20 3 -10 -38 3 -10
4 16 20 3 10 -20 3 10 -20 3 30 20 3 30
4 16 20 16 10 20 16 30 6 16 30 6 16 10
4 16 -20 16 30 -20 16 10 -6 16 10 -6 16 30
4 16 6 16 10 6 16 14 -6 16 14 -6 16 10
1 16 0 16 20 6 0 0 0 1 0 0 0 -6 p/2-4ndis.dat
1 16 0 16 20 6 0 0 0 1 0 0 0 -6 p/2-4edge.dat
1 16 0 24 10 1.41421 0 1.41421 0 -1 0 1.41421 0 -1.41421 p/3-4ring3.dat
1 16 0 20 10 5.656 0 5.656 0 4 0 5.656 0 -5.656 p/3-4cyli.dat
0 BFC INVERTNEXT
1 16 0 20 10 4.242 0 4.242 0 4 0 4.242 0 -4.242 p/3-4cyli.dat
1 16 0 24 10 5.656 0 5.656 0 1 0 5.656 0 -5.656 p/3-4edge.dat
1 16 0 24 10 4.242 0 4.242 0 1 0 4.242 0 -4.242 p/3-4edge.dat
1 16 0 20 10 5.656 0 5.656 0 1 0 5.656 0 -5.656 p/3-4edge.dat
1 16 0 20 10 4.242 0 4.242 0 1 0 4.242 0 -4.242 p/3-4edge.dat
4 16 5.656 20 15.656 5.656 24 15.656 4.242 24 14.242 4.242 20 14.242
4 16 -5.656 24 15.656 -5.656 20 15.656 -4.242 20 14.242 -4.242 24 14.242
