0 BFC CERTIFY CW
1 16 0 0 0 -1 0 0 0 1 0 0 0 1 parts/s/30033s01.dat
1 16 0 0 0 1 0 0 0 1 0 0 0 1 parts/s/30033s01.dat
1 16 0 0 0 0 0 -1 0 1 0 -1 0 0 parts/s/30033s01.dat
1 16 0 0 0 0 0 -1 0 1 0 1 0 0 parts/s/30033s01.dat
1 16 0 0 0 1 0 0 0 1 0 0 0 -1 parts/s/30033s01.dat
1 16 0 0 0 -1 0 0 0 1 0 0 0 -1 parts/s/30033s01.dat
1 16 0 0 0 0 0 1 0 1 0 1 0 0 parts/s/30033s01.dat
1 16 0 0 0 0 0 1 0 1 0 -1 0 0 parts/s/30033s01.dat
1 16 10 0 10 1 0 0 0 1 0 0 0 1 p/stud10.dat
1 16 10 0 -10 0 0 1 0 1 0 -1 0 0 p/stud10.dat
1 16 -10 0 -10 -1 0 0 0 1 0 0 0 -1 p/stud10.dat
1 16 -10 0 10 0 0 -1 0 1 0 1 0 0 p/stud10.dat
1 16 0 4 0 1 0 0 0 -1 0 0 0 1 p/stud4a.dat
1 16 0 4 0 8 0 0 0 1 0 0 0 8 p/4-4edge.dat
1 16 0 4 0 1 0 0 0 1 0 0 0 1 p/axlehol3.dat
1 16 0 0 0 1 0 0 0 4 0 0 0 1 p/axlehole.dat
1 16 0 0 0 1 0 0 0 1 0 0 0 1 p/axlehol2.dat
1 16 0 4 0 -8 0 0 0 -1 0 0 0 8 p/4-4ndis.dat
1 16 0 0 0 6 0 0 0 1 0 0 0 6 p/4-4ndis.dat
1 16 -8.605 2 30 0 17.209 0 4 0 0 0 0 4 p/4-4cyli.dat
1 16 15.129 2 27.298 0 12.169 2.828 4 0 0 0 -12.169 2.828 p/4-4cyli.dat
1 16 30 2 8.605 0 0 4 4 0 0 0 -17.209 0 p/4-4cyli.dat
1 16 27.298 2 -15.129 0 -12.169 2.828 4 0 0 0 -12.169 -2.828 p/4-4cyli.dat
1 16 8.605 2 -30 0 -17.209 0 4 0 0 0 0 -4 p/4-4cyli.dat
1 16 -15.129 2 -27.298 0 -12.169 -2.828 4 0 0 0 12.169 -2.828 p/4-4cyli.dat
1 16 -30 2 -8.605 0 0 -4 4 0 0 0 17.209 0 p/4-4cyli.dat
1 16 -27.298 2 15.129 0 12.169 -2.828 4 0 0 0 12.169 2.828 p/4-4cyli.dat
