0 BFC CERTIFY CCW
1 16 4 0 0 0 1 0 4 0 0 0 0 4 p/4-4edge.dat
1 16 -4 0 0 0 1 0 4 0 0 0 0 4 p/4-4edge.dat
1 16 4 0 0 0 1 0 0 0 6 6 0 0 p/2-4edge.dat
1 16 -4 0 0 0 1 0 0 0 6 6 0 0 p/2-4edge.dat
1 16 10 0 0 0 1 0 0 0 6 6 0 0 p/2-4edge.dat
1 16 -10 0 0 0 1 0 0 0 6 6 0 0 p/2-4edge.dat
1 16 4 0 0 0 1 0 0 0 -6 6 0 0 p/1-8edge.dat
1 16 -4 0 0 0 1 0 0 0 -6 6 0 0 p/1-8edge.dat
1 16 10 0 0 0 1 0 0 0 -6 6 0 0 p/1-8edge.dat
1 16 -10 0 0 0 1 0 0 0 -6 6 0 0 p/1-8edge.dat
1 16 10 -14 2 0 1 0 1.52 0 3.68 3.68 0 -1.52 p/2-4edge.dat
1 16 -10 -14 2 0 1 0 1.52 0 3.68 3.68 0 -1.52 p/2-4edge.dat
1 16 10 0 0 0 -1 0 6 0 0 0 0 6 p/4-4disc.dat
1 16 4 0 0 0 1 0 6 0 0 0 0 6 p/4-4disc.dat
1 16 -4 0 0 0 -1 0 6 0 0 0 0 6 p/4-4disc.dat
1 16 -10 0 0 0 1 0 6 0 0 0 0 6 p/4-4disc.dat
4 16 10 -15.52 -1.68 10 0 -6 10 -4.67 3.51 10 -12.48 5.68
4 16 4 -11.52 -2.79 4 -8.48 4.57 4 -4.67 3.51 4 0 -6
4 16 -4 -11.52 -2.79 -4 0 -6 -4 -4.67 3.51 -4 -8.48 4.57
4 16 -10 -15.52 -1.68 -10 -12.48 5.68 -10 -4.67 3.51 -10 0 -6
4 16 4 -11.52 -2.79 -4 -11.52 -2.79 -4 -8.47 4.57 4 -8.48 4.57
4 16 10 -4.2 4.2 4 -4.2 4.2 4 -4.67 3.51 10 -4.67 3.51
4 16 -10 -4.2 4.2 -10 -4.67 3.51 -4 -4.67 3.51 -4 -4.2 4.2
1 16 4 0 0 0 6 0 0 0 6 6 0 0 p/2-4cyli.dat
1 16 -4 0 0 0 -6 0 0 0 6 6 0 0 p/2-4cyli.dat
1 16 4 0 0 0 6 0 0 0 -6 6 0 0 p/1-8cyli.dat
1 16 -4 0 0 0 -6 0 0 0 -6 6 0 0 p/1-8cyli.dat
1 16 4 0 0 0 -8 0 0 0 4 4 0 0 p/4-4cyli.dat
4 16 10 -4.67 3.51 4 -4.67 3.51 4 -8.48 4.57 10 -12.48 5.68
4 16 -10 -4.67 3.51 -10 -12.48 5.68 -4 -8.48 4.57 -4 -4.67 3.51
4 16 10 -12.48 5.68 4 -8.48 4.57 -4 -8.48 4.57 -10 -12.48 5.68
4 16 10 0 -6 10 -15.52 -1.68 4 -11.52 -2.79 4 0 -6
4 16 -10 0 -6 -4 0 -6 -4 -11.52 -2.79 -10 -15.52 -1.68
4 16 10 -15.52 -1.68 -10 -15.52 -1.68 -4 -11.52 -2.79 4 -11.52 -2.79
1 16 26 -14 8 0 3.72 -1.47 4 0 0 0 1.47 3.72 p/4-8sphe.dat
1 16 -26 -14 8 0 -3.72 1.47 4 0 0 0 1.47 3.72 p/4-8sphe.dat
1 16 26 -14 8 0 -9.3 -1.47 4 0 0 0 -3.66 3.72 p/4-4cyli.dat
1 16 -26 -14 8 0 9.3 1.47 4 0 0 0 -3.66 3.72 p/4-4cyli.dat
1 16 10.76 -14 2 0 9.3 -0.71 4 0 0 0 3.66 4 p/4-4cyli.dat
1 16 -10.76 -14 2 0 -9.3 0.71 4 0 0 0 3.66 4 p/4-4cyli.dat
1 16 10.76 -14 2 0 1 -0.76 4 0 0 0 0 4 p/4-4edge.dat
1 16 -10.76 -14 2 0 1 0.76 4 0 0 0 0 4 p/4-4edge.dat
1 16 10.76 -14 2 0 -1.52 -0.76 4 0 0 0 0 4 p/4-4cyli.dat
1 16 -10.76 -14 2 0 1.52 0.76 4 0 0 0 0 4 p/4-4cyli.dat
1 16 10 -14 2 0 -20 0 1.52 0 -3.68 3.68 0 1.52 p/2-4cyli.dat
