0 BFC CERTIFY CCW
1 16 -18 -8.0621 9.5001 0 0 4 2 12.124 0 3.464 -7 0 p/4-4cylc.dat
1 16 -18 4.062 2.5 0 0 -4 2 -1 0 3.464 0 0 p/4-4disc.dat
1 16 -18 -8.062 9.5 0 0 -2 1 -1.732 0 1.732 1 0 p/2-8sphe.dat
1 16 -18 4.062 2.5 0 0 -2 1 1.732 0 1.732 -1 0 p/2-8sphe.dat
1 16 -18 -8.062 9.5 0 0 -2 1 1 0 1.732 0 0 p/2-4edge.dat
1 16 -18 4.062 2.5 0 0 -2 1 1 0 1.732 0 0 p/2-4edge.dat
1 16 -12 -8.062 9.5 0 -6 0 1 0 1.732 1.732 0 -1 p/4-4cyli.dat
1 16 -12 4.062 2.5 0 -6 0 1 0 1.732 1.732 0 -1 p/4-4cyli.dat
1 16 -12 -8.062 9.5 0 1 0 1 0 1.732 1.732 0 -1 p/4-4edge.dat
1 16 -12 4.062 2.5 0 1 0 1 0 1.732 1.732 0 -1 p/4-4edge.dat
1 16 0 0 0 0 0 1 1 0 0 0 1 0 p/stud2.dat
1 16 10 -10 8 2 0 0 0 2 0 0 0 2 p/4-4cylc.dat
0 BFC INVERTNEXT
1 16 -10 6 1 -1 0 0 0 0 1 0 -1 0 p/4-4cylc.dat
1 16 -10 6 0 1 0 0 0 0 1 0 1 0 p/4-4ndis.dat
0 BFC INVERTNEXT
1 16 10 0 1 -1 0 0 0 0 1 0 -1 0 p/4-4cylc.dat
1 16 10 0 0 1 0 0 0 0 1 0 1 0 p/4-4ndis.dat
0 BFC INVERTNEXT
1 16 10 6 1 -1 0 0 0 0 1 0 -1 0 p/4-4cylc.dat
1 16 10 6 0 1 0 0 0 0 1 0 1 0 p/4-4ndis.dat
1 16 12 -6 0 0 0 1 1 0 0 0 1 0 p/2-4ndis.dat
1 16 8 -6 0 0 0 -1 1 0 0 0 1 0 p/2-4ndis.dat
0 BFC INVERTNEXT
1 16 12 -6 1 0 0 1 1 0 0 0 -1 0 p/2-4cylc.dat
0 BFC INVERTNEXT
1 16 8 -6 1 0 0 -1 1 0 0 0 -1 0 p/2-4cylc.dat
1 16 10 -7 0.5 2 0 0 0 -1 0 0 0 -0.5 p/rect2p.dat
1 16 10 -5 0.5 -2 0 0 0 1 0 0 0 -0.5 p/rect2p.dat
4 16 12 -7 1 8 -7 1 8 -5 1 12 -5 1
4 16 -12 -8 0 7 -7 0 13 -7 0 16 -8 0
1 16 -12 0 6 0 1 0 0 0 8 6 0 0 p/rect3.dat
1 16 16 0 6 0 -1 0 0 0 -8 6 0 0 p/rect.dat
1 16 2 0 12 0 0 -14 8 0 0 0 -1 0 p/rect1.dat
4 16 -12 -14 8 -12 -14 12 -12 -8 12 -12 -8 6
4 16 2 -8 6 2 -8 12 0 -14 12 0 -14 8
1 16 -6 -14 10 0 0 6 0 1 0 -2 0 0 p/rect.dat
4 16 -12 -8 6 -10 -8 6 -10 -12 7.333 -12 -14 8
4 16 0 -14 8 -2 -12 7.333 -2 -8 6 2 -8 6
4 16 -12 -14 8 -10 -12 7.333 -2 -12 7.333 0 -14 8
4 16 -12 -14 12 -10 -12 12 -10 -8 12 -12 -8 12
4 16 2 -8 12 -2 -8 12 -2 -12 12 0 -14 12
4 16 0 -14 12 -2 -12 12 -10 -12 12 -12 -14 12
4 16 -10 -8 6 -10 -8 12 -10 -12 12 -10 -12 7.333
4 16 -2 -12 7.333 -2 -12 12 -2 -8 12 -2 -8 6
1 16 -6 -12 9.6665 4 0 0 0 -1 0 0 0 -2.3335 p/rect.dat
1 16 -2.7142 1.25 3.1716 0 0 2.3858 -6.75 0 0 0 -1 0 p/rect3.dat
1 16 7.7142 1.25 3.1716 0 0 -2.3858 6.75 0 0 0 -1 0 p/rect3.dat
1 16 7.7142 1.25 8.8284 0 0 -2.3858 -6.75 0 0 0 1 0 p/rect3.dat
1 16 -2.7142 1.25 8.8284 0 0 2.3858 6.75 0 0 0 1 0 p/rect3.dat
4 16 -7.9284 8 8.8284 -7.9284 8 3.1716 -12 8 0 -12 8 12
4 16 -0.3284 8 8.8284 -7.9284 8 8.8284 -12 8 12 2.5 8 11.6569
4 16 12.9284 8 8.8284 5.3284 8 8.8284 2.5 8 11.6569 16 8 12
4 16 12.9284 8 8.8284 16 8 12 16 8 0 12.9284 8 3.1716
4 16 5.3284 8 3.1716 12.9284 8 3.1716 16 8 0 2.5 8 0.3431
4 16 -7.9284 8 3.1716 -0.3284 8 3.1716 2.5 8 0.3431 -12 8 0
3 16 16 8 12 2.5 8 11.6569 -12 8 12
3 16 2.5 8 0.3431 16 8 0 -12 8 0
0 BFC INVERTNEXT
1 16 2.5 8 6 2.82843 0 -2.82843 0 -13.5 0 2.82843 0 2.82843 p/1-4cylo.dat
1 16 2.5 -5.5 6 2.82843 0 -2.82843 0 -1 0 2.82843 0 2.82843 p/1-4chrd.dat
1 16 2.5 8 6 2.82843 0 -2.82843 0 -1 0 2.82843 0 2.82843 p/1-4ndis.dat
0 BFC INVERTNEXT
1 16 2.5 8 6 2.82843 0 -2.82843 0 -13.5 0 -2.82843 0 -2.82843 p/1-4cylo.dat
1 16 2.5 -5.5 6 2.82843 0 -2.82843 0 -1 0 -2.82843 0 -2.82843 p/1-4chrd.dat
0 BFC INVERTNEXT
1 16 10.1 8 6 0 0 2.82843 0 -13.5 0 -2.82843 0 0 p/2-4cylo.dat
0 BFC INVERTNEXT
1 16 -5.1 8 6 0 0 -2.82843 0 -13.5 0 -2.82843 0 0 p/2-4cylo.dat
1 16 10.1 -5.5 6 0 0 2.82843 0 -1 0 -2.82843 0 0 p/2-4chrd.dat
1 16 -5.1 -5.5 6 0 0 -2.82843 0 -1 0 -2.82843 0 0 p/2-4chrd.dat
1 16 10.1 8 6 0 0 2.82843 0 -1 0 -2.82843 0 0 p/2-4ndis.dat
1 16 -5.1 8 6 0 0 -2.82843 0 -1 0 -2.82843 0 0 p/2-4ndis.dat
1 16 2.5 8 6 2.82843 0 -2.82843 0 -1 0 -2.82843 0 -2.82843 p/1-4ndis.dat
4 16 10.1 -5.5 3.1716 -5.1 -5.5 3.1716 -5.1 -5.5 8.8284 10.1 -5.5 8.8284
4 16 -2 -8 6 -2 -8 12 -10 -8 12 -10 -8 6
4 16 16 -8 12 2 -8 12 2 -8 6 16 -8 0
4 16 16 -8 0 2 -8 6 -2 -8 6 -12 -8 0
3 16 -12 -8 0 -2 -8 6 -10 -8 6
3 16 -12 -8 0 -10 -8 6 -12 -8 6
4 16 16 -8 0 13 -7 0 13 -5 0 16 8 0
4 16 11 7 0 16 8 0 13 -5 0 11 -1 0
4 16 9 7 0 9 -1 0 -9 5 0 -9 7 0
4 16 16 8 0 11 7 0 -11 7 0 -12 8 0
4 16 -12 8 0 -11 7 0 -11 5 0 -12 -8 0
4 16 9 -1 0 11 -1 0 13 -5 0 7 -5 0
4 16 -9 5 0 9 -1 0 7 -5 0 -11 5 0
4 16 -11 5 0 7 -5 0 7 -7 0 -12 -8 0
4 16 9 5 0 11 5 0 11 1 0 9 1 0
