0 BFC CERTIFY CCW
1 16 0 -17 0 20 0 0 0 -20 0 0 0 20 p/4-8sphe.dat
1 16 0 -17 0 1.53846 0 0 0 8 0 0 0 1.53846 p/4-4con12.dat
1 16 0 -9 0 4.61538 0 0 0 6 0 0 0 4.61538 p/4-4con3.dat
1 16 0 -3 0 13.8462 0 0 0 1 0 0 0 13.8462 p/4-4edge.dat
1 16 0 0 0 5 0 0 0 1 0 0 0 5 p/4-4ring3.dat
1 16 0 0 0 1.15385 0 0 0 1 0 0 0 1.15385 p/4-4rin12.dat
1 16 0 -1.5 0 13.8462 0 0 0 -13 0 0 0 13.8462 p/t01o1154.dat
1 16 0 -1.5 0 13.8462 0 0 0 13 0 0 0 13.8462 p/t01o1154.dat
1 16 0 0 0 13.8462 0 0 0 1 0 0 0 13.8462 p/4-4edge.dat
0 BFC INVERTNEXT
1 16 0 4 0 13 0 0 0 -32 0 0 0 13 p/4-4cylo.dat
1 16 0 -28 0 13 0 0 0 -32 0 0 0 13 p/1-8chrd.dat
3 16 9.192 -28 9.192 13 -28 0 8 -28 3.31
3 16 8 -28 3.31 13 -28 0 0 -35 0
3 16 0 -35 0 13 -28 0 8 -28 -3.31
1 16 0 -28 0 9.19239 0 9.19239 0 -32 0 -9.19239 0 9.19239 p/1-8chrd.dat
3 16 13 -28 0 9.192 -28 -9.192 8 -28 -3.31
3 16 8 -28 -3.31 9.192 -28 -9.192 0 -35 0
3 16 0 -35 0 9.192 -28 -9.192 3.31 -28 -8
1 16 0 -28 0 0 0 -13 0 -32 0 13 0 0 p/1-8chrd.dat
3 16 -9.192 -28 9.192 0 -28 13 -3.31 -28 8
3 16 -3.31 -28 8 0 -28 13 0 -35 0
3 16 0 -35 0 0 -28 13 3.31 -28 8
1 16 0 -28 0 9.19239 0 -9.19239 0 -32 0 9.19239 0 9.19239 p/1-8chrd.dat
3 16 0 -28 13 9.192 -28 9.192 3.31 -28 8
3 16 3.31 -28 8 9.192 -28 9.192 0 -35 0
3 16 0 -35 0 9.192 -28 9.192 8 -28 3.31
1 16 0 -28 0 -13 0 0 0 -32 0 0 0 -13 p/1-8chrd.dat
3 16 -9.192 -28 -9.192 -13 -28 0 -8 -28 -3.31
3 16 -8 -28 -3.31 -13 -28 0 0 -35 0
3 16 0 -35 0 -13 -28 0 -8 -28 3.31
1 16 0 -28 0 -9.19239 0 -9.19239 0 -32 0 9.19239 0 -9.19239 p/1-8chrd.dat
3 16 -13 -28 0 -9.192 -28 9.192 -8 -28 3.31
3 16 -8 -28 3.31 -9.192 -28 9.192 0 -35 0
3 16 0 -35 0 -9.192 -28 9.192 -3.31 -28 8
1 16 0 -28 0 0 0 13 0 -32 0 -13 0 0 p/1-8chrd.dat
3 16 9.192 -28 -9.192 0 -28 -13 3.31 -28 -8
3 16 3.31 -28 -8 0 -28 -13 0 -35 0
3 16 0 -35 0 0 -28 -13 -3.31 -28 -8
1 16 0 -28 0 -9.19239 0 9.19239 0 -32 0 -9.19239 0 -9.19239 p/1-8chrd.dat
3 16 0 -28 -13 -9.192 -28 -9.192 -3.31 -28 -8
3 16 -3.31 -28 -8 -9.192 -28 -9.192 0 -35 0
3 16 0 -35 0 -9.192 -28 -9.192 -8 -28 -3.31
1 16 0 0 0 20 0 0 0 1 0 0 0 20 p/4-4edge.dat
1 16 0 0 0 20 0 0 0 4 0 0 0 20 p/4-4cyli.dat
1 16 0 4 0 1 0 0 0 -1 0 0 0 1 p/4-4rin13.dat
1 16 0 4 0 2 0 0 0 -1 0 0 0 2 p/4-4ring7.dat
1 16 0 4 0 18.4776 0 7.65367 0 4 0 -7.65367 0 18.4776 p/1-8cyli.dat
1 16 0 8 0 18.4776 0 7.65367 0 4 0 -7.65367 0 18.4776 p/1-8edge.dat
0 BFC INVERTNEXT
1 16 0 4 0 14.7821 0 6.12293 0 4 0 -6.12293 0 14.7821 p/1-8cyli.dat
1 16 0 8 0 14.7821 0 6.12293 0 4 0 -6.12293 0 14.7821 p/1-8edge.dat
1 16 0 4 0 14.7821 0 6.12293 0 4 0 -6.12293 0 14.7821 p/1-8edge.dat
1 16 0 8 0 3.69552 0 1.53073 0 -1 0 -1.53073 0 3.69552 p/1-8ring4.dat
4 16 16.87 8 10.07 16.87 4 10.07 18.478 4 7.654 18.477 8 7.654
3 16 14.782 8 6.123 16.87 8 10.07 18.477 8 7.654
4 16 14.782 8 6.123 14.782 4 6.123 16.87 4 10.07 16.87 8 10.07
4 16 18.478 8 -7.654 18.478 4 -7.654 16.87 4 -10.07 16.87 8 -10.07
3 16 18.478 8 -7.654 16.87 8 -10.07 14.782 8 -6.123
4 16 16.87 8 -10.07 16.87 4 -10.07 14.782 4 -6.123 14.782 8 -6.123
1 16 0 4 0 7.65367 0 -18.4776 0 4 0 18.4776 0 7.65367 p/1-8cyli.dat
1 16 0 8 0 7.65367 0 -18.4776 0 4 0 18.4776 0 7.65367 p/1-8edge.dat
0 BFC INVERTNEXT
1 16 0 4 0 6.12293 0 -14.7821 0 4 0 14.7821 0 6.12293 p/1-8cyli.dat
1 16 0 8 0 6.12293 0 -14.7821 0 4 0 14.7821 0 6.12293 p/1-8edge.dat
1 16 0 4 0 6.12293 0 -14.7821 0 4 0 14.7821 0 6.12293 p/1-8edge.dat
1 16 0 8 0 1.53073 0 -3.69552 0 -1 0 3.69552 0 1.53073 p/1-8ring4.dat
4 16 -10.07 8 16.87 -10.07 4 16.87 -7.654 4 18.478 -7.654 8 18.477
3 16 -6.123 8 14.782 -10.07 8 16.87 -7.654 8 18.477
4 16 -6.123 8 14.782 -6.123 4 14.782 -10.07 4 16.87 -10.07 8 16.87
4 16 7.654 8 18.478 7.654 4 18.478 10.07 4 16.87 10.07 8 16.87
3 16 7.654 8 18.478 10.07 8 16.87 6.123 8 14.782
4 16 10.07 8 16.87 10.07 4 16.87 6.123 4 14.782 6.123 8 14.782
1 16 0 4 0 -7.65367 0 18.4776 0 4 0 -18.4776 0 -7.65367 p/1-8cyli.dat
1 16 0 8 0 -7.65367 0 18.4776 0 4 0 -18.4776 0 -7.65367 p/1-8edge.dat
0 BFC INVERTNEXT
1 16 0 4 0 -6.12293 0 14.7821 0 4 0 -14.7821 0 -6.12293 p/1-8cyli.dat
1 16 0 8 0 -6.12293 0 14.7821 0 4 0 -14.7821 0 -6.12293 p/1-8edge.dat
1 16 0 4 0 -6.12293 0 14.7821 0 4 0 -14.7821 0 -6.12293 p/1-8edge.dat
1 16 0 8 0 -1.53073 0 3.69552 0 -1 0 -3.69552 0 -1.53073 p/1-8ring4.dat
4 16 10.07 8 -16.87 10.07 4 -16.87 7.654 4 -18.478 7.654 8 -18.477
3 16 6.123 8 -14.782 10.07 8 -16.87 7.654 8 -18.477
4 16 6.123 8 -14.782 6.123 4 -14.782 10.07 4 -16.87 10.07 8 -16.87
4 16 -7.654 8 -18.478 -7.654 4 -18.478 -10.07 4 -16.87 -10.07 8 -16.87
3 16 -7.654 8 -18.478 -10.07 8 -16.87 -6.123 8 -14.782
4 16 -10.07 8 -16.87 -10.07 4 -16.87 -6.123 4 -14.782 -6.123 8 -14.782
1 16 0 4 0 -18.4776 0 -7.65367 0 4 0 7.65367 0 -18.4776 p/1-8cyli.dat
1 16 0 8 0 -18.4776 0 -7.65367 0 4 0 7.65367 0 -18.4776 p/1-8edge.dat
0 BFC INVERTNEXT
1 16 0 4 0 -14.7821 0 -6.12293 0 4 0 6.12293 0 -14.7821 p/1-8cyli.dat
1 16 0 8 0 -14.7821 0 -6.12293 0 4 0 6.12293 0 -14.7821 p/1-8edge.dat
1 16 0 4 0 -14.7821 0 -6.12293 0 4 0 6.12293 0 -14.7821 p/1-8edge.dat
1 16 0 8 0 -3.69552 0 -1.53073 0 -1 0 1.53073 0 -3.69552 p/1-8ring4.dat
4 16 -16.87 8 -10.07 -16.87 4 -10.07 -18.478 4 -7.654 -18.477 8 -7.654
3 16 -14.782 8 -6.123 -16.87 8 -10.07 -18.477 8 -7.654
4 16 -14.782 8 -6.123 -14.782 4 -6.123 -16.87 4 -10.07 -16.87 8 -10.07
4 16 -18.478 8 7.654 -18.478 4 7.654 -16.87 4 10.07 -16.87 8 10.07
3 16 -18.478 8 7.654 -16.87 8 10.07 -14.782 8 6.123
4 16 -16.87 8 10.07 -16.87 4 10.07 -14.782 4 6.123 -14.782 8 6.123
4 16 16.87 4 10.07 14.782 4 6.123 11.314 4 11.314 14.142 4 14.142
4 16 14.142 4 14.142 11.314 4 11.314 6.123 4 14.782 10.07 4 16.87
4 16 -10.07 4 16.87 -6.123 4 14.782 -11.314 4 11.314 -14.142 4 14.142
4 16 -14.142 4 14.142 -11.314 4 11.314 -14.782 4 6.123 -16.87 4 10.07
4 16 10.07 4 -16.87 6.123 4 -14.782 11.314 4 -11.314 14.142 4 -14.142
4 16 14.142 4 -14.142 11.314 4 -11.314 14.782 4 -6.123 16.87 4 -10.07
4 16 -16.87 4 -10.07 -14.782 4 -6.123 -11.314 4 -11.314 -14.142 4 -14.142
4 16 -14.142 4 -14.142 -11.314 4 -11.314 -6.123 4 -14.782 -10.07 4 -16.87
