0 BFC CERTIFY CCW
1 16 0 0 -300 0 0 1 0 1 0 -1 0 0 peghole.dat
1 16 0 10 -300 0 0 1 0 -1 0 1 0 0 peghole.dat
0 BFC INVERTNEXT
1 16 0 2 -300 0 0 6 0 6 0 -6 0 0 4-4cyli.dat
1 16 0 0 -300 0 0 1 0 1 0 -1 0 0 4-4ring8.dat
1 16 0 10 -300 0 0 1 0 -1 0 1 0 0 4-4ring8.dat
1 16 0 10 -300 6.36396 0 6.36396 0 -1 0 6.36396 0 -6.36396 3-4edge.dat
1 16 0 0 0 0 0 1 0 1 0 -1 0 0 peghole.dat
1 16 0 20 0 0 0 1 0 -1 0 1 0 0 peghole.dat
0 BFC INVERTNEXT
1 16 0 2 0 0 0 6 0 16 0 -6 0 0 4-4cyli.dat
1 16 0 0 0 9 0 0 0 20 0 0 0 9 2-4cyli.dat
1 16 0 5 0 -9 0 0 0 15 0 0 0 -9 2-4cyli.dat
1 16 0 0 0 0 0 1 0 1 0 -1 0 0 4-4ring8.dat
1 16 0 0 0 9 0 0 0 1 0 0 0 9 2-4edge.dat
1 16 0 10 0 -6.36396 0 6.36396 0 1 0 -6.36396 0 -6.36396 1-4edge.dat
1 16 0 0 0 8.31492 0 3.44415 0 1 0 -3.44415 0 8.31492 1-16edge.dat
1 16 0 0 0 -9 0 0 0 1 0 0 0 -9 1-16edge.dat
1 16 0 20 0 0 0 1 0 -1 0 1 0 0 4-4ring8.dat
1 16 0 20 0 0 0 9 0 -1 0 9 0 0 4-4edge.dat
1 16 0 5 -307 0 0 4 -4 0 0 0 -77 0 4-4cyli.dat
1 16 0 5 -384 0 0 4 -4 0 0 0 -3 0 4-8sphe.dat
1 16 0 0 -300 6.36396 0 6.36396 0 -1 0 6.36396 0 -6.36396 3-4edge.dat
4 16 -8 0 -9 -4.5 0 -292.4 -2 0 -285 -4 0 -30
4 16 4 0 -30 2 0 -285 4.5 0 -292.4 8 0 -9
1 16 0 0 -285 -2 0 0 0 1 0 0 0 -2 2-4edge.dat
1 16 0 3 -285 -2 0 0 0 1 0 0 0 -2 2-4edge.dat
4 16 -4 0 -30 -2 0 -285 -2 3 -285 -4 3 -30
4 16 4 3 -30 2 3 -285 2 0 -285 4 0 -30
4 16 -4 3 -30 -2 3 -285 2 3 -285 4 3 -30
0 BFC INVERTNEXT
1 16 0 0 -285 -2 0 0 0 3 0 0 0 -2 2-4cyli.dat
1 16 0 3 -285 -2 0 0 0 1 0 0 0 -2 2-4disc.dat
1 16 0 0 -285 -2 0 0 0 1 0 0 0 -2 2-4ndis.dat
1 16 0 1.5 -30 4 0 0 0 0 -1.5 0 1 0 rect.dat
1 16 0 10 -285 2 0 0 0 -1 0 0 0 -2 2-4edge.dat
1 16 0 7 -285 2 0 0 0 -1 0 0 0 -2 2-4edge.dat
4 16 4.5 10 -15 2 10 -285 2 7 -285 4.5 7 -15
4 16 -4.5 7 -15 -2 7 -285 -2 10 -285 -4.5 10 -15
4 16 4.5 7 -15 2 7 -285 -2 7 -285 -4.5 7 -15
0 BFC INVERTNEXT
1 16 0 10 -285 2 0 0 0 -3 0 0 0 -2 2-4cyli.dat
1 16 0 7 -285 2 0 0 0 -1 0 0 0 -2 2-4disc.dat
1 16 0 8.5 -15 -4.5 0 0 0 0 1.5 0 1 0 rect.dat
1 16 8 5 0 0 -3.41595 0.999932 -5 0 0 0 -292.98 -0.0116585 2-4cyli.dat
1 16 -8 5 0 0 3.41595 -0.999932 5 0 0 0 -292.98 -0.0116585 2-4cyli.dat
3 16 8 0 -9 8 0 -3 6.3639 0 -6.364
3 16 8 0 -9 6.3639 0 -6.364 3.4443 0 -8.315
4 16 8 0 -9 -8 0 -9 -4 0 -30 4 0 -30
3 16 8 0 -9 3.4443 0 -8.315 0 0 -9
3 16 -8 0 -9 0 0 -9 -3.4443 0 -8.315
3 16 -8 0 -9 -3.4443 0 -8.315 -6.3639 0 -6.364
3 16 -8 0 -9 -6.3639 0 -6.364 -8 0 -1
3 16 2 0 -287 0 0 -291 3.4443 0 -291.685
4 16 2 0 -287 3.4443 0 -291.685 4.5 0 -292.4 2 0 -285
3 16 -3.4443 0 -291.685 0 0 -291 -2 0 -287
3 16 0 0 -291 2 0 -287 -2 0 -287
4 16 -2 0 -285 -4.5 0 -292.4 -3.4443 0 -291.685 -2 0 -287
4 16 8 10 -9 4.5 10 -292.4 2 10 -285 4.5 10 -15
4 16 -4.5 10 -15 -2 10 -285 -4.5 10 -292.4 -8 10 -9
1 16 0 10 -285 2 0 0 0 -1 0 0 0 -2 2-4ndis.dat
3 16 -8 10 -9 -8 10 -3 -6.3639 10 -6.364
3 16 -8 10 -9 -6.3639 10 -6.364 -3.4443 10 -8.315
4 16 -8 10 -9 8 10 -9 4.5 10 -15 -4.5 10 -15
3 16 -8 10 -9 -3.4443 10 -8.315 0 10 -9
3 16 8 10 -9 0 10 -9 3.4443 10 -8.315
3 16 8 10 -9 3.4443 10 -8.315 6.3639 10 -6.364
3 16 8 10 -9 6.3639 10 -6.364 8 10 -1
3 16 -2 10 -287 0 10 -291 -3.4443 10 -291.685
4 16 -2 10 -287 -3.4443 10 -291.685 -4.5 10 -292.4 -2 10 -285
3 16 3.4443 10 -291.685 0 10 -291 2 10 -287
3 16 0 10 -291 -2 10 -287 2 10 -287
4 16 2 10 -285 4.5 10 -292.4 3.4443 10 -291.685 2 10 -287
1 16 0.001 0 -300 -6.36396 0 -6.36396 0 10 0 6.36396 0 -6.36396 3-4cyli.dat
1 16 0.001 0 -300 -3.44415 0 -8.31492 0 10 0 8.31492 0 -3.44415 1-16cyli.dat
1 16 0.001 0 -300 6.36396 0 -6.36396 0 10 0 6.36396 0 6.36396 1-16cyli.dat
1 16 -13.531 5 -40.26 0 5.99959 -0.0466342 4 0 0 0 0.0699512 3.99973 4-4cyli.dat
1 16 -19.531 5 -40.329 7.99946 0 -0.0932683 0 8 0 0.0932683 0 7.99946 8-8sphe.dat
1 16 -12.599 5 -120.255 0 5.99959 -0.0466342 4 0 0 0 0.0699512 3.99973 4-4cyli.dat
1 16 -18.598 5 -120.324 7.99946 0 -0.0932683 0 8 0 0.0932683 0 7.99946 8-8sphe.dat
1 16 -11.667 5 -200.248 0 5.99959 -0.0466342 4 0 0 0 0.0699512 3.99973 4-4cyli.dat
1 16 -17.667 5 -200.319 7.99946 0 -0.0932683 0 8 0 0.0932683 0 7.99946 8-8sphe.dat
