0 BFC CERTIFY CCW
1 16 0 -4 0 -4.242641 0 -4.242641 0 8 0 4.242641 0 -4.242641 p/1-4cylo.dat
1 16 0 -4 0 4.242641 0 4.242641 0 8 0 4.242641 0 -4.242641 p/1-4cylo.dat
0 BFC INVERTNEXT
1 16 0 -4 0 0 0 -4 0 8 0 4 0 0 p/3-8cylo.dat
0 BFC INVERTNEXT
1 16 0 -4 0 0 0 4 0 8 0 4 0 0 p/3-8cylo.dat
1 16 3.5355 0 -3.5355 -.7071 1 0 0 0 4 .7071 0 0 p/rect.dat
1 16 -3.5355 0 -3.5355 0 -1 -.7071 -4 0 0 0 0 -.7071 p/rect.dat
1 16 0 -4 0 -1.414214 0 -1.414214 0 1 0 1.414214 0 -1.414214 p/1-4ring2.dat
1 16 0 -4 0 1.414214 0 1.414214 0 1 0 1.414214 0 -1.414214 p/1-4ring2.dat
1 16 0 -4 0 2.828427 0 -2.828427 0 1 0 2.828427 0 2.828427 p/1-4ndis.dat
1 16 0 4 0 -1.414214 0 -1.414214 0 -1 0 1.414214 0 -1.414214 p/1-4ring2.dat
1 16 0 4 0 1.414214 0 1.414214 0 -1 0 1.414214 0 -1.414214 p/1-4ring2.dat
1 16 0 4 0 2.828427 0 -2.828427 0 -1 0 2.828427 0 2.828427 p/1-4ndis.dat
1 16 -4.1213 0 8.1213 -.1213 1 0 0 0 -4 -3.8787 0 0 p/rect2p.dat
1 16 4.1213 0 8.1213 -.1213 -1 0 0 0 -4 3.8787 0 0 p/rect2p.dat
1 16 0 0 12 4 0 0 0 0 4 0 -1 0 p/rect.dat
4 16 0 -4 5.656854 -4 -4 12 -4.2426 -4 4.2426 -2.8284 -4 2.8284
4 16 4.2426 -4 4.2426 4 -4 12 0 -4 5.656854 2.8284 -4 2.8284
4 16 -4.2426 4 4.2426 -4 4 12 0 4 5.656854 -2.8284 4 2.8284
4 16 4.2426 4 4.2426 2.8284 4 2.8284 0 4 5.656854 4 4 12
3 16 -4 -4 12 0 -4 5.656854 4 -4 12
3 16 0 4 5.656854 -4 4 12 4 4 12
1 16 0 0 12 1 0 0 0 0 1 0 -1 0 parts/s/30126s01.dat
