0 BFC CERTIFY CCW
1 16 0 -3.9 0.05 0 0 8.466 0 -1 0 -8.466 0 0 4-4disc.dat
1 16 0 -3.9 0.05 0 0 8.466 0 -1 0 -8.466 0 0 4-4edge.dat
0 BFC INVERTNEXT
1 16 0 0.1 0.05 0 0 4.233 0 -4 0 -4.233 0 0 4-4con2.dat
1 16 0 -3.9 0.05 0 0 1 0 -1 0 -1 0 0 stud4.dat
1 16 0 0.1 0.05 0 0 12.7 0 -1 0 -12.7 0 0 4-4edge.dat
1 16 0 -10.67 -2.3 0 0 7.3 2.195 0.954 0 -6.962 0.301 0 4-4edge.dat
1 16 0 -10.67 -2.3 0 0 7.3 2.195 0.954 0 -6.962 0.301 0 4-4disc.dat
1 16 0 -10.67 -2.3 0 0 0.6 0.18 -0.286 0 -0.572 -0.09 0 4-4con1.dat
1 16 0 -10.96 -2.39 0 0 0.6 0.18 -0.286 0 -0.572 -0.09 0 4-4edge.dat
1 16 0 -10.96 -2.39 0 0 0.6 0.18 0.286 0 -0.572 0.09 0 4-4disc.dat
1 16 0 -10.67 -2.3 0 0 1.2 0.361 -0.286 0 -1.144 -0.09 0 4-4edge.dat
1 16 0 0 0 1 0 0 0 1 0 0 0 1 s\30135s01.dat
1 16 0 0 0 -1 0 0 0 1 0 0 0 1 s\30135s01.dat
