0 BFC CERTIFY CCW
1 16 0 0 0 1 0 0 0 1 0 0 0 1 s\30164s04.dat
1 16 0 0 0 -1 0 0 0 1 0 0 0 1 s\30164s04.dat
1 16 0 0 0 1 0 0 0 1 0 0 0 1 s\30164s03.dat
1 16 0 0 0 1 0 0 0 1 0 0 0 1 s\30164s02.dat
1 16 0 0 0 -1 0 0 0 1 0 0 0 1 s\30164s03.dat
1 16 0 0 0 -1 0 0 0 1 0 0 0 1 s\30164s02.dat
1 16 0 -5 -53 1 0 0 0 1 0 0 0 0.88 s\30164s05.dat
4 16 16 20 68 -16 20 68 -20 20 72 20 20 72
1 16 0 10 72 20 0 0 0 0 10 0 -1 0 rect2p.dat
4 16 20 0 -72 -20 0 -72 -19 4 -72 19 4 -72
4 16 -20 20 -72 20 20 -72 19 16 -72 -19 16 -72
4 16 -1 16 -72 1 16 -72 1 4 -72 -1 4 -72
1 16 0 12 -64 -16 0 0 0 0 -8 0 -1 0 rect.dat
1 16 0 12 68 16 0 0 0 0 -8 0 1 0 rect.dat
4 16 20 20 -72 -20 20 -72 -16 20 -64 16 20 -64
4 16 36 4 3 -36 4 3 -16 4 66 16 4 66
4 16 18 4 -62 -18 4 -62 -36 4 -3 36 4 -3
4 16 40 0 -4 -40 0 -4 -20 0 -72 20 0 -72
4 16 20 0 72 -20 0 72 -40 0 4 40 0 4
4 16 40 0 4 -40 0 4 -40 0 -4 40 0 -4
4 16 16 4 -64 -16 4 -64 -16 4 -62 16 4 -62
4 16 16 4 66 -16 4 66 -16 4 68 16 4 68
4 16 36 4 3 36 4 -3 -36 4 -3 -36 4 3
1 16 10 10 72 0 0 -1 1 0 0 0 -1 0 stud2.dat
1 16 -10 10 72 0 0 -1 1 0 0 0 -1 0 stud2.dat
1 16 -30 0 0 0 0 1 0 1 0 -1 0 0 stud2.dat
1 16 30 0 0 0 0 1 0 1 0 -1 0 0 stud2.dat
1 16 0 -8 60 0 0 1 0 1 0 -1 0 0 stud2a.dat
1 16 0 -8 60 0 0 6 0 2 0 -6 0 0 4-4cyli.dat
1 16 0 -8 60 0 0 4 0 1 0 -4 0 0 4-4disc.dat
1 16 0 -8 60 0 0 4 0 1 0 -4 0 0 4-4edge.dat
