0 BFC CERTIFY CCW
1 16 0 0 0 1 0 0 0 1 0 0 0 1 parts/s/30231s03.dat
1 16 0 0 0 1 0 0 0 1 0 0 0 1 parts/s/30231s01.dat
1 16 0 0 0 1 0 0 0 1 0 0 0 1 parts/s/30231s02.dat
1 16 0 0 0 1 0 0 0 -1 0 0 0 1 parts/s/30231s01.dat
1 16 0 0 0 1 0 0 0 -1 0 0 0 1 parts/s/30231s02.dat
1 16 15 -1 65 1 0 0 0 1 0 0 0 1 p/stud2.dat
1 16 15 1 65 1 0 0 0 -1 0 0 0 -1 p/stud2.dat
1 16 15 1 65 4 0 0 0 -1 0 0 0 4 p/4-4disc.dat
1 16 -25 -1 145 1 0 0 0 1 0 0 0 1 p/stud2a.dat
1 16 -25 -1 145 6 0 0 0 1 0 0 0 6 p/4-4edge.dat
1 16 -25 1 145 6 0 0 0 1 0 0 0 6 p/4-4edge.dat
1 16 -25 1 145 1 0 0 0 -1 0 0 0 -1 p/stud2a.dat
0 BFC INVERTNEXT
1 16 -25 1 145 4 0 0 0 -2 0 0 0 -4 p/4-4cyli.dat
1 16 25 0 53 0 -1 0 1 0 0 0 0 20 p/rect3.dat
1 16 7.5 0 112.5 0 -1 -17.5 1 0 0 0 0 39.5 p/rect3.dat
1 16 -18.23 0 162.27 8.23 -1 0 0 0 1 -10.27 0 0 p/rect2p.dat
1 16 -30 -1 169 3.54 0 -3.54 0 2 0 3.54 0 3.54 p/3-8cylo.dat
1 16 -35 0 121 0 1 0 1 0 0 0 0 -48 p/rect3.dat
1 16 15 -1 65 4 0 0 0 1 0 0 0 4 p/4-4disc.dat
3 16 -9.963 0 15.373 -10 0 15 -9.801 -1 15
3 16 -10 0 15 -9.963 0 15.373 -9.801 1 15
3 16 10 0 15 9.979 0 15.211 9.801 -1 15
3 16 9.979 0 15.211 10 0 15 9.801 1 15
4 16 25 -1 33 9.801 -1 15 9.979 0 15.211 25 1 33
3 16 9.979 0 15.211 9.801 1 15 25 1 33
4 16 -35 -1 73 -35 1 73 -9.801 1 15 -9.963 0 15.373
3 16 -9.963 0 15.373 -9.801 -1 15 -35 -1 73
