0 BFC CERTIFY CCW
1 16 0 36 80 -1 0 0 0 -1 0 0 0 -1 p/stud4f2w.dat
1 16 12 36 -80 4 0 0 0 4 0 0 0 2 p/box3u8p.dat
1 16 -12 36 -80 4 0 0 0 4 0 0 0 2 p/box3u8p.dat
1 16 12 36 80 4 0 0 0 4 0 0 0 2 p/box3u8p.dat
1 16 -12 36 80 4 0 0 0 4 0 0 0 2 p/box3u8p.dat
1 16 0 28 40 0 0 -1 0 -1 0 1 0 0 p/stud4.dat
1 16 0 28 20 0 0 -1 0 -1 0 1 0 0 p/stud4.dat
1 16 0 28 0 0 0 -1 0 -1 0 1 0 0 p/stud4.dat
1 16 0 28 -20 0 0 -1 0 -1 0 1 0 0 p/stud4.dat
1 16 0 28 -40 0 0 -1 0 -1 0 1 0 0 p/stud4.dat
1 16 0 36 -80 -1 0 0 0 -1 0 0 0 -1 p/stud4f2w.dat
1 16 0 36 -80 6 0 0 0 1 0 0 0 6 p/4-4edge.dat
1 16 0 36 80 6 0 0 0 1 0 0 0 6 p/4-4edge.dat
0 BFC INVERTNEXT
1 16 0 32 0 0 0 16 0 -4 0 60 0 0 p/box3u2p.dat
4 16 16 28 -60 16 32 -60 -16 32 -60 -16 28 -60
4 16 -16 28 60 -16 32 60 16 32 60 16 28 60
1 16 18 32 0 0 0 2 0 -4 0 60 0 0 p/rect3.dat
1 16 -18 32 0 0 0 -2 0 -4 0 -60 0 0 p/rect3.dat
4 16 20 8 -116 20 32 -100 20 32 100 20 8 116
4 16 -20 32 100 -20 12 120 20 12 120 20 32 100
4 16 20 8 -116 20 8 -120 20 12 -120 20 32 -100
4 16 20 32 100 20 12 120 20 8 120 20 8 116
4 16 20 32 -100 20 12 -120 -20 12 -120 -20 32 -100
1 16 0 10 -120 20 0 0 0 0 2 0 1 0 p/rect.dat
1 16 0 10 120 20 0 0 0 0 2 0 -1 0 p/rect.dat
0 BFC INVERTNEXT
1 16 0 40 -80 -16 0 0 0 -4 0 0 0 -16 p/box5-4a.dat
4 16 -20 40 -100 -16 40 -96 16 40 -96 20 40 -100
4 16 20 40 -60 16 40 -64 -16 40 -64 -20 40 -60
4 16 -20 40 -60 -16 40 -64 -16 40 -96 -20 40 -100
4 16 20 40 -100 16 40 -96 16 40 -64 20 40 -60
4 16 20 40 -60 20 32 -60 20 32 -100 20 40 -100
1 16 0 36 -100 20 0 0 0 0 4 0 1 0 p/rect.dat
1 16 0 36 100 20 0 0 0 0 4 0 -1 0 p/rect.dat
1 16 0 36 60 20 0 0 0 0 4 0 1 0 p/rect3.dat
1 16 0 36 -60 20 0 0 0 0 4 0 -1 0 p/rect3.dat
1 16 -22 37 -80 0 1 0 1 0 0 0 0 -1 p/wpin2.dat
1 16 22 37 -80 0 -1 0 1 0 0 0 0 -1 p/wpin2.dat
0 BFC INVERTNEXT
1 16 0 40 80 -16 0 0 0 -4 0 0 0 -16 p/box5-4a.dat
4 16 -20 40 60 -16 40 64 16 40 64 20 40 60
4 16 20 40 100 16 40 96 -16 40 96 -20 40 100
4 16 -20 40 100 -16 40 96 -16 40 64 -20 40 60
4 16 20 40 60 16 40 64 16 40 96 20 40 100
4 16 20 40 100 20 32 100 20 32 60 20 40 60
1 16 -22 37 80 0 1 0 1 0 0 0 0 -1 p/wpin2.dat
1 16 22 37 80 0 -1 0 1 0 0 0 0 -1 p/wpin2.dat
4 16 -20 8 116 -20 32 100 -20 32 -100 -20 8 -116
4 16 -20 8 116 -20 8 120 -20 12 120 -20 32 100
4 16 -20 32 -100 -20 12 -120 -20 8 -120 -20 8 -116
4 16 -20 40 60 -20 32 60 -20 32 100 -20 40 100
4 16 -20 40 -100 -20 32 -100 -20 32 -60 -20 40 -60
1 16 10 28 58 -1.5 0 0 0 4 0 0 0 -2 p/box4-1.dat
1 16 -10 28 58 -1.5 0 0 0 4 0 0 0 -2 p/box4-1.dat
1 16 -10 28 -58 1.5 0 0 0 4 0 0 0 2 p/box4-1.dat
1 16 10 28 -58 1.5 0 0 0 4 0 0 0 2 p/box4-1.dat
