0 BFC CERTIFY CW
1 16 0 -4 0 6 0 0 0 -1 0 0 0 6 p/4-4disc.dat
1 16 0 -4 0 10 0 0 0 1 0 0 0 10 p/4-4edge.dat
1 16 0 -4 0 1 0 0 0 -1 0 0 0 1 p/stud4.dat
1 16 0 -4 0 0 0 2 0 -1 0 -2 0 0 p/2-4ring4.dat
1 16 0 -4 0 0 0 -2 0 -1 0 2 0 0 p/2-4ring4.dat
0 BFC INVERTNEXT
1 16 0 -2 0 2 0 0 0 -2 0 0 0 2 p/1-4con5.dat
0 BFC INVERTNEXT
1 16 0 -2 0 0 0 2 0 -2 0 -2 0 0 p/1-4con5.dat
0 BFC INVERTNEXT
1 16 0 -2 0 -2 0 0 0 -2 0 0 0 -2 p/1-4con5.dat
0 BFC INVERTNEXT
1 16 0 -2 0 0 0 -2 0 -2 0 2 0 0 p/1-4con5.dat
0 BFC INVERTNEXT
1 16 0 2 0 1.5 0 0 0 -4 0 0 0 1.5 p/1-4con8.dat
0 BFC INVERTNEXT
1 16 0 2 0 0 0 1.5 0 -4 0 -1.5 0 0 p/1-4con8.dat
0 BFC INVERTNEXT
1 16 0 2 0 -1.5 0 0 0 -4 0 0 0 -1.5 p/1-4con8.dat
0 BFC INVERTNEXT
1 16 0 2 0 0 0 -1.5 0 -4 0 1.5 0 0 p/1-4con8.dat
0 BFC INVERTNEXT
1 16 0 2 0 9.5459 0 9.5459 0 20 0 -9.5459 0 9.5459 p/3-4cyli.dat
0 BFC INVERTNEXT
1 16 0 19 0 -9.5459 0 9.5459 0 5 0 -9.5459 0 -9.5459 p/1-4cyli.dat
1 16 0 24 0 -9.5459 0 9.5459 0 1 0 -9.5459 0 -9.5459 p/1-4edge.dat
1 16 0 24 0 -1.0607 0 1.0607 0 -1 0 -1.0607 0 -1.0607 p/1-4ring9.dat
1 16 0 24 0 -1.4142 0 1.4142 0 -1 0 -1.4142 0 -1.4142 p/1-4ring7.dat
0 BFC INVERTNEXT
1 16 0 2 0 -9.5459 0 9.5459 0 6 0 -9.5459 0 -9.5459 p/1-4cyli.dat
1 16 0 8 0 11.3137 0 11.3137 0 1 0 -11.3137 0 11.3137 p/3-4edge.dat
1 16 0 19 0 11.3137 0 -11.3137 0 1 0 -11.3137 0 -11.3137 p/1-4edge.dat
1 16 0 24 0 11.3137 0 -11.3137 0 1 0 -11.3137 0 -11.3137 p/1-4edge.dat
1 16 0 19 0 -11.3137 0 11.3137 0 5 0 -11.3137 0 -11.3137 p/1-4cyli.dat
1 16 0 8 0 16 0 0 0 14 0 0 0 16 p/2-4cyli.dat
1 16 0 8 0 -1.9092 0 1.9092 0 -1 0 -1.9092 0 -1.9092 p/1-4ring5.dat
1 16 0 19 0 -1.0607 0 1.0607 0 1 0 -1.0607 0 -1.0607 p/1-4ring9.dat
1 16 0 19 0 -1.4142 0 1.4142 0 1 0 -1.4142 0 -1.4142 p/1-4ring7.dat
1 16 0 8 0 27 0 0 0 1 0 0 0 27 p/4-4edge.dat
1 16 0 6 0 27 0 0 0 1 0 0 0 27 p/4-4edge.dat
1 16 0 6 0 27 0 0 0 2 0 0 0 27 p/4-4cyli.dat
1 16 0 8 0 9 0 0 0 -1 0 0 0 9 p/4-4ring2.dat
1 16 0 8 0 2 0 0 0 -1 0 0 0 2 p/1-4ring8.dat
1 16 0 8 0 0 0 2 0 -1 0 -2 0 0 p/1-4ring8.dat
1 16 0 8 0 -2 0 0 0 -1 0 0 0 -2 p/1-4ring8.dat
1 16 0 8 0 0 0 -2 0 -1 0 2 0 0 p/1-4ring8.dat
4 16 2 -14 2 2 -14 -2 -2 -14 -2 -2 -14 2
1 16 2 -1 -2 13 0 0 0 0 -13 0 1 0 p/1-4edge.dat
1 16 2 -1 -2 12 0 0 0 0 -12 0 1 0 p/1-4edge.dat
1 16 2 -1 -2 13 0 0 0 -1 0 0 0 -13 p/1-4edge.dat
1 16 2 -1 -2 12 0 0 0 -1 0 0 0 -12 p/1-4edge.dat
1 16 2 -1 -2 0 1 0 0 0 -13 -13 0 0 p/1-4edge.dat
1 16 2 -1 -2 0 1 0 0 0 -12 -12 0 0 p/1-4edge.dat
1 16 2 -1 -2 0 12 0 0 0 -12 -12 0 0 p/1-8sphe.dat
1 16 2 -1 -2 1 0 0 0 0 -1 0 1 0 p/1-4rin12.dat
1 16 2 -1 -2 1 0 0 0 1 0 0 0 -1 p/1-4rin12.dat
1 16 2 -1 -2 0 -1 0 0 0 -1 -1 0 0 p/1-4rin12.dat
1 16 2 -1 -2 13 0 0 0 0 -13 0 4 0 p/1-4cyli.dat
4 16 2 -1 -15 6.9751 -1 -14.0107 6.8886 2 -16.6302 0 2 -18
4 16 6.9751 -1 -14.0107 11.1923 -1 -11.1923 12.7278 2 -12.7278 6.8886 2 -16.6302
4 16 11.1923 -1 -11.1923 14.0107 -1 -6.9751 16.6302 2 -6.8886 12.7278 2 -12.7278
4 16 14.0107 -1 -6.9751 15 -1 -2 18 2 0 16.6302 2 -6.8886
3 16 15 -1 -2 15 -1 2 18 2 0
1 16 0 6 0 0 0 9 0 -4 0 -9 0 0 p/1-4con2.dat
1 16 16.5 .5 0 0 .7071 -.7071 0 -.7071 -.7071 -1 0 0 p/4-8sphe.dat
1 16 16.5 .5 0 0 .7071 -.7071 0 -.7071 -.7071 -1 0 0 p/4-4edge.dat
1 16 4.5362 -13.5054 0 0 .1951 -.9808 0 -.9808 -.1951 -1 0 0 p/4-8sphe.dat
1 16 4.5362 -13.5054 0 0 .1951 -.9808 0 -.9808 -.1951 -1 0 0 p/4-4edge.dat
1 16 11.1924 -10.1924 0 -.7071 .7071 0 -.7071 -.7071 0 0 0 1 p/4-8sphe.dat
1 16 11.1924 -10.1924 0 -.7071 -.1414 0 -.7071 .1414 0 0 0 1 p/1-4cyls2.dat
1 16 11.1924 -10.1924 0 -.7071 -.1414 0 -.7071 .1414 0 0 0 -1 p/1-4cyls2.dat
1 16 11.1924 -10.1924 0 .7071 -.1414 0 .7071 .1414 0 0 0 1 p/1-4cyls2.dat
1 16 11.1924 -10.1924 0 .7071 -.1414 0 .7071 .1414 0 0 0 -1 p/1-4cyls2.dat
1 16 11.1924 -10.1924 0 0 .7071 .5657 0 -.7071 .8485 -1 0 0 p/2-4edge.dat
1 16 11.1924 -10.1924 0 0 .7071 -.8485 0 -.7071 -.5657 -1 0 0 p/2-4edge.dat
1 16 -2 -1 -2 0 1 0 0 0 -13 -13 0 0 p/1-4edge.dat
1 16 -2 -1 -2 0 1 0 0 0 -12 -12 0 0 p/1-4edge.dat
1 16 -2 -1 -2 0 0 -13 0 -1 0 -13 0 0 p/1-4edge.dat
1 16 -2 -1 -2 0 0 -12 0 -1 0 -12 0 0 p/1-4edge.dat
1 16 -2 -1 -2 -13 0 0 0 0 -13 0 -1 0 p/1-4edge.dat
1 16 -2 -1 -2 -12 0 0 0 0 -12 0 -1 0 p/1-4edge.dat
1 16 -2 -1 -2 -12 0 0 0 0 -12 0 -12 0 p/1-8sphe.dat
1 16 -2 -1 -2 0 1 0 0 0 -1 -1 0 0 p/1-4rin12.dat
1 16 -2 -1 -2 0 0 -1 0 1 0 -1 0 0 p/1-4rin12.dat
1 16 -2 -1 -2 -1 0 0 0 0 -1 0 1 0 p/1-4rin12.dat
1 16 -2 -1 -2 0 4 0 0 0 -13 -13 0 0 p/1-4cyli.dat
4 16 -15 -1 -2 -14.0107 -1 -6.9751 -16.6302 2 -6.8886 -18 2 0
4 16 -14.0107 -1 -6.9751 -11.1923 -1 -11.1923 -12.7278 2 -12.7278 -16.6302 2 -6.8886
4 16 -11.1923 -1 -11.1923 -6.9751 -1 -14.0107 -6.8886 2 -16.6302 -12.7278 2 -12.7278
4 16 -6.9751 -1 -14.0107 -2 -1 -15 0 2 -18 -6.8886 2 -16.6302
3 16 -2 -1 -15 2 -1 -15 0 2 -18
1 16 0 6 0 -9 0 0 0 -4 0 0 0 -9 p/1-4con2.dat
1 16 0 .5 -16.5 -1 0 0 0 -.7071 -.7071 0 -.7071 .7071 p/4-8sphe.dat
1 16 0 .5 -16.5 -1 0 0 0 -.7071 -.7071 0 -.7071 .7071 p/4-4edge.dat
1 16 0 -13.5054 -4.5362 -1 0 0 0 -.9808 -.1951 0 -.1951 .9808 p/4-8sphe.dat
1 16 0 -13.5054 -4.5362 -1 0 0 0 -.9808 -.1951 0 -.1951 .9808 p/4-4edge.dat
1 16 0 -10.1924 -11.1924 0 0 1 -.7071 -.7071 0 .7071 -.7071 0 p/4-8sphe.dat
1 16 0 -10.1924 -11.1924 0 0 1 -.7071 .1414 0 .7071 .1414 0 p/1-4cyls2.dat
1 16 0 -10.1924 -11.1924 0 0 -1 -.7071 .1414 0 .7071 .1414 0 p/1-4cyls2.dat
1 16 0 -10.1924 -11.1924 0 0 1 .7071 .1414 0 -.7071 .1414 0 p/1-4cyls2.dat
1 16 0 -10.1924 -11.1924 0 0 -1 .7071 .1414 0 -.7071 .1414 0 p/1-4cyls2.dat
1 16 0 -10.1924 -11.1924 -1 0 0 0 -.7071 .8485 0 -.7071 -.5657 p/2-4edge.dat
1 16 0 -10.1924 -11.1924 -1 0 0 0 -.7071 -.5657 0 -.7071 .8485 p/2-4edge.dat
1 16 -2 -1 2 -13 0 0 0 0 -13 0 -1 0 p/1-4edge.dat
1 16 -2 -1 2 -12 0 0 0 0 -12 0 -1 0 p/1-4edge.dat
1 16 -2 -1 2 -13 0 0 0 -1 0 0 0 13 p/1-4edge.dat
1 16 -2 -1 2 -12 0 0 0 -1 0 0 0 12 p/1-4edge.dat
1 16 -2 -1 2 0 -1 0 0 0 -13 13 0 0 p/1-4edge.dat
1 16 -2 -1 2 0 -1 0 0 0 -12 12 0 0 p/1-4edge.dat
1 16 -2 -1 2 0 -12 0 0 0 -12 12 0 0 p/1-8sphe.dat
1 16 -2 -1 2 -1 0 0 0 0 -1 0 -1 0 p/1-4rin12.dat
1 16 -2 -1 2 -1 0 0 0 1 0 0 0 1 p/1-4rin12.dat
1 16 -2 -1 2 0 1 0 0 0 -1 1 0 0 p/1-4rin12.dat
1 16 -2 -1 2 -13 0 0 0 0 -13 0 -4 0 p/1-4cyli.dat
4 16 -2 -1 15 -6.9751 -1 14.0107 -6.8886 2 16.6302 0 2 18
4 16 -6.9751 -1 14.0107 -11.1923 -1 11.1923 -12.7278 2 12.7278 -6.8886 2 16.6302
4 16 -11.1923 -1 11.1923 -14.0107 -1 6.9751 -16.6302 2 6.8886 -12.7278 2 12.7278
4 16 -14.0107 -1 6.9751 -15 -1 2 -18 2 0 -16.6302 2 6.8886
3 16 -15 -1 2 -15 -1 -2 -18 2 0
1 16 0 6 0 0 0 -9 0 -4 0 9 0 0 p/1-4con2.dat
1 16 -16.5 .5 0 0 -.7071 .7071 0 -.7071 -.7071 1 0 0 p/4-8sphe.dat
1 16 -16.5 .5 0 0 -.7071 .7071 0 -.7071 -.7071 1 0 0 p/4-4edge.dat
1 16 -4.5362 -13.5054 0 0 -.1951 .9808 0 -.9808 -.1951 1 0 0 p/4-8sphe.dat
1 16 -4.5362 -13.5054 0 0 -.1951 .9808 0 -.9808 -.1951 1 0 0 p/4-4edge.dat
1 16 -11.1924 -10.1924 0 .7071 -.7071 0 -.7071 -.7071 0 0 0 -1 p/4-8sphe.dat
1 16 -11.1924 -10.1924 0 .7071 .1414 0 -.7071 .1414 0 0 0 -1 p/1-4cyls2.dat
1 16 -11.1924 -10.1924 0 .7071 .1414 0 -.7071 .1414 0 0 0 1 p/1-4cyls2.dat
1 16 -11.1924 -10.1924 0 -.7071 .1414 0 .7071 .1414 0 0 0 -1 p/1-4cyls2.dat
1 16 -11.1924 -10.1924 0 -.7071 .1414 0 .7071 .1414 0 0 0 1 p/1-4cyls2.dat
1 16 -11.1924 -10.1924 0 0 -.7071 -.5657 0 -.7071 .8485 1 0 0 p/2-4edge.dat
1 16 -11.1924 -10.1924 0 0 -.7071 .8485 0 -.7071 -.5657 1 0 0 p/2-4edge.dat
1 16 2 -1 2 0 -1 0 0 0 -13 13 0 0 p/1-4edge.dat
1 16 2 -1 2 0 -1 0 0 0 -12 12 0 0 p/1-4edge.dat
1 16 2 -1 2 0 0 13 0 -1 0 13 0 0 p/1-4edge.dat
1 16 2 -1 2 0 0 12 0 -1 0 12 0 0 p/1-4edge.dat
1 16 2 -1 2 13 0 0 0 0 -13 0 1 0 p/1-4edge.dat
1 16 2 -1 2 12 0 0 0 0 -12 0 1 0 p/1-4edge.dat
1 16 2 -1 2 12 0 0 0 0 -12 0 12 0 p/1-8sphe.dat
1 16 2 -1 2 0 -1 0 0 0 -1 1 0 0 p/1-4rin12.dat
1 16 2 -1 2 0 0 1 0 1 0 1 0 0 p/1-4rin12.dat
1 16 2 -1 2 1 0 0 0 0 -1 0 -1 0 p/1-4rin12.dat
1 16 2 -1 2 0 -4 0 0 0 -13 13 0 0 p/1-4cyli.dat
4 16 15 -1 2 14.0107 -1 6.9751 16.6302 2 6.8886 18 2 0
4 16 14.0107 -1 6.9751 11.1923 -1 11.1923 12.7278 2 12.7278 16.6302 2 6.8886
4 16 11.1923 -1 11.1923 6.9751 -1 14.0107 6.8886 2 16.6302 12.7278 2 12.7278
4 16 6.9751 -1 14.0107 2 -1 15 0 2 18 6.8886 2 16.6302
3 16 2 -1 15 -2 -1 15 0 2 18
1 16 0 6 0 9 0 0 0 -4 0 0 0 9 p/1-4con2.dat
1 16 0 .5 16.5 1 0 0 0 -.7071 -.7071 0 .7071 -.7071 p/4-8sphe.dat
1 16 0 .5 16.5 1 0 0 0 -.7071 -.7071 0 .7071 -.7071 p/4-4edge.dat
1 16 0 -13.5054 4.5362 1 0 0 0 -.9808 -.1951 0 .1951 -.9808 p/4-8sphe.dat
1 16 0 -13.5054 4.5362 1 0 0 0 -.9808 -.1951 0 .1951 -.9808 p/4-4edge.dat
1 16 0 -10.1924 11.1924 0 0 -1 -.7071 -.7071 0 -.7071 .7071 0 p/4-8sphe.dat
1 16 0 -10.1924 11.1924 0 0 -1 -.7071 .1414 0 -.7071 -.1414 0 p/1-4cyls2.dat
1 16 0 -10.1924 11.1924 0 0 1 -.7071 .1414 0 -.7071 -.1414 0 p/1-4cyls2.dat
1 16 0 -10.1924 11.1924 0 0 -1 .7071 .1414 0 .7071 -.1414 0 p/1-4cyls2.dat
1 16 0 -10.1924 11.1924 0 0 1 .7071 .1414 0 .7071 -.1414 0 p/1-4cyls2.dat
1 16 0 -10.1924 11.1924 1 0 0 0 -.7071 .8485 0 .7071 .5657 p/2-4edge.dat
1 16 0 -10.1924 11.1924 1 0 0 0 -.7071 -.5657 0 .7071 -.8485 p/2-4edge.dat
4 16 8.8663 9.3727 -10 12.1915 9.3727 -10 12.1915 17.6274 -10 8.8663 17.6274 -10
4 16 6.9008 8 -11.3136 11.3136 8 -11.3136 12.1915 9.3727 -10 8.8663 9.3727 -10
4 16 8.8663 17.6274 -10 12.1915 17.6274 -10 11.3136 19 -11.3136 6.9008 19 -11.3136
4 16 14.7824 22.5198 -6.1232 14.7824 8 -6.1232 16 8 0 16 22 0
3 16 12.1915 9.3727 -10 11.3136 8 -11.3136 14.7824 8 -6.1232
4 16 12.1915 9.3727 -10 14.7824 8 -6.1232 14.7824 22.5198 -6.1232 12.1915 17.6274 -10
4 16 12.1915 17.6274 -10 14.7824 22.5198 -6.1232 11.3136 24 -11.3136 11.3136 19 -11.3136
4 16 14.7824 22.5198 6.1232 14.7824 22 6.1232 11.3136 22 11.3136 11.3136 24 11.3136
3 16 14.7824 22 6.1232 14.7824 22.5198 6.1232 16 22 0
4 16 13.5 22 0 12.4727 22 -5.1665 12.4727 23.5053 -5.1665 13.5 23.0669 0
4 16 12.4727 22 -5.1665 9.5458 22 -9.5458 9.5458 24 -9.5458 11.3136 24 -6.9008
3 16 12.4727 22 -5.1665 11.3136 24 -6.9008 12.4727 23.5053 -5.1665
3 16 6.9008 8 -11.3136 8.8663 9.3727 -10 9.5458 8 -9.5458
4 16 8.8663 9.3727 -10 8.8663 17.6274 -10 9.5458 19 -9.5458 9.5458 8 -9.5458
3 16 9.5458 19 -9.5458 8.8663 17.6274 -10 6.9008 19 -11.3136
3 16 11.3136 24 -11.3136 11.3136 24 -6.9008 9.5458 24 -9.5458
4 16 11.3136 24 -6.9008 11.3136 24 -11.3136 14.7824 22.5198 -6.1232 12.4727 23.5053 -5.1665
4 16 13.5 23.0669 0 12.4727 23.5053 -5.1665 14.7824 22.5198 -6.1232 16 22 0
3 16 9.5458 24 9.5458 11.3136 24 6.9008 11.3136 24 11.3136
4 16 11.3136 24 6.9008 12.4727 23.5053 5.1665 14.7824 22.5198 6.1232 11.3136 24 11.3136
4 16 14.7824 22.5198 6.1232 12.4727 23.5053 5.1665 13.5 23.0669 0 16 22 0
4 16 12.4727 23.5053 5.1665 12.4727 22 5.1665 13.5 22 0 13.5 23.0669 0
4 16 9.5458 24 9.5458 9.5458 22 9.5458 12.4727 22 5.1665 11.3136 24 6.9008
3 16 11.3136 24 6.9008 12.4727 22 5.1665 12.4727 23.5053 5.1665
4 16 5.5708 24 12.2025 5.1665 22 12.4727 9.5458 22 9.5458 9.5458 24 9.5458
3 16 5.5708 24 12.2025 5.1665 23.7636 12.4727 5.1665 22 12.4727
3 16 0 22 13.5 5.1665 22 12.4727 3.0616 22.5327 12.8912
3 16 3.0616 22.5327 12.8912 5.1665 22 12.4727 5.1665 23.7636 12.4727
4 16 3.0616 22.5327 12.8912 3.0616 22.5327 15.3912 0 22 16 0 22 13.5
4 16 5.1665 23.7636 12.4727 5.5708 24 14.8922 3.0616 22.5327 15.3912 3.0616 22.5327 12.8912
3 16 5.1665 23.7636 12.4727 5.5708 24 12.2025 5.5708 24 14.8922
3 16 5.5708 24 12.2025 6.1232 24 14.7824 5.5708 24 14.8922
4 16 9.5458 24 9.5458 11.3136 24 11.3136 6.1232 24 14.7824 5.5708 24 12.2025
4 16 6.1232 24 14.7824 6.1232 22 14.7824 3.0616 22.5327 15.3912 5.5708 24 14.8922
3 16 0 22 16 3.0616 22.5327 15.3912 6.1232 22 14.7824
4 16 11.3136 24 11.3136 11.3136 22 11.3136 6.1232 22 14.7824 6.1232 24 14.7824
4 16 -8.866 17.627 -10 -12.191 17.627 -10 -12.191 9.373 -10 -8.866 9.373 -10
4 16 -8.866 9.373 -10 -12.191 9.373 -10 -11.314 8 -11.314 -6.901 8 -11.314
4 16 -6.901 19 -11.314 -11.314 19 -11.314 -12.191 17.627 -10 -8.866 17.627 -10
4 16 -16 22 0 -16 8 0 -14.782 8 -6.123 -14.782 22.52 -6.123
3 16 -14.782 8 -6.123 -11.314 8 -11.314 -12.191 9.373 -10
4 16 -12.191 17.627 -10 -14.782 22.52 -6.123 -14.782 8 -6.123 -12.191 9.373 -10
4 16 -11.314 19 -11.314 -11.314 24 -11.314 -14.782 22.52 -6.123 -12.191 17.627 -10
4 16 -11.314 24 11.314 -11.314 22 11.314 -14.782 22 6.123 -14.782 22.52 6.123
3 16 -16 22 0 -14.782 22.52 6.123 -14.782 22 6.123
4 16 -13.5 23.067 0 -12.473 23.505 -5.166 -12.473 22 -5.166 -13.5 22 0
4 16 -11.314 24 -6.901 -9.546 24 -9.546 -9.546 22 -9.546 -12.473 22 -5.166
3 16 -12.473 23.505 -5.166 -11.314 24 -6.901 -12.473 22 -5.166
3 16 -9.546 8 -9.546 -8.866 9.373 -10 -6.901 8 -11.314
4 16 -9.546 8 -9.546 -9.546 19 -9.546 -8.866 17.627 -10 -8.866 9.373 -10
3 16 -6.901 19 -11.314 -8.866 17.627 -10 -9.546 19 -9.546
3 16 -9.546 24 -9.546 -11.314 24 -6.901 -11.314 24 -11.314
4 16 -12.473 23.505 -5.166 -14.782 22.52 -6.123 -11.314 24 -11.314 -11.314 24 -6.901
4 16 -16 22 0 -14.782 22.52 -6.123 -12.473 23.505 -5.166 -13.5 23.067 0
3 16 -11.314 24 11.314 -11.314 24 6.901 -9.546 24 9.546
4 16 -11.314 24 11.314 -14.782 22.52 6.123 -12.473 23.505 5.166 -11.314 24 6.901
4 16 -16 22 0 -13.5 23.067 0 -12.473 23.505 5.166 -14.782 22.52 6.123
4 16 -13.5 23.067 0 -13.5 22 0 -12.473 22 5.166 -12.473 23.505 5.166
4 16 -11.314 24 6.901 -12.473 22 5.166 -9.546 22 9.546 -9.546 24 9.546
3 16 -12.473 23.505 5.166 -12.473 22 5.166 -11.314 24 6.901
4 16 -9.546 24 9.546 -9.546 22 9.546 -5.166 22 12.473 -5.571 24 12.203
3 16 -5.166 22 12.473 -5.166 23.764 12.473 -5.571 24 12.203
3 16 -3.062 22.533 12.891 -5.166 22 12.473 0 22 13.5
3 16 -5.166 23.764 12.473 -5.166 22 12.473 -3.062 22.533 12.891
4 16 0 22 13.5 0 22 16 -3.062 22.533 15.391 -3.062 22.533 12.891
4 16 -3.062 22.533 12.891 -3.062 22.533 15.391 -5.571 24 14.892 -5.166 23.764 12.473
3 16 -5.571 24 14.892 -5.571 24 12.203 -5.166 23.764 12.473
3 16 -5.571 24 14.892 -6.123 24 14.782 -5.571 24 12.203
4 16 -5.571 24 12.203 -6.123 24 14.782 -11.314 24 11.314 -9.546 24 9.546
4 16 -5.571 24 14.892 -3.062 22.533 15.391 -6.123 22 14.782 -6.123 24 14.782
3 16 -6.123 22 14.782 -3.062 22.533 15.391 0 22 16
4 16 -6.123 24 14.782 -6.123 22 14.782 -11.314 22 11.314 -11.314 24 11.314
