0 BFC CERTIFY CCW
1 16 40 4 0 1 0 0 0 -7 0 0 0 1 stud4.dat
1 16 0 4 0 1 0 0 0 -5 0 0 0 1 stud4.dat
1 16 18 4 -10 0 0 -2 0 20 0 -1.5 0 0 box4-1.dat
1 16 18 4 10 0 0 -2 0 20 0 -1.5 0 0 box4-1.dat
1 16 -18 4 10 0 0 2 0 20 0 1.5 0 0 box4-1.dat
1 16 -17.999 4 -10.001 0 0 2 0 20 0 1.5 0 0 box4-1.dat
1 16 -40 4 0 1 0 0 0 -7 0 0 0 1 stud4.dat
0 BFC INVERTNEXT
1 16 0 24 0 20 0 0 0 -20 0 0 0 16 box5-4a.dat
1 16 0 24 18 -20 0 0 0 -1 0 0 0 2 rect.dat
1 16 0 24 -18 -20 0 0 0 -1 0 0 0 2 rect.dat
4 16 -60 0 18 -60 0 -18 60 0 -18 60 0 18
4 16 60 24 -20 80 4 -20 -80 4 -20 -60 24 -20
4 16 -60 24 20 -80 4 20 80 4 20 60 24 20
4 16 76 4 18 76 0 18 60 0 18 60 20 18
4 16 60 20 -18 60 0 -18 76 0 -18 76 4 -18
1 16 60 10 0 0 -1 0 0 0 10 -18 0 0 rect.dat
1 16 -60 10 0 0 1 0 0 0 10 18 0 0 rect.dat
1 16 76 2 0 0 1 0 0 0 2 -18 0 0 rect.dat
1 16 -76 2 0 0 -1 0 0 0 2 18 0 0 rect.dat
1 16 68 12 0 -8 1 0 8 0 0 0 0 18 rect2p.dat
1 16 -68 12 0 8 -1 0 8 0 0 0 0 -18 rect2p.dat
4 16 80 0 20 76 0 18 76 0 -18 80 0 -20
1 16 -70 14 0 0 1 -10 0 0 -10 -20 0 0 rect.dat
1 16 70 14 0 0 -1 10 0 0 -10 20 0 0 rect.dat
4 16 -76 4 -18 -76 0 -18 -60 0 -18 -60 20 -18
4 16 -60 20 18 -60 0 18 -76 0 18 -76 4 18
4 16 -80 0 20 -76 0 18 76 0 18 80 0 20
4 16 80 0 -20 76 0 -18 -76 0 -18 -80 0 -20
4 16 -80 0 -20 -76 0 -18 -76 0 18 -80 0 20
1 16 -70 4 -10 0 0 1 0 2 0 -1 0 0 stud2a.dat
1 16 -70 4 -10 -1 0 0 0 6 0 0 0 -1 stud2s.dat
1 16 -70 4 10 0 0 1 0 2 0 -1 0 0 stud2a.dat
1 16 -70 4 10 -1 0 0 0 6 0 0 0 -1 stud2s.dat
1 16 70 4 10 0 0 -1 0 2 0 1 0 0 stud2a.dat
1 16 70 4 10 1 0 0 0 6 0 0 0 1 stud2s.dat
1 16 70 4 -10 0 0 -1 0 2 0 1 0 0 stud2a.dat
1 16 70 4 -10 1 0 0 0 6 0 0 0 1 stud2s.dat
0 BFC INVERTNEXT
1 16 -40 32 0 0 0 -16 0 -28 0 16 0 0 box5.dat
4 16 -60 32 20 -56 32 16 -56 32 -16 -60 32 -20
4 16 -20 32 -20 -24 32 -16 -24 32 16 -20 32 20
4 16 -20 32 20 -24 32 16 -56 32 16 -60 32 20
4 16 -60 32 -20 -56 32 -16 -24 32 -16 -20 32 -20
0 BFC INVERTNEXT
1 16 40 32 0 0 0 -16 0 -28 0 16 0 0 box5.dat
1 16 40 32 0 0 0 -20 0 -8 0 20 0 0 box4o8a.dat
1 16 -40 32 0 0 0 -20 0 -8 0 20 0 0 box4o8a.dat
1 16 0 0 0 0 0 -80 0 4 0 -20 0 0 box4o4a.dat
4 16 20 32 20 24 32 16 24 32 -16 20 32 -20
4 16 60 32 -20 56 32 -16 56 32 16 60 32 20
4 16 60 32 20 56 32 16 24 32 16 20 32 20
4 16 20 32 -20 24 32 -16 56 32 -16 60 32 -20
1 16 -40 29 -22 0 0 1 1 0 0 0 1 0 wpin2.dat
1 16 -40 29 22 0 0 -1 1 0 0 0 -1 0 wpin2.dat
1 16 40 29 -22 0 0 1 1 0 0 0 1 0 wpin2.dat
1 16 40 29 22 0 0 -1 1 0 0 0 -1 0 wpin2.dat
1 16 40 0 0 1 0 0 0 1 0 0 0 1 stug2.dat
1 16 0 0 0 1 0 0 0 1 0 0 0 1 stug2.dat
1 16 -40 0 0 1 0 0 0 1 0 0 0 1 stug2.dat
