0 BFC CERTIFY CCW
1 16 0 0 0 1 0 0 0 1 0 0 0 1 parts/s/30369s01.dat
1 16 0 0 0 -1 0 0 0 1 0 0 0 1 parts/s/30369s01.dat
1 16 0 -4 0 1 0 0 0 -1 0 0 0 -1 p/stud16.dat
1 16 0 -4 0 0 0 8 0 -11.2 0 8 0 0 p/4-4disc.dat
4 16 2.184 26.28 -22.009 2.062 23.828 -21.957 -2.062 23.828 -21.957 -2.184 26.28 -22.009
4 16 2.062 23.828 -21.957 1.518 19.373 -21.862 -1.518 19.373 -21.862 -2.062 23.828 -21.957
4 16 1.518 19.373 -21.862 0.717 17.521 -21.823 -0.717 17.521 -21.823 -1.518 19.373 -21.862
3 16 0.717 17.521 -21.823 0 17.17 -21.815 -0.717 17.521 -21.823
4 16 -2.184 26.28 -23.259 2.184 26.28 -23.259 2.184 26.28 -22.009 -2.184 26.28 -22.009
4 16 3.467 27.53 -23.286 -3.467 27.53 -23.286 -3.779 27.53 -22.036 3.779 27.53 -22.036
3 16 3.779 27.53 -22.036 -3.779 27.53 -22.036 0 27.098 -20
4 16 -3.467 27.53 -23.286 3.467 27.53 -23.286 2.184 26.28 -23.259 -2.184 26.28 -23.259
