0 BFC CERTIFY CCW
1 16 0 0 0 1 0 0 0 1 0 0 0 1 parts/s/30370s01.dat
1 16 0 0 0 -1 0 0 0 1 0 0 0 1 parts/s/30370s01.dat
1 16 0 0 0 1 0 0 0 1 0 0 0 1 parts/s/30370s02.dat
1 16 0 0 0 -1 0 0 0 1 0 0 0 1 parts/s/30370s02.dat
1 16 0 0 0 1 0 0 0 1 0 0 0 1 parts/s/30370s03.dat
1 16 0 0 0 -1 0 0 0 1 0 0 0 1 parts/s/30370s03.dat
1 16 0 0 0 1 0 0 0 1 0 0 0 1 parts/s/30370s04.dat
1 16 0 0 0 -1 0 0 0 1 0 0 0 1 parts/s/30370s04.dat
1 16 0 0 0 1 0 0 0 1 0 0 0 1 parts/s/30370s05.dat
1 16 0 0 0 -1 0 0 0 1 0 0 0 1 parts/s/30370s05.dat
1 16 0 -4 0 -8 0 0 0 -1 0 0 0 8 p/4-4disc.dat
1 16 0 -4 0 0 0 1 0 -1 0 -1 0 0 p/stud16.dat
