0 BFC CERTIFY CW
1 16 0 20 0 1 0 0 0 1 0 0 0 1 p/axlehol3.dat
1 16 0 0 0 1 0 0 0 1 0 0 0 1 p/axlehol2.dat
1 16 0 0 0 1 0 0 0 20 0 0 0 1 p/axlehole.dat
1 16 0 20 0 1 0 0 0 -1 0 0 0 1 p/stud4a.dat
1 16 0 4 0 8 0 0 0 16 0 0 0 8 p/4-4cyli.dat
1 16 0 4 0 8 0 0 0 1 0 0 0 8 p/4-4edge.dat
1 16 0 4 0 8 0 0 0 -1 0 0 0 -8 p/4-4ndis.dat
1 16 0 0 0 6 0 0 0 1 0 0 0 6 p/4-4ndis.dat
4 16 -16 4 16 -8 4 8 8 4 8 16 4 16
4 16 -16 4 -16 -8 4 -8 -8 4 8 -16 4 16
4 16 16 4 -16 8 4 -8 -8 4 -8 -16 4 -16
4 16 16 4 16 8 4 8 8 4 -8 16 4 -16
0 BFC INVERTNEXT
1 16 15 14 0 0 -31 0 10 0 0 0 0 16 p/box3u4a.dat
4 16 15 4 16 16 4 16 16 23 16 15 24 16
4 16 16 4 -16 15 4 -16 15 24 -16 16 23 -16
1 16 16 13.5 0 0 1 0 0 0 9.5 -16 0 0 p/rect.dat
1 16 15 12 0 0 -35 0 12 0 0 0 0 20 p/box3u4a.dat
4 16 20 0 20 15 0 20 15 24 20 20 19 20
4 16 15 0 -20 20 0 -20 20 19 -20 15 24 -20
1 16 18 21 0 0 0 2 0 -1 -2 20 0 0 p/rect3.dat
1 16 15.5 23.5 -18 0 -1 -0.5 0 0 0.5 -2 0 0 p/rect3.dat
1 16 15.5 23.5 18 0 -1 -0.5 0 0 0.5 -2 0 0 p/rect3.dat
1 16 20 9.5 0 0 -1 0 -9.5 0 0 0 0 -20 p/rect.dat
4 16 -16 24 -16 -20 24 -20 15 24 -20 15 24 -16
4 16 -20 24 -20 -16 24 -16 -16 24 16 -20 24 20
4 16 -20 24 20 -16 24 16 15 24 16 15 24 20
4 16 20 0 20 6 0 6 -6 0 6 -20 0 20
4 16 -20 0 20 -6 0 6 -6 0 -6 -20 0 -20
4 16 -20 0 -20 -6 0 -6 6 0 -6 20 0 -20
4 16 20 0 -20 6 0 -6 6 0 6 20 0 20
1 16 0 0 0 -1 0 0 0 1 0 0 0 -1 p/stug2.dat
1 16 20 10 0 0 0 -1 0 1 0 1 0 0 p/clh1.dat
