0 BFC CERTIFY CW
1 16 0 4 0 1 0 0 0 -1 0 0 0 1 p/stud3.dat
0 BFC INVERTNEXT
1 16 0 8 0 16 0 0 0 -4 0 0 0 6 p/box5.dat
1 16 -10 8 0 0 0 -10 0 -8 0 10 0 0 p/box4-4a.dat
1 16 0 0.5 0 0 -1 0 0 0 -0.5 10 0 0 p/rect.dat
1 16 10 8 0 0 0 10 0 -7 0 -10 0 0 p/box4-4a.dat
4 16 -20 8 10 -16 8 6 16 8 6 20 8 10
4 16 20 8 10 16 8 6 16 8 -6 20 8 -10
4 16 20 8 -10 16 8 -6 -16 8 -6 -20 8 -10
4 16 -20 8 -10 -16 8 -6 -16 8 6 -20 8 10
1 16 10 1 0 0 0 1 0 1 0 -1 0 0 p/clh2.dat
1 16 -10 0 0 -1 0 0 0 1 0 0 0 -1 p/stud.dat
