0 BFC CERTIFY CCW
1 16 0 0 0 1 0 0 0 1 0 0 0 1 s\30407s01.dat
1 16 0 2 6 1 0 0 0 1 0 0 0 1 clh4.dat
1 16 0 2 6 -1 0 0 0 1 0 0 0 1 clh4.dat
0 BFC INVERTNEXT
1 16 0 8 -57 6 0 0 0 -4 0 0 0 53 box4-4a.dat
1 16 0 4 -110 -6 0 0 0 -1 0 0 0 -6 2-4chrd.dat
1 16 0 2 -110 -10 0 0 0 6 0 0 0 -10 2-4cylo.DAT
0 BFC INVERTNEXT
1 16 0 4 -110 -6 0 0 0 4 0 0 0 -6 2-4cylo.DAT
1 16 0 8 -110 -2 0 0 0 -1 0 0 0 -2 2-4ring3.dat
1 16 0 8 -110 -2 0 0 0 -1 0 0 0 -2 2-4ring4.dat
1 16 0 2 -110 -10 0 0 0 -1 0 0 0 -10 2-4ndis.DAT
4 16 -10 2 -160 -10 2 -120 0 2 -120 10 2 -160
3 16 10 2 -160 0 2 -120 10 2 -120
4 16 -10 4 -153 -10 4 -110 -10 2 -110 -10 2 -160
4 16 10 2 -160 10 2 -110 10 4 -110 10 4 -153
4 16 -6 8 -4 -6 8 -110 -8 8 -110 -10 8 0
3 16 -8 8 -110 -10 8 -110 -10 8 0
4 16 10 8 0 8 8 -110 6 8 -110 6 8 -4
3 16 10 8 0 10 8 -110 8 8 -110
1 16 10 6 -55 0 -1 0 2 0 0 0 0 55 rect1.dat
1 16 -10 6 -55 0 1 0 2 0 0 0 0 -55 rect1.dat
