0 BFC CERTIFY CCW
1 16 0 12 0 1 0 0 0 -3 0 0 0 1 p/stud4a.dat
1 16 0 4 0 6 0 0 0 1 6 0 0 6 p/2-4edge.dat
1 16 0 4 0 6 0 0 0 1 6 0 0 -6 p/2-4edge.dat
1 16 0 4 0 8 0 0 0 1 8 0 0 8 p/2-4edge.dat
1 16 0 4 0 8 0 0 0 1 8 0 0 -8 p/2-4edge.dat
0 BFC INVERTNEXT
1 16 0 10 0 0 0 6 0 -6 0 -6 0 0 p/1-4cyls.dat
0 BFC INVERTNEXT
1 16 0 10 0 0 0 -6 0 -6 0 -6 0 0 p/1-4cyls.dat
0 BFC INVERTNEXT
1 16 0 10 0 0 0 6 0 -6 0 6 0 0 p/1-4cyls.dat
0 BFC INVERTNEXT
1 16 0 10 0 0 0 -6 0 -6 0 6 0 0 p/1-4cyls.dat
0 BFC INVERTNEXT
1 16 0 10 0 6 0 0 0 2 0 0 0 6 p/4-4cyli.dat
1 16 0 12 0 0 0 8 0 -8 0 -8 0 0 p/1-4cyls.dat
1 16 0 12 0 0 0 -8 0 -8 0 -8 0 0 p/1-4cyls.dat
1 16 0 12 0 0 0 8 0 -8 0 8 0 0 p/1-4cyls.dat
1 16 0 12 0 0 0 -8 0 -8 0 8 0 0 p/1-4cyls.dat
4 16 20 24 20 16 24 16 -16 24 16 -20 24 20
4 16 -20 24 20 -16 24 16 -16 24 -16 -20 24 -20
4 16 -20 24 -20 -16 24 -16 16 24 -16 20 24 -20
4 16 20 24 -20 16 24 -16 16 24 16 20 24 20
3 16 20 20 20 20 0 0 20 20 -20
3 16 16 20 16 16 20 -16 16 4 0
3 16 -16 20 16 -16 4 0 -16 20 -16
3 16 -20 20 20 -20 20 -20 -20 0 0
1 16 0 24 0 -20 0 0 0 -4 0 0 0 20 p/box4o4a.dat
0 BFC INVERTNEXT
1 16 0 24 0 -16 0 0 0 -4 0 0 0 16 p/box4o4a.dat
1 16 0 20 0 -20 0 0 0 -10 -10 0 -10 10 p/box2-5.dat
0 BFC INVERTNEXT
1 16 0 20 0 -16 0 0 0 -8 -8 0 -8 8 p/box2-5.dat
