0 BFC CERTIFY CCW
1 16 0 0 0 1 0 0 0 1 0 0 0 1 parts/s/30477s01.dat
1 16 0 0 300 1 0 0 0 1 0 0 0 1 parts/s/30402s01.dat
1 16 0 288 -300 -1 0 0 0 1 0 0 0 -1 parts/s/30402s01.dat
1 16 -150 288 -310 0 0 1 0 1 0 -1 0 0 p/stud.dat
1 16 -150 288 -290 0 0 1 0 1 0 -1 0 0 p/stud.dat
1 16 150 288 -310 0 0 1 0 1 0 -1 0 0 p/stud.dat
1 16 150 288 -290 0 0 1 0 1 0 -1 0 0 p/stud.dat
1 16 -150 0 290 0 0 1 0 1 0 -1 0 0 p/stud.dat
1 16 -150 0 310 0 0 1 0 1 0 -1 0 0 p/stud.dat
1 16 150 0 290 0 0 1 0 1 0 -1 0 0 p/stud.dat
1 16 150 0 310 0 0 1 0 1 0 -1 0 0 p/stud.dat
4 16 140 16 280 140 16 320 -140 16 320 -140 16 280
4 16 140 304 -280 140 16 280 -140 16 280 -140 304 -280
4 16 -140 304 -280 -140 304 -320 140 304 -320 140 304 -280
