0 BFC CERTIFY CCW
4 16 20 24 10 16 24 6 -16 24 6 -20 24 10
4 16 -20 24 10 -16 24 6 -16 24 -6 -20 24 -10
4 16 -20 24 -10 -16 24 -6 16 24 -6 20 24 -10
4 16 20 24 -10 16 24 -6 16 24 6 20 24 10
3 16 20 20 10 -20 20 10 0 0 10
3 16 20 20 -10 0 0 10 -20 20 -10
4 16 16 20 -6 -16 20 -6 -4 8 6 4 8 6
4 16 16 20 6 4 8 6 -4 8 6 -16 20 6
1 16 0 24 0 20 0 0 0 -4 0 0 0 10 box4o4a.dat
1 16 20 20 10 0 -1 -20 0 0 -20 -20 0 0 triangle.dat
1 16 -20 20 10 0 1 20 0 0 -20 -20 0 0 triangle.dat
0 BFC INVERTNEXT
1 16 0 24 0 16 0 0 0 -4 0 0 0 6 box4o4a.dat
1 16 16 20 6 0 1 -12 0 0 -12 -12 0 0 triangle.dat
1 16 -16 20 6 0 -1 12 0 0 -12 -12 0 0 triangle.dat
