0 BFC CERTIFY CW
1 16 0 0 0 1 0 0 0 1 0 0 0 1 parts/s/30645s01.dat
1 16 0 0 0 0 0 -1 0 1 0 1 0 0 parts/s/30645s01.dat
1 16 0 0 0 -1 0 0 0 1 0 0 0 -1 parts/s/30645s01.dat
1 16 0 0 0 0 0 1 0 1 0 -1 0 0 parts/s/30645s01.dat
1 16 0 0 0 1 0 0 0 1 0 0 0 1 parts/s/30645s02.dat
1 16 0 0 0 -1 0 0 0 1 0 0 0 -1 parts/s/30645s02.dat
1 16 0 4 0 40 0 0 0 20 0 0 0 40 p/box4.dat
0 BFC INVERTNEXT
1 16 0 4 0 36 0 0 0 20 0 0 0 36 p/box4.dat
4 16 36 24 36 40 24 40 -40 24 40 -36 24 36
4 16 36 24 -36 -36 24 -36 -40 24 -40 40 24 -40
4 16 36 24 -36 40 24 -40 40 24 40 36 24 36
4 16 -36 24 -36 -36 24 36 -40 24 40 -40 24 -40
1 16 -20 4 -20 1 0 0 0 -5 0 0 0 1 p/stud4.dat
1 16 0 4 -20 1 0 0 0 -5 0 0 0 1 p/stud4.dat
1 16 20 4 -20 1 0 0 0 -5 0 0 0 1 p/stud4.dat
1 16 -20 4 0 1 0 0 0 -5 0 0 0 1 p/stud4.dat
1 16 0 4 0 1 0 0 0 -5 0 0 0 1 p/stud4.dat
1 16 20 4 0 1 0 0 0 -5 0 0 0 1 p/stud4.dat
1 16 -20 4 20 1 0 0 0 -5 0 0 0 1 p/stud4.dat
1 16 0 4 20 1 0 0 0 -5 0 0 0 1 p/stud4.dat
1 16 20 4 20 1 0 0 0 -5 0 0 0 1 p/stud4.dat
4 16 -96 4 96 -96 4 -96 96 4 -96 96 4 96
4 16 -100 0 100 100 0 100 100 0 -100 -100 0 -100
1 16 -20 0 0 1 0 0 0 1 0 0 0 1 p/stug-8x8.dat
1 16 80 0 -60 1 0 0 0 1 0 0 0 1 p/stug-2x2.dat
1 16 80 0 -20 1 0 0 0 1 0 0 0 1 p/stug-2x2.dat
1 16 80 0 20 1 0 0 0 1 0 0 0 1 p/stug-2x2.dat
1 16 80 0 60 1 0 0 0 1 0 0 0 1 p/stug-2x2.dat
1 16 100 0 100 1 0 0 0 1 0 0 0 1 p/stug2-2x2.dat
1 16 -100 0 100 1 0 0 0 1 0 0 0 1 p/stug2-2x2.dat
1 16 -100 0 -100 1 0 0 0 1 0 0 0 1 p/stug2-2x2.dat
1 16 100 0 -100 1 0 0 0 1 0 0 0 1 p/stug2-2x2.dat
1 16 -70 0 -90 1 0 0 0 1 0 0 0 1 p/stud.dat
1 16 -50 0 -90 1 0 0 0 1 0 0 0 1 p/stud.dat
1 16 -30 0 -90 1 0 0 0 1 0 0 0 1 p/stud2.dat
1 16 -10 0 -90 1 0 0 0 1 0 0 0 1 p/stud2.dat
1 16 10 0 -90 1 0 0 0 1 0 0 0 1 p/stud2.dat
1 16 30 0 -90 1 0 0 0 1 0 0 0 1 p/stud2.dat
1 16 50 0 -90 1 0 0 0 1 0 0 0 1 p/stud.dat
1 16 70 0 -90 1 0 0 0 1 0 0 0 1 p/stud.dat
1 16 -70 0 90 1 0 0 0 1 0 0 0 1 p/stud.dat
1 16 -50 0 90 1 0 0 0 1 0 0 0 1 p/stud.dat
1 16 -30 0 90 1 0 0 0 1 0 0 0 1 p/stud2.dat
1 16 -10 0 90 1 0 0 0 1 0 0 0 1 p/stud2.dat
1 16 10 0 90 1 0 0 0 1 0 0 0 1 p/stud2.dat
1 16 30 0 90 1 0 0 0 1 0 0 0 1 p/stud2.dat
1 16 50 0 90 1 0 0 0 1 0 0 0 1 p/stud.dat
1 16 70 0 90 1 0 0 0 1 0 0 0 1 p/stud.dat
