0 BFC CERTIFY CCW
1 16 0 0 0 1 0 0 0 1 0 0 0 1 parts/3404.dat
1 16 0 15 -36.8 2.21731 0 -0.91844 0 -1 0 0.91844 0 2.21731 p/3-8chrd.dat
1 16 0 3 -36.8 2.21731 0 -0.91844 0 12 0 0.91844 0 2.21731 p/3-8cylo.dat
1 16 -36.8 15 0 .91844 0 2.21731 0 -1 0 -2.21731 0 .91844 p/3-8chrd.dat
1 16 -36.8 3 0 .91844 0 2.21731 0 12 0 -2.21731 0 .91844 p/3-8cylo.dat
1 16 0 15 36.8 -2.21731 0 .91844 0 -1 0 -.91844 0 -2.21731 p/3-8chrd.dat
1 16 0 3 36.8 -2.21731 0 .91844 0 12 0 -.91844 0 -2.21731 p/3-8cylo.dat
1 16 36.8 15 0 -.91844 0 -2.21731 0 -1 0 2.21731 0 -.91844 p/3-8chrd.dat
1 16 36.8 3 0 -.91844 0 -2.21731 0 12 0 2.21731 0 -.91844 p/3-8cylo.dat
