0 BFC CERTIFY CCW
1 16 0 4 0 -1 0 0 0 -1 0 0 0 1 p/stud4od.dat
1 16 0 -6.5 0 6 0 0 0 1 0 0 0 6 p/48/1-6edge.dat
1 16 0 -6.5 0 -3 0 5.19615 0 1 0 -5.19615 0 -3 p/48/1-6edge.dat
1 16 0 -6.5 0 -3 0 -5.19615 0 1 0 5.19615 0 -3 p/48/1-6edge.dat
1 16 0 2 0 6 0 0 0 1 0 0 0 6 p/48/1-6edge.dat
1 16 0 2 0 -3 0 5.19615 0 1 0 -5.19615 0 -3 p/48/1-6edge.dat
1 16 0 2 0 -3 0 -5.19615 0 1 0 5.19615 0 -3 p/48/1-6edge.dat
1 16 0 2 0 -4.87009 0 6.34683 0 1 0 -6.34683 0 -4.87009 p/48/1-6edge.dat
1 16 0 2 0 3.06147 0 7.39104 0 1 0 -7.39104 0 3.06147 p/48/1-24edge.dat
1 16 0 2 0 7.93156 0 1.04421 0 1 0 -1.04421 0 7.93156 p/48/1-6edge.dat
1 16 0 2 0 4.87009 0 -6.34683 0 1 0 6.34683 0 4.87009 p/48/1-24edge.dat
1 16 0 2 0 -3.06147 0 -7.39104 0 1 0 7.39104 0 -3.06147 p/48/1-6edge.dat
1 16 0 2 0 -7.93156 0 -1.04421 0 1 0 1.04421 0 -7.93156 p/48/1-24edge.dat
1 16 0 -3.5 0 -7.93156 0 1.04421 0 1 0 -1.04421 0 -7.93156 p/48/1-8edge.dat
1 16 0 -3.5 0 4.87009 0 6.34683 0 1 0 -6.34683 0 4.87009 p/48/1-8edge.dat
1 16 0 -3.5 0 3.06147 0 -7.39104 0 1 0 7.39104 0 3.06147 p/48/1-8edge.dat
1 16 0 -3.5 0 2.07055 0 -7.72741 0 5.5 0 7.72741 0 2.07055 p/48/1-12cyli.dat
1 16 2.56575 -0.75 7.559 0.4955 0 0 0 0 2.75 -0.168 -1 0 p/rect1.dat
1 16 -2.5655 -0.75 7.559 -0.4955 0 0 0 0 -2.75 -0.168 -1 0 p/rect1.dat
1 16 0 -3.5 0 5.65686 0 5.65686 0 5.5 0 -5.65686 0 5.65686 p/48/1-12cyli.dat
1 16 5.2635 -0.75 -6.0015 -0.3935 0 0 0 0 2.75 -0.3455 1 0 p/rect1.dat
1 16 7.82925 -0.75 -1.5575 0.1025 -1 0 0 0 -2.75 0.5135 0 0 p/rect1.dat
1 16 0 -3.5 0 -7.72741 0 2.07055 0 5.5 0 -2.07055 0 -7.72741 p/48/1-12cyli.dat
1 16 -7.82925 -0.75 -1.5575 -0.1025 1 0 0 0 2.75 0.5135 0 0 p/rect1.dat
1 16 -5.2635 -0.75 -6.0015 0.3935 0 0 0 0 -2.75 -0.3455 1 0 p/rect1.dat
0 BFC INVERTNEXT
1 16 0 -6.5 0 4 0 0 0 10.5 0 0 0 4 p/4-4cylo.dat
1 16 0 -6.5 0 4 0 0 0 1 0 0 0 -4 p/2-4ndis.dat
1 16 0 -6.5 0 -2.82843 0 2.82843 0 1 0 2.82843 0 2.82843 p/1-4ndis.dat
1 16 0 -6.5 0 2.82843 0 2.82843 0 1 0 2.82843 0 -2.82843 p/1-8ndis.dat
1 16 0 -6.5 0 -2.82843 0 -2.82843 0 1 0 2.82843 0 -2.82843 p/1-8ndis.dat
3 16 2.828 -6.5 2.828 3 -6.5 5.196 0 -6.5 5.657
3 16 -3 -6.5 5.196 -2.828 -6.5 2.828 0 -6.5 5.657
4 16 -6 -6.5 0 -5.657 -6.5 0 -2.828 -6.5 2.828 -3 -6.5 5.196
4 16 2.828 -6.5 2.828 5.657 -6.5 0 6 -6.5 0 3 -6.5 5.196
3 16 -4 -6.5 -4 -4 -6.5 0 -5.657 -6.5 0
3 16 -4 -6.5 -4 -5.657 -6.5 0 -6 -6.5 0
3 16 4 -6.5 0 4 -6.5 -4 5.657 -6.5 0
3 16 5.657 -6.5 0 4 -6.5 -4 6 -6.5 0
4 16 -3 -6.5 -5.196 3 -6.5 -5.196 4 -6.5 -4 -4 -6.5 -4
1 16 0 -6.5 0 6 0 0 0 8.5 0 0 0 6 p/48/1-6cyli.dat
1 16 0 -6.5 0 6 0 0 0 1 0 0 0 6 p/48/1-6chrd.dat
1 16 0 -6.5 0 -3 0 -5.19615 0 8.5 0 5.19615 0 -3 p/48/1-6cyli.dat
1 16 0 -6.5 0 -3 0 -5.19615 0 1 0 5.19615 0 -3 p/48/1-6chrd.dat
1 16 0 -6.5 0 -3 0 5.19615 0 8.5 0 -5.19615 0 -3 p/48/1-6cyli.dat
1 16 0 -6.5 0 -3 0 5.19615 0 1 0 -5.19615 0 -3 p/48/1-6chrd.dat
1 16 0 2 0 8 0 0 0 6 0 0 0 8 p/48/4-4cyli.dat
1 16 0 8 0 8 0 0 0 1 0 0 0 8 p/48/4-4edge.dat
1 16 0 8 0 8 0 0 0 -1 0 0 0 8 p/48/4-4aring.dat
1 16 0 2 0 7.93156 0 1.04421 0 1 0 -1.04421 0 7.93156 p/48/5-24chrd.dat
1 16 0 2 0 -4.87009 0 6.34683 0 1 0 -6.34683 0 -4.87009 p/48/5-24chrd.dat
4 16 4.87 2 -6.347 3 2 -5.196 -3 2 -5.196 -4.87 2 -6.347
1 16 0 2 0 -3.06147 0 -7.39104 0 1 0 7.39104 0 -3.06147 p/48/5-24chrd.dat
4 16 -7.931 2 -1.044 -6 2 0 -3 2 5.196 -3.061 2 7.391
4 16 3.061 2 7.391 3 2 5.196 6 2 0 7.931 2 -1.044
1 16 0 4 0 2 0 0 0 -1 0 0 0 2 p/4-4ring2.dat
1 16 0 -5 0 17 0 0 0 17 0 0 0 17 p/t04i1765.dat
1 16 0 -5 0 17 0 0 0 17 0 0 0 17 p/t04o1765.dat
1 16 0 -5 0 0 0 -17 0 17 0 17 0 0 p/t04i1765.dat
1 16 0 -5 0 0 0 -17 0 17 0 17 0 0 p/t04o1765.dat
1 16 0 -5 0 -17 0 0 0 17 0 0 0 -17 p/t04i1765.dat
1 16 0 -5 0 -17 0 0 0 17 0 0 0 -17 p/t04o1765.dat
1 16 0 -5 0 0 0 17 0 17 0 -17 0 0 p/t04i1765.dat
1 16 0 -5 0 0 0 17 0 17 0 -17 0 0 p/t04o1765.dat
1 16 0 -5 0 17 0 0 0 -17 0 0 0 -17 p/t04i1765.dat
1 16 0 -5 0 17 0 0 0 -17 0 0 0 -17 p/t04o1765.dat
1 16 0 -5 0 0 0 -17 0 -17 0 -17 0 0 p/t04i1765.dat
1 16 0 -5 0 0 0 -17 0 -17 0 -17 0 0 p/t04o1765.dat
1 16 0 -5 0 -17 0 0 0 -17 0 0 0 17 p/t04i1765.dat
1 16 0 -5 0 -17 0 0 0 -17 0 0 0 17 p/t04o1765.dat
1 16 0 -5 0 0 0 17 0 -17 0 17 0 0 p/t04i1765.dat
1 16 0 -5 0 0 0 17 0 -17 0 17 0 0 p/t04o1765.dat
4 16 3.061 -3.5 7.391 3 -3.5 13.866 3 -6.5 13.866 3 -6.5 5.196
4 16 -3 -6.5 5.196 -3 -6.5 13.866 -3 -3.5 13.866 -3.061 -3.5 7.391
4 16 0 -3.5 8 0 -3.5 14.463 3 -3.5 13.866 3.061 -3.5 7.391
4 16 -3.061 -3.5 7.391 -3 -3.5 13.866 0 -3.5 14.463 0 -3.5 8
4 16 3 -6.5 5.196 3 -6.5 13.866 0 -6.5 14.463 0 -6.5 5.657
4 16 0 -6.5 5.657 0 -6.5 14.463 -3 -6.5 13.866 -3 -6.5 5.196
4 16 3 2 5.196 3.062 2 7.391 3.061 -3.5 7.391 3 -6.5 5.196
4 16 -3 -6.5 5.196 -3.061 -3.5 7.391 -3.061 2 7.391 -3 2 5.196
4 16 3 2 -5.196 4.87 2 -6.347 4.87 -3.5 -6.347 3 -6.5 -5.196
4 16 6 -6.5 0 7.931 -3.5 -1.044 7.932 2 -1.044 6 2 0
4 16 -6 2 0 -7.931 2 -1.044 -7.932 -3.5 -1.044 -6 -6.5 0
4 16 -3 -6.5 -5.196 -4.87 -3.5 -6.347 -4.87 2 -6.347 -3 2 -5.196
4 16 3 -6.5 -5.196 10.641 -6.5 -9.608 13.362 -6.5 -5.535 4 -6.5 -4
4 16 4 -6.5 -4 13.362 -6.5 -5.535 13.591 -6.5 -4.383 6 -6.5 0
4 16 6.928 -3.5 -4 13.362 -3.5 -5.535 10.641 -3.5 -9.608 4.87 -3.5 -6.347
4 16 7.931 -3.5 -1.044 13.591 -3.5 -4.383 13.362 -3.5 -5.535 6.928 -3.5 -4
4 16 6 -6.5 0 13.591 -6.5 -4.383 13.591 -3.5 -4.383 7.931 -3.5 -1.044
4 16 4.87 -3.5 -6.347 10.641 -3.5 -9.608 10.641 -6.5 -9.608 3 -6.5 -5.196
4 16 -4 -6.5 -4 -13.362 -6.5 -5.535 -10.641 -6.5 -9.608 -3 -6.5 -5.196
4 16 -6 -6.5 0 -13.591 -6.5 -4.383 -13.362 -6.5 -5.535 -4 -6.5 -4
4 16 -4.87 -3.5 -6.347 -10.641 -3.5 -9.608 -13.362 -3.5 -5.535 -6.928 -3.5 -4
4 16 -6.928 -3.5 -4 -13.362 -3.5 -5.535 -13.591 -3.5 -4.383 -7.932 -3.5 -1.044
4 16 -7.932 -3.5 -1.044 -13.591 -3.5 -4.383 -13.591 -6.5 -4.383 -6 -6.5 0
4 16 -3 -6.5 -5.196 -10.641 -6.5 -9.608 -10.641 -3.5 -9.608 -4.87 -3.5 -6.347
