0 BFC CERTIFY CCW
1 16 0 4 0 1 0 0 0 -1 0 0 0 1 p/stud4.dat
0 BFC INVERTNEXT
1 16 0 8 0 16 0 0 0 -4 0 0 0 16 p/box5.dat
4 16 20 8 20 16 8 16 -16 8 16 -20 8 20
4 16 -20 8 -20 -16 8 -16 16 8 -16 20 8 -20
4 16 20 8 -20 16 8 -16 16 8 16 20 8 20
4 16 -20 8 20 -16 8 16 -16 8 -16 -20 8 -20
1 16 0 8 0 20 0 0 0 1 0 0 0 20 p/recte4.dat
1 16 0 0 0 1 0 0 0 1 0 0 0 1 parts/s/3131s01.dat
1 16 0 0 0 0 0 1 0 1 0 -1 0 0 parts/s/3131s01.dat
1 16 0 0 0 -1 0 0 0 1 0 0 0 -1 parts/s/3131s01.dat
1 16 0 0 0 0 0 -1 0 1 0 1 0 0 parts/s/3131s01.dat
1 16 0 0 0 1 0 0 0 1 0 0 0 1 p/stud2.dat
