0 BFC CERTIFY CCW
1 16 0 0 -20 0 0 -1 -1 0 0 0 40 0 p/daxlehub.dat
1 16 0 0 -20 0 0 -1 -1 0 0 0 40 0 p/daxlehole.dat
1 16 0 0 -19.5 0 0 54 54 0 0 0 11.5 0 p/48/4-4cylo.dat
0 BFC INVERTNEXT
1 16 0 0 -19.5 0 0 51 51 0 0 0 7.5 0 p/48/4-4cylo.dat
1 16 0 0 -19.5 0 0 3 3 0 0 0 1 0 p/48/4-4rin17.dat
1 16 0 0 -8 0 0 37 37 0 0 0 12 0 p/48/4-4cylo.dat
0 BFC INVERTNEXT
1 16 0 0 -8 0 0 33.91667 33.91667 0 0 0 12 0 p/48/4-4cylo.dat
1 16 0 0 4 0 0 3.08333 3.08333 0 0 0 -1 0 p/48/4-4rin11.dat
1 16 0 0 -8 0 0 -24 -24 0 0 0 1 0 p/4-4edge.dat
1 16 0 0 -12 0 0 -24 -24 0 0 0 1 0 p/4-4edge.dat
1 16 0 0 -8 16.97056 0 -16.97056 -16.97056 0 -16.97056 0 -1 0 p/4-4ndis.dat
1 16 0 0 -12 16.97056 0 -16.97056 -16.97056 0 -16.97056 0 1 0 p/4-4ndis.dat
1 16 37.3509 0 -12 -13.6492 0 0 0 0 -1.5 0 -7 0 p/box3u8p.dat
1 16 0 37.3509 -12 0 0 1.5 -13.6492 0 0 0 -7 0 p/box3u8p.dat
1 16 -37.3509 0 -12 13.6492 0 0 0 0 1.5 0 -7 0 p/box3u8p.dat
1 16 0 -30.8509 -12 0 0 -1.5 7.1492 0 0 0 -7 0 p/box3u8p.dat
1 16 -3 -44.4511 -15.5 0 1 -1.5 0 0 6.45095 3.5 0 0 p/rect.dat
1 16 -3 -38.0001 -15.5 0 0 1.5 0 -1 0 3.5 0 0 p/rect3.dat
4 16 -1.5 -38.0001 -19 0 -50.9995 -19 -1.5 -50.902 -19 -4.5 -38.0001 -19
1 16 3 -44.4511 -15.5 -1.5 -1 0 -6.45095 0 0 0 0 -3.5 p/rect.dat
1 16 3 -38.0001 -15.5 0 0 -1.5 0 -1 0 -3.5 0 0 p/rect3.dat
4 16 1.5 -50.902 -19 0 -50.9995 -19 1.5 -38.0001 -19 4.5 -38.0001 -19
3 16 -1.5 -38.0001 -19 1.5 -38.0001 -19 0 -50.9995 -19
1 16 0 0 -8 54 0 0 0 0 -54 0 -1 0 p/48/1-4chrd.dat
1 16 0 0 -8 0 0 54 54 0 0 0 -1 0 p/48/1-4chrd.dat
1 16 0 0 -8 0 0 -54 -54 0 0 0 -1 0 p/48/1-4chrd.dat
1 16 0 0 -8 -54 0 0 0 0 54 0 -1 0 p/48/1-4chrd.dat
1 16 0 -28.8092 -8 0 0 -1.5 5.10745 0 0 0 11 0 p/box3u8p.dat
4 16 0 -54 -8 54 0 -8 33.9411 0 -8 0 -33.9411 -8
1 16 28.8092 0 -8 -5.10745 0 0 0 0 -1.5 0 11 0 p/box3u8p.dat
4 16 54 0 -8 0 54 -8 0 33.9411 -8 33.9411 0 -8
1 16 0 28.8092 -8 0 0 1.5 -5.10745 0 0 0 11 0 p/box3u8p.dat
4 16 0 54 -8 -54 0 -8 -33.9411 0 -8 0 33.9411 -8
1 16 -28.8092 0 -8 5.10745 0 0 0 0 1.5 0 11 0 p/box3u8p.dat
4 16 -54 0 -8 0 -54 -8 0 -33.9411 -8 -33.9411 0 -8
1 16 0 0 -12 -51 0 0 0 0 51 0 1 0 p/48/1-4chrd.dat
4 16 0 33.9411 -12 -33.9411 0 -12 -51 0 -12 0 51 -12
1 16 0 0 -12 0 0 51 51 0 0 0 1 0 p/48/1-4chrd.dat
4 16 33.9411 0 -12 0 33.9411 -12 0 51 -12 51 0 -12
1 16 0 0 -12 0 0 -51 -51 0 0 0 1 0 p/48/1-4chrd.dat
4 16 -33.9411 0 -12 0 -33.9411 -12 0 -51 -12 -51 0 -12
1 16 0 0 -12 51 0 0 0 0 -51 0 1 0 p/48/1-4chrd.dat
4 16 0 -33.9411 -12 33.9411 0 -12 51 0 -12 0 -51 -12
1 16 0 42 -8 1 0 0 0 1 0 0 0 1 p/dtoothc.dat
1 16 10.8704 40.5689 -8 0.96593 0.25882 0 -0.25882 0.96593 0 0 0 1 p/dtoothc.dat
1 16 21 36.3731 -8 0.86603 0.5 0 -0.5 0.86603 0 0 0 1 p/dtoothc.dat
1 16 29.6985 29.6985 -8 0.70711 0.70711 0 -0.70711 0.70711 0 0 0 1 p/dtoothc.dat
1 16 36.3731 21 -8 0.5 0.86603 0 -0.86603 0.5 0 0 0 1 p/dtoothc.dat
1 16 40.5689 10.8704 -8 0.25882 0.96593 0 -0.96593 0.25882 0 0 0 1 p/dtoothc.dat
1 16 42 0 -8 0 1 0 -1 0 0 0 0 1 p/dtoothc.dat
1 16 40.5689 -10.8704 -8 -0.25882 0.96593 0 -0.96593 -0.25882 0 0 0 1 p/dtoothc.dat
1 16 36.3731 -21 -8 -0.5 0.86603 0 -0.86603 -0.5 0 0 0 1 p/dtoothc.dat
1 16 29.6985 -29.6985 -8 -0.70711 0.70711 0 -0.70711 -0.70711 0 0 0 1 p/dtoothc.dat
1 16 21 -36.3731 -8 -0.86603 0.5 0 -0.5 -0.86603 0 0 0 1 p/dtoothc.dat
1 16 10.8704 -40.5689 -8 -0.96593 0.25882 0 -0.25882 -0.96593 0 0 0 1 p/dtoothc.dat
1 16 -42 0 -8 0 -1 0 1 0 0 0 0 1 p/dtoothc.dat
1 16 -40.5689 10.8704 -8 0.25882 -0.96593 0 0.96593 0.25882 0 0 0 1 p/dtoothc.dat
1 16 -36.3731 21 -8 0.5 -0.86603 0 0.86603 0.5 0 0 0 1 p/dtoothc.dat
1 16 -29.6985 29.6985 -8 0.70711 -0.70711 0 0.70711 0.70711 0 0 0 1 p/dtoothc.dat
1 16 -21 36.3731 -8 0.86603 -0.5 0 0.5 0.86603 0 0 0 1 p/dtoothc.dat
1 16 -10.8704 40.5689 -8 0.96593 -0.25882 0 0.25882 0.96593 0 0 0 1 p/dtoothc.dat
1 16 0 -42 -8 -1 0 0 0 -1 0 0 0 1 p/dtoothc.dat
1 16 -10.8704 -40.5689 -8 -0.96593 -0.25882 0 0.25882 -0.96593 0 0 0 1 p/dtoothc.dat
1 16 -21 -36.3731 -8 -0.86603 -0.5 0 0.5 -0.86603 0 0 0 1 p/dtoothc.dat
1 16 -29.6985 -29.6985 -8 -0.70711 -0.70711 0 0.70711 -0.70711 0 0 0 1 p/dtoothc.dat
1 16 -36.3731 -21 -8 -0.5 -0.86603 0 0.86603 -0.5 0 0 0 1 p/dtoothc.dat
1 16 -40.5689 -10.8704 -8 -0.25882 -0.96593 0 0.96593 -0.25882 0 0 0 1 p/dtoothc.dat
