0 BFC CERTIFY CCW
1 16 6 -47 1.5 4 0 0 0 0 -4 0 -3 0 3-16cylo.dat
1 16 6 -47 1.5 4 0 0 0 0 -4 0 -1 0 3-16chrd.dat
1 16 6 -47 -1.5 4 0 0 0 0 -4 0 1 0 3-16chrd.dat
1 16 0 -35.9132 1.5 0 0 19.6781 -16 0 0 0 -3 0 48\1-16cylo.dat
1 16 0 -35.9132 1.5 0 0 19.6781 -16 0 0 0 -1 0 48\1-16chrd.dat
1 16 0 -35.9132 -1.5 0 0 19.6781 -16 0 0 0 1 0 48\1-16chrd.dat
1 16 -6 -47 1.5 -4 0 0 0 0 -4 0 -3 0 3-16cylo.dat
1 16 -6 -47 1.5 -4 0 0 0 0 -4 0 -1 0 3-16chrd.dat
1 16 -6 -47 -1.5 -4 0 0 0 0 -4 0 1 0 3-16chrd.dat
1 16 0 -35.9132 1.5 0 0 -19.6781 -16 0 0 0 -3 0 48\1-16cylo.dat
1 16 0 -35.9132 1.5 0 0 -19.6781 -16 0 0 0 -1 0 48\1-16chrd.dat
1 16 0 -35.9132 -1.5 0 0 -19.6781 -16 0 0 0 1 0 48\1-16chrd.dat
1 16 0 0 0 5.3033 0 5.3033 0 -4 0 5.3033 0 -5.3033 1-4cyli.dat
1 16 0 0 0 5.3033 0 5.3033 0 1 0 5.3033 0 -5.3033 1-4edge.dat
1 16 0 0 0 5.3033 0 5.3033 0 -1 0 5.3033 0 -5.3033 1-4chrd.dat
4 16 5.3033 0 -5.3033 5.3033 -4 -5.3033 3.8861 -3.997 -6.39 3.8861 0.003 -6.39
1 16 0 -4 0 7.5 0 0 0 -24 0 0 -1.5 -7.5 1-8con0.dat
3 16 3.8861 -3.997 -6.39 5.3033 -4 -5.3033 0 -28 -1.5
3 16 3.8861 -3.997 -6.39 0 -28 -1.5 2.5864 -5.7804 -6.39
3 16 2.5864 -5.7804 -6.39 0 -28 -1.5 0 -7.3254 -6.39
4 16 3.8861 -3.997 6.39 5.3033 -4 5.3033 5.3033 0 5.3033 3.8861 0.003 6.39
1 16 0 -4 0 7.5 0 0 0 -24 0 0 1.5 7.5 1-8con0.dat
3 16 5.3033 -4 5.3033 3.8861 -3.997 6.39 0 -28 1.5
3 16 0 -28 1.5 3.8861 -3.997 6.39 2.5864 -5.7804 6.39
3 16 0 -28 1.5 2.5864 -5.7804 6.39 0 -7.3254 6.39
3 16 0 -28 -1.5 7.4999 -4 0 0 -28 1.5
1 16 10 -39.75 0 0 -1 0 7.25 0 0 0 0 1.5 rect2p.dat
4 16 5.5452 -9.5204 -1.5 10 -32.5 -1.5 10 -47 -1.5 7.5308 -50.6956 -1.5
4 16 5.5452 -9.5204 -1.5 7.5308 -50.6956 -1.5 0 -51.9132 -1.5 0 -28 -1.5
4 16 10 -47 1.5 10 -32.5 1.5 5.5452 -9.5204 1.5 7.5308 -50.6956 1.5
4 16 0 -51.9132 1.5 7.5308 -50.6956 1.5 5.5452 -9.5204 1.5 0 -28 1.5
1 16 0 0 0 -5.3033 0 -5.3033 0 -4 0 5.3033 0 -5.3033 1-4cyli.dat
1 16 0 0 0 -5.3033 0 -5.3033 0 1 0 5.3033 0 -5.3033 1-4edge.dat
1 16 0 0 0 -5.3033 0 -5.3033 0 -1 0 5.3033 0 -5.3033 1-4chrd.dat
4 16 -3.8861 -3.997 -6.39 -5.3033 -4 -5.3033 -5.3033 0 -5.3033 -3.8861 0.003 -6.39
1 16 0 -4 0 -7.5 0 0 0 -24 0 0 -1.5 -7.5 1-8con0.dat
3 16 -5.3033 -4 -5.3033 -3.8861 -3.997 -6.39 0 -28 -1.5
3 16 0 -28 -1.5 -3.8861 -3.997 -6.39 -2.5864 -5.7804 -6.39
3 16 0 -28 -1.5 -2.5864 -5.7804 -6.39 0 -7.3254 -6.39
4 16 -5.3033 0 5.3033 -5.3033 -4 5.3033 -3.8861 -3.997 6.39 -3.8861 0.003 6.39
1 16 0 -4 0 -7.5 0 0 0 -24 0 0 1.5 7.5 1-8con0.dat
3 16 -3.8861 -3.997 6.39 -5.3033 -4 5.3033 0 -28 1.5
3 16 -3.8861 -3.997 6.39 0 -28 1.5 -2.5864 -5.7804 6.39
3 16 -2.5864 -5.7804 6.39 0 -28 1.5 0 -7.3254 6.39
3 16 -7.4999 -4 0 0 -28 -1.5 0 -28 1.5
1 16 -10 -39.75 0 0 1 0 -7.25 0 0 0 0 1.5 rect2p.dat
4 16 -10 -47 -1.5 -10 -32.5 -1.5 -5.5452 -9.5204 -1.5 -7.5308 -50.6956 -1.5
4 16 0 -51.9132 -1.5 -7.5308 -50.6956 -1.5 -5.5452 -9.5204 -1.5 0 -28 -1.5
4 16 -5.5452 -9.5204 1.5 -10 -32.5 1.5 -10 -47 1.5 -7.5308 -50.6956 1.5
4 16 -5.5452 -9.5204 1.5 -7.5308 -50.6956 1.5 0 -51.9132 1.5 0 -28 1.5
0 BFC INVERTNEXT
1 16 0 -10 0 4 0 0 0 10 0 0 0 4 4-4cylc.dat
1 16 0 0 0 4 0 0 0 -1 0 0 0 4 4-4ndis.dat
1 16 0 -1.997 -6.39 -3.8861 0 0 0 0 2 0 1 0 rect3.dat
4 16 -3.8861 -3.997 -6.39 3.8861 -3.997 -6.39 2.5864 -5.7804 -6.39 -2.5864 -5.7804 -6.39
4 16 3.8861 0.003 -6.39 -3.8861 0.003 -6.39 -4 0 -4 4 0 -4
3 16 -5.3033 0 -5.3033 -4 0 -4 -3.8861 0.003 -6.39
3 16 3.8861 0.003 -6.39 4 0 -4 5.3033 0 -5.3033
3 16 0 -7.3254 -6.39 -2.5864 -5.7804 -6.39 2.5864 -5.7804 -6.39
1 16 0 -1.997 6.39 3.8861 0 0 0 0 2 0 -1 0 rect3.dat
4 16 2.5864 -5.7804 6.39 3.8861 -3.997 6.39 -3.8861 -3.997 6.39 -2.5864 -5.7804 6.39
4 16 -4 0 4 -3.8861 0.003 6.39 3.8861 0.003 6.39 4 0 4
3 16 -4 0 4 -5.3033 0 5.3033 -3.8861 0.003 6.39
3 16 4 0 4 3.8861 0.003 6.39 5.3033 0 5.3033
3 16 -2.5864 -5.7804 6.39 0 -7.3254 6.39 2.5864 -5.7804 6.39
4 16 -4 0 -4 -5.3033 0 -5.3033 -5.3033 0 5.3033 -4 0 4
4 16 5.3033 0 -5.3033 4 0 -4 4 0 4 5.3033 0 5.3033
1 16 -2.7 -32.5 1.5 -7.3 0 0 0 0 25 0 -3 0 3-16cylo.dat
1 16 -2.7 -32.5 1.5 -7.3 0 0 0 0 25 0 -1 0 3-16chrd.dat
1 16 -2.7 -32.5 -1.5 -7.3 0 0 0 0 25 0 1 0 3-16chrd.dat
1 16 2.7 -32.5 1.5 7.3 0 0 0 0 25 0 -3 0 3-16cylo.dat
1 16 2.7 -32.5 1.5 7.3 0 0 0 0 25 0 -1 0 3-16chrd.dat
1 16 2.7 -32.5 -1.5 7.3 0 0 0 0 25 0 1 0 3-16chrd.dat
