0 BFC CERTIFY CCW
1 16 -20 0 0 0 1 0 -0.707107 0 0.707107 0.707107 0 0.707107 axlehol2.dat
1 16 20 0 0 0 1 0 -0.707107 0 0.707107 0.707107 0 0.707107 axlehol2.dat
1 16 -20 0 0 0 40 0 -0.707107 0 0.707107 0.707107 0 0.707107 axlehol6.dat
1 16 -20 0 0 0 13 0 -0.707107 0 -0.707107 -0.707107 0 0.707107 axlehol6.dat
1 16 20 0 0 0 -13 0 -0.707107 0 -0.707107 -0.707107 0 0.707107 axlehol6.dat
1 16 -20 0 0 0 40 0 0.707107 0 -0.707107 -0.707107 0 -0.707107 axlehol6.dat
1 16 -20 0 0 0 40 0 0.707107 0 0.707107 0.707107 0 -0.707107 axlehol6.dat
0 BFC INVERTNEXT
1 16 -20 0 0 0 40 0 2.2961 0 5.54328 5.54328 0 -2.2961 1-8cyli.dat
0 BFC INVERTNEXT
1 16 -20 0 0 0 40 0 5.54328 0 -2.2961 -2.2961 0 -5.54328 1-8cyli.dat
0 BFC INVERTNEXT
1 16 -20 0 0 0 13 0 -2.2961 0 -5.54328 -5.54328 0 2.2961 1-8cyli.dat
0 BFC INVERTNEXT
1 16 20 0 0 0 -13 0 -2.2961 0 -5.54328 -5.54328 0 2.2961 1-8cyli.dat
0 BFC INVERTNEXT
1 16 -20 0 0 0 13 0 -5.54328 0 2.2961 2.2961 0 5.54328 1-8cyli.dat
0 BFC INVERTNEXT
1 16 20 0 0 0 -13 0 -5.54328 0 2.2961 2.2961 0 5.54328 1-8cyli.dat
1 16 -20 0 0 0 1 0 0 0 2 2 0 0 4-4ring3.dat
1 16 -20 0 0 0 1 0 0 0 8 8 0 0 4-4cylo.dat
1 16 20 0 0 0 -1 0 0 0 2 2 0 0 4-4ring3.dat
1 16 -19 0 0 0 1 0 0 0 25 25 0 0 4-4edge.dat
1 16 20.001 0.001 0 0 -1 0 0 0 -8 8 0 0 4-4cylo.dat
1 16 19 0 0 0 1 0 0 0 8 8 0 0 4-4edge.dat
1 16 19 0 0 0 1 0 0 0 25 25 0 0 4-4edge.dat
1 16 17 0 0 0 1 0 0 0 20 20 0 0 4-4edge.dat
1 16 -17 0 0 0 1 0 0 0 20 20 0 0 4-4edge.dat
1 16 19 0 0 0 -1 0 0 0 2 2 0 0 4-4rin11.dat
1 16 19 0 0 0 -1 0 0 0 1 1 0 0 4-4rin24.dat
0 BFC INVERTNEXT
1 16 19 0 0 0 -2 0 0 0 2 2 0 0 4-4con10.dat
0 BFC INVERTNEXT
1 16 -19 0 0 0 2 0 0 0 2 2 0 0 4-4con10.dat
1 16 -19 0 0 0 1 0 0 0 1 1 0 0 4-4rin24.dat
1 16 -19 0 0 0 1 0 0 0 2 2 0 0 4-4rin11.dat
1 16 -15 0 0 0 1 0 0 0 10 10 0 0 4-4edge.dat
1 16 -15 0 0 0 -1 0 0 0 10 10 0 0 4-4ring1.dat
1 16 15 0 0 0 1 0 0 0 10 -10 0 0 4-4ring1.dat
1 16 -15 0 0 0 -1 0 0 0 1 1 0 0 4-4rin20.dat
1 16 15 0 0 0 1 0 0 0 1 1 0 0 4-4rin20.dat
1 16 -15 0 0 0 8 0 0 0 10 10 0 0 4-4cyli.dat
1 16 15 0 0 0 -8 0 0 0 10 10 0 0 4-4cyli.dat
1 16 15 0 0 0 1 0 0 0 10 10 0 0 4-4edge.dat
1 16 -7 0 0 0 14 0 0 0 10 10 0 0 2-4cyli.dat
1 16 -7 0 0 0 14 0 -7.07107 0 -7.07107 -7.07107 0 7.07107 1-4cyli.dat
1 16 0 -7.07 0 0 0 -5 0 -1 0 -7.07 0 0 rect.dat
4 16 5 -7.07 7.07 7 -5.375 8.205 7 -5.375 -8.205 5 -7.07 -7.07
4 16 -5 -7.07 -7.07 -7 -5.375 -8.205 -7 -5.375 8.205 -5 -7.07 7.07
3 16 -5 -7.07 7.07 -7 -5.375 8.205 -7 -7.07 7.07
3 16 7 -7.07 7.07 7 -5.375 8.205 5 -7.07 7.07
3 16 5 -7.07 -7.07 7 -5.375 -8.205 7 -7.07 -7.07
3 16 -7 -7.07 -7.07 -7 -5.375 -8.205 -5 -7.07 -7.07
1 16 0 -2.547 7.435 2.5 0 0 0 1 0 0 0 2.06 rect3.dat
1 16 0 -2.547 -7.435 -2.5 0 0 0 1 0 0 0 -2.06 rect3.dat
4 16 -2.5 -2.547 5.375 -5.197 -4.242 4.242 -7 -4.242 4.242 -7 -2.547 5.375
3 16 -5.197 -4.242 4.242 -7 -5.375 2.547 -7 -4.242 4.242
4 16 -7 -2.547 -5.375 -7 -4.242 -4.242 -5.197 -4.242 -4.242 -2.5 -2.547 -5.375
3 16 -7 -4.242 -4.242 -7 -5.375 -2.547 -5.197 -4.242 -4.242
4 16 2.5 -2.547 -5.375 5.197 -4.242 -4.242 7 -4.242 -4.242 7 -2.547 -5.375
3 16 5.197 -4.242 -4.242 7 -5.375 -2.547 7 -4.242 -4.242
4 16 7 -2.547 5.375 7 -4.242 4.242 5.197 -4.242 4.242 2.5 -2.547 5.375
3 16 7 -4.242 4.242 7 -5.375 2.547 5.197 -4.242 4.242
4 16 -4.542 -3.83 9.24 -2.5 -2.547 9.495 -7 0 10 -7 -3.83 9.24
3 16 -7 -5.375 8.205 -4.542 -3.83 9.24 -7 -3.83 9.24
4 16 -2.5 -2.547 -9.495 -4.542 -3.83 -9.24 -7 -3.83 -9.24 -7 0 -10
3 16 -7 -5.375 -8.205 -7 -3.83 -9.24 -4.542 -3.83 -9.24
4 16 4.542 -3.83 -9.24 2.5 -2.547 -9.495 7 0 -10 7 -3.83 -9.24
3 16 7 -5.375 -8.205 4.542 -3.83 -9.24 7 -3.83 -9.24
4 16 2.5 -2.547 9.495 4.542 -3.83 9.24 7 -3.83 9.24 7 0 10
3 16 7 -5.375 8.205 7 -3.83 9.24 4.542 -3.83 9.24
4 16 -7 0 10 -2.5 -2.547 9.495 2.5 -2.547 9.495 7 0 10
4 16 7 0 -10 2.5 -2.547 -9.495 -2.5 -2.547 -9.495 -7 0 -10
4 16 -2.5 -2.547 9.495 -4.542 -3.83 9.24 -5.197 -4.242 4.242 -2.5 -2.547 5.375
4 16 -4.542 -3.83 9.24 -7 -5.375 8.205 -7 -5.375 2.547 -5.197 -4.242 4.242
4 16 -4.542 -3.83 -9.24 -2.5 -2.547 -9.495 -2.5 -2.547 -5.375 -5.197 -4.242 -4.242
4 16 -7 -5.375 -8.205 -4.542 -3.83 -9.24 -5.197 -4.242 -4.242 -7 -5.375 -2.547
4 16 2.5 -2.547 -9.495 4.542 -3.83 -9.24 5.197 -4.242 -4.242 2.5 -2.547 -5.375
4 16 4.542 -3.83 -9.24 7 -5.375 -8.205 7 -5.375 -2.547 5.197 -4.242 -4.242
4 16 4.542 -3.83 9.24 2.5 -2.547 9.495 2.5 -2.547 5.375 5.197 -4.242 4.242
4 16 7 -5.375 8.205 4.542 -3.83 9.24 5.197 -4.242 4.242 7 -5.375 2.547
1 16 1.5 0 0 0 1 0 0 0 10 10 0 0 2-4edge.dat
1 16 -1.5 0 0 0 1 0 0 0 10 10 0 0 2-4edge.dat
1 16 -1.5 0 0 0 3 0 0 0 12.5 12.5 0 0 2-4cylo.dat
1 16 1.5 0 0 0 -1 0 0 0 2 2 0 0 2-4ring5.dat
1 16 1.5 0 0 0 -1 0 0 0 0.5 0.5 0 0 2-4rin24.dat
1 16 -1.5 0 0 0 1 0 0 0 2 2 0 0 2-4ring5.dat
1 16 -1.5 0 0 0 1 0 0 0 0.5 0.5 0 0 2-4rin24.dat
3 16 -1.5 0 10 -1.5 -1 9.802 -1.5 0 12.5
3 16 1.5 0 12.5 1.5 -1 9.802 1.5 0 10
3 16 1.5 0 -10 1.5 -1 -9.802 1.5 0 -12.5
3 16 -1.5 0 -12.5 -1.5 -1 -9.802 -1.5 0 -10
1 16 0 -.5 11.151 1.5 0 0 0 1 .5 0 0 1.349 rect.dat
1 16 0 -.5 -11.151 -1.5 0 0 0 1 .5 0 0 -1.349 rect.dat
1 16 1.5 0 0 0 1 0 -7.07107 0 -7.07107 -7.07107 0 7.07107 1-4edge.dat
1 16 -1.5 0 0 0 1 0 -7.07107 0 -7.07107 -7.07107 0 7.07107 1-4edge.dat
1 16 1.5 0 0 0 -1 0 -1.41421 0 -1.41421 -1.41421 0 1.41421 1-4ring5.dat
1 16 -1.5 0 0 0 1 0 -1.41421 0 -1.41421 -1.41421 0 1.41421 1-4ring5.dat
1 16 1.5 0 0 0 -1 0 -0.353553 0 -0.353553 -0.353553 0 0.353553 1-4rin24.dat
1 16 -1.5 0 0 0 1 0 -0.353553 0 -0.353553 -0.353553 0 0.353553 1-4rin24.dat
1 16 -1.5 0 0 0 3 0 -8.83883 0 -8.83883 -8.83883 0 8.83883 1-4cylo.dat
1 16 0 -7.954 7.954 -1.5 0 0 0 -1 -.884 0 0 .884 rect3.dat
1 16 0 -7.954 -7.954 1.5 0 0 0 -1 -.884 0 0 -.884 rect3.dat
1 16 -19 0 0 0 1 0 0 0 9 9 0 0 4-4edge.dat
1 16 -19 0 0 0 2 0 0 0 9 9 0 0 4-4cyli.dat
1 16 -17 0 0 0 1 0 0 0 9 9 0 0 4-4edge.dat
1 16 19 0 0 0 1 0 0 0 9 9 0 0 4-4edge.dat
1 16 19 0 0 0 -2 0 0 0 9 9 0 0 4-4cyli.dat
1 16 17 0 0 0 1 0 0 0 9 9 0 0 4-4edge.dat
1 16 -19 0 0 0 1 0 0 0 1 1 0 0 4-4ring8.dat
1 16 19 0 0 0 -1 0 0 0 1 1 0 0 4-4ring8.dat
1 16 17 0 0 0 -1 0 0 0 9 9 0 0 4-4ring1.dat
1 16 17 0 0 0 -1 0 0 0 2 2 0 0 4-4ring9.dat
1 16 -17 0 0 0 1 0 0 0 9 9 0 0 4-4ring1.dat
1 16 -17 0 0 0 1 0 0 0 2 2 0 0 4-4ring9.dat
1 16 -19 0 0 0 21 0 0 0 21 21 0 0 t04o1905.dat
1 16 -19 0 0 0 21 0 -21 0 0 0 0 21 t04o1905.dat
1 16 -19 0 0 0 21 0 0 0 -21 -21 0 0 t04o1905.dat
1 16 -19 0 0 0 21 0 21 0 0 0 0 -21 t04o1905.dat
1 16 19 0 0 0 -21 0 0 0 21 -21 0 0 t04o1905.dat
1 16 19 0 0 0 -21 0 -21 0 0 0 0 -21 t04o1905.dat
1 16 19 0 0 0 -21 0 0 0 -21 21 0 0 t04o1905.dat
1 16 19 0 0 0 -21 0 21 0 0 0 0 21 t04o1905.dat
4 16 19 -21.802 1 19 -7.286 4.985 19 -4.424 7.662 19 -21.405 3
4 16 19 -7.286 -4.985 19 -21.802 -1 19 -21.405 -3 19 -4.424 -7.662
4 16 19 -21.405 3 19 -4.424 7.662 17 -4.424 7.662 17 -19.289 3.581
4 16 17 -19.289 -3.581 17 -4.424 -7.662 19 -4.424 -7.662 19 -21.405 -3
4 16 19 -7.286 4.985 19 -21.802 1 17 -19.686 1.581 17 -7.286 4.985
4 16 17 -7.286 -4.985 17 -19.686 -1.581 19 -21.802 -1 19 -7.286 -4.985
4 16 19 13.306 17.059 19 9 0 17 9 0 17 12.796 15.04
4 16 17 12.796 -15.04 17 9 0 19 9 0 19 13.306 -17.059
4 16 19 -4.424 7.662 19 8.403 20.332 17 6.717 18.667 17 -4.424 7.662
4 16 17 -4.424 -7.662 17 6.717 -18.667 19 8.403 -20.332 19 -4.424 -7.662
4 16 19 9 0 19 13.306 17.059 19 11.702 18.133 19 7.99 3.933
4 16 19 13.306 -17.059 19 9 0 19 7.99 -3.933 19 11.702 -18.133
4 16 19 7.99 3.933 19 11.702 18.133 17 11.177 16.125 17 7.99 3.933
4 16 17 7.99 -3.933 17 11.177 -16.125 19 11.702 -18.133 19 7.99 -3.933
4 16 19 8.403 20.332 19 -4.424 7.662 19 -0.593 8.882 19 9.956 19.303
4 16 19 -4.424 -7.662 19 8.403 -20.332 19 9.956 -19.303 19 -0.593 -8.882
4 16 19 9.956 19.303 19 -0.593 8.882 17 -0.593 8.882 17 8.532 17.896
4 16 17 8.532 -17.896 17 -0.593 -8.882 19 -0.593 -8.882 19 9.956 -19.303
1 16 19 0 0 0 1 0 -20.3253 0 8.41904 8.41904 0 20.3253 3-16edge.dat
1 16 19 0 0 0 1 0 0 0 -22 -22 0 0 3-16edge.dat
1 16 19 0 0 0 1 0 15.5563 0 15.5563 15.5563 0 -15.5563 1-4edge.dat
4 16 -19 -21.802 -1 -19 -7.286 -4.985 -19 -4.424 -7.662 -19 -21.405 -3
4 16 -19 -7.286 4.985 -19 -21.802 1 -19 -21.405 3 -19 -4.424 7.662
4 16 -19 -21.405 -3 -19 -4.424 -7.662 -17 -4.424 -7.662 -17 -19.289 -3.581
4 16 -17 -19.289 3.581 -17 -4.424 7.662 -19 -4.424 7.662 -19 -21.405 3
4 16 -19 -7.286 -4.985 -19 -21.802 -1 -17 -19.686 -1.581 -17 -7.286 -4.985
4 16 -17 -7.286 4.985 -17 -19.686 1.581 -19 -21.802 1 -19 -7.286 4.985
4 16 -19 13.306 -17.059 -19 9 0 -17 9 0 -17 12.796 -15.04
4 16 -17 12.796 15.04 -17 9 0 -19 9 0 -19 13.306 17.059
4 16 -19 -4.424 -7.662 -19 8.403 -20.332 -17 6.717 -18.667 -17 -4.424 -7.662
4 16 -17 -4.424 7.662 -17 6.717 18.667 -19 8.403 20.332 -19 -4.424 7.662
4 16 -19 9 0 -19 13.306 -17.059 -19 11.702 -18.133 -19 7.99 -3.933
4 16 -19 13.306 17.059 -19 9 0 -19 7.99 3.933 -19 11.702 18.133
4 16 -19 7.99 -3.933 -19 11.702 -18.133 -17 11.177 -16.125 -17 7.99 -3.933
4 16 -17 7.99 3.933 -17 11.177 16.125 -19 11.702 18.133 -19 7.99 3.933
4 16 -19 8.403 -20.332 -19 -4.424 -7.662 -19 -0.593 -8.882 -19 9.956 -19.303
4 16 -19 -4.424 7.662 -19 8.403 20.332 -19 9.956 19.303 -19 -0.593 8.882
4 16 -19 9.956 -19.303 -19 -0.593 -8.882 -17 -0.593 -8.882 -17 8.532 -17.896
4 16 -17 8.532 17.896 -17 -0.593 8.882 -19 -0.593 8.882 -19 9.956 19.303
1 16 -19 0 0 0 -1 0 -20.3253 0 8.41904 -8.41904 0 -20.3253 3-16edge.dat
1 16 -19 0 0 0 -1 0 0 0 -22 22 0 0 3-16edge.dat
1 16 -19 0 0 0 -1 0 15.5563 0 15.5563 -15.5563 0 15.5563 1-4edge.dat
