0 BFC CERTIFY CCW
1 16 0 10 -20 1 0 0 0 0 -1 0 1 0 p/bush0.dat
1 16 0 23 20 2.298 0 -5.544 0 1 0 -5.544 0 -2.298 p/1-8edge.dat
1 16 0 23 20 2.298 0 -5.544 0 -2 0 -5.544 0 -2.298 p/1-8cyli.dat
1 16 0 23 20 2.298 0 -5.544 0 -2 0 -5.544 0 -2.298 p/1-8disc.dat
1 16 0 23 20 -2.298 0 5.544 0 1 0 5.544 0 2.298 p/1-8edge.dat
1 16 0 23 20 -2.298 0 5.544 0 -2 0 5.544 0 2.298 p/1-8cyli.dat
1 16 0 23 20 -2.298 0 5.544 0 -2 0 5.544 0 2.298 p/1-8disc.dat
4 16 -2.298 23 14.456 -2.298 21 14.456 -2.298 21 25.544 -2.298 23 25.544
3 16 -2.298 23 14.456 -2.298 23 25.544 0 23 20
3 16 2.298 23 25.544 2.298 23 14.456 0 23 20
4 16 2.298 23 14.456 2.298 23 25.544 2.298 21 25.544 2.298 21 14.456
1 16 0 21 20 2.298 0 5.544 0 1 0 5.544 0 -2.298 p/3-8edge.dat
1 16 0 21 20 -2.298 0 -5.544 0 1 0 -5.544 0 2.298 p/3-8edge.dat
1 16 0 20 20 -9 0 0 0 -10 0 0 0 9 p/1-4cyls.dat
1 16 0 20 20 9 0 0 0 -10 0 0 0 9 p/1-4cyls.dat
1 16 0 20 20 9 0 0 0 1 0 0 0 9 p/4-4edge.dat
1 16 0 20 20 6 0 0 0 1 0 0 0 6 p/4-4edge.dat
1 16 0 20 20 6 0 0 0 1 0 0 0 6 p/4-4cyli.dat
1 16 0 20 20 -9 0 0 0 -1 0 0 0 -9 p/2-4ndis.dat
1 16 0 20 20 3 0 0 0 -1 0 0 0 3 p/4-4ring2.dat
4 16 -9 20 -11 -9 20 11 9 20 11 9 20 -11
4 16 -9 20 -20 -9 17 -20 -9 17 12.883 -9 20 20
1 16 0 20 -20 9 0 0 0 1 0 0 0 9 p/4-4edge.dat
1 16 0 20 -20 9 0 0 0 -1 0 0 0 9 p/2-4ndis.dat
1 16 0 20 -20 1 0 0 0 -1 0 0 0 1 p/4-4ring8.dat
1 16 0 20 -20 2 0 0 0 -1 0 0 0 2 p/4-4ring3.dat
1 16 0 20 -20 8 0 0 0 1 0 0 0 8 p/4-4edge.dat
4 16 9 17 -20 9 20 -20 9 20 20 9 17 12.883
3 16 1 17 12.883 1 13.83 10.76 1 17 10
3 16 -1 17 12.883 -1 17 10 -1 13.83 10.76
3 16 -1 3 12.883 -1 6.17 10.76 -1 3 10
3 16 1 3 12.883 1 3 10 1 6.17 10.76
3 16 1 13.83 10.76 1 10 10 1 17 10
3 16 -1 13.83 10.76 -1 17 10 -1 10 10
3 16 -1 6.17 10.76 -1 10 10 -1 3 10
3 16 1 6.17 10.76 1 3 10 1 10 10
4 16 -1 17 10 -1 17 -11.198 -1 3 -11.198 -1 3 10
4 16 1 3 10 1 3 -11.198 1 17 -11.198 1 17 10
4 16 9 17 -11 9 17 12.883 -9 17 12.883 -9 17 -11
4 16 -1 17 -11.198 -1 16 -13.198 -1 4 -13.198 -1 3 -11.198
4 16 1 3 -11.198 1 4 -13.198 1 16 -13.198 1 17 -11.198
1 16 0 17 -20 9 0 0 0 1 0 0 0 9 p/4-4edge.dat
1 16 0 3 -20 9 0 0 0 1 0 0 0 9 p/4-4edge.dat
1 16 0 17 -20 9 0 0 0 1 0 0 0 9 p/2-4ndis.dat
1 16 0 17 -20 -9 0 0 0 3 0 0 0 -9 p/2-4cyli.dat
1 16 -10 10 20 0 1 0 -10 0 0 0 0 10 p/4-4edge.dat
1 16 -1 10 20 0 1 0 7.07107 0 -7.07107 -7.07107 0 -7.07107 p/1-4edge.dat
1 16 1 10 20 0 1 0 7.07107 0 -7.07107 -7.07107 0 -7.07107 p/1-4edge.dat
1 16 -10 10 20 0 1 0 1 0 0 0 0 -1 p/peghole.dat
1 16 -10 10 20 0 1 0 2 0 0 0 0 2 p/4-4ring4.dat
0 BFC INVERTNEXT
1 16 -8 10 20 0 16 0 6 0 0 0 0 -6 p/4-4cyli.dat
1 16 10 10 20 0 -1 0 1 0 0 0 0 -1 p/peghole.dat
1 16 10 10 20 0 1 0 -10 0 0 0 0 10 p/4-4edge.dat
1 16 10 10 20 0 -2 0 2 0 0 0 0 2 p/4-4ring4.dat
1 16 0 3.5 -20 0 0 1 0 0.5 0 1 0 0 p/4-4con7.dat
1 16 0 3 -20 0 0 1 0 0.5 0 1 0 0 p/4-4con8.dat
1 16 0 16.5 -20 0 0 1 0 -0.5 0 -1 0 0 p/4-4con7.dat
1 16 0 17 -20 0 0 1 0 -0.5 0 -1 0 0 p/4-4con8.dat
4 16 -9 3 -11 -9 3 12.883 9 3 12.883 9 3 -11
4 16 -9 3 -20 -9 0 -20 -9 0 20 -9 3 12.883
1 16 0 3 -20 9 0 0 0 -1 0 0 0 9 p/2-4ndis.dat
4 16 9 0 -20 9 3 -20 9 3 12.883 9 0 20
1 16 0 0 20 -9 0 0 0 10 0 0 0 9 p/1-4cyls.dat
1 16 0 0 20 9 0 0 0 10 0 0 0 9 p/1-4cyls.dat
1 16 0 0 20 9 0 0 0 1 0 0 0 9 p/4-4edge.dat
1 16 0 0 20 6 0 0 0 1 0 0 0 6 p/4-4edge.dat
1 16 0 0 20 -9 0 0 0 1 0 0 0 -9 p/2-4ndis.dat
1 16 0 0 20 3 0 0 0 1 0 0 0 3 p/4-4ring2.dat
4 16 9 0 -11 9 0 11 -9 0 11 -9 0 -11
1 16 0 0 -20 9 0 0 0 1 0 0 0 9 p/4-4edge.dat
1 16 0 0 -20 9 0 0 0 1 0 0 0 9 p/2-4ndis.dat
1 16 0 0 -20 1 0 0 0 1 0 0 0 1 p/4-4ring8.dat
1 16 0 0 -20 2 0 0 0 1 0 0 0 2 p/4-4ring3.dat
1 16 0 0 -20 8 0 0 0 1 0 0 0 8 p/4-4edge.dat
1 16 0 0 -20 -9 0 0 0 3 0 0 0 -9 p/2-4cyli.dat
1 16 0 -1 20 6 0 0 0 1 0 0 0 6 p/4-4cyli.dat
1 16 0 -1 20 -2.298 0 -5.544 0 1 0 5.544 0 -2.298 p/3-8edge.dat
1 16 0 -1 20 2.298 0 5.544 0 1 0 -5.544 0 2.298 p/3-8edge.dat
4 16 -2.298 -3 14.456 -2.298 -3 25.544 -2.298 -1 25.544 -2.298 -1 14.456
4 16 2.298 -1 14.456 2.298 -1 25.544 2.298 -3 25.544 2.298 -3 14.456
1 16 0 -3 20 -2.298 0 5.544 0 1 0 -5.544 0 -2.298 p/1-8edge.dat
1 16 0 -3 20 -2.298 0 5.544 0 2 0 -5.544 0 -2.298 p/1-8cyli.dat
1 16 0 -3 20 -2.298 0 5.544 0 2 0 -5.544 0 -2.298 p/1-8disc.dat
1 16 0 -3 20 2.298 0 -5.544 0 1 0 5.544 0 2.298 p/1-8edge.dat
1 16 0 -3 20 2.298 0 -5.544 0 2 0 5.544 0 2.298 p/1-8cyli.dat
1 16 0 -3 20 2.298 0 -5.544 0 2 0 5.544 0 2.298 p/1-8disc.dat
3 16 -2.298 -3 25.544 -2.298 -3 14.456 0 -3 20
3 16 2.298 -3 14.456 2.298 -3 25.544 0 -3 20
1 16 -10 10 20 0 1 0 10 0 0 0 0 -10 p/4-4cyli.dat
1 16 10 10 20 0 -1 0 10 0 0 0 0 -10 p/4-4cyli.dat
1 16 9 10 20 0 -8 0 7.07107 0 -7.07107 -7.07107 0 -7.07107 p/1-4cyli.dat
1 16 -9 10 20 0 8 0 7.07107 0 -7.07107 -7.07107 0 -7.07107 p/1-4cyli.dat
1 16 9 10 20 0 -10 0 0 0 -10 -10 0 0 p/1-4cyls2.dat
1 16 9 10 20 0 -10 0 0 0 10 -10 0 0 p/1-4cyls2.dat
1 16 -9 10 20 0 10 0 0 0 10 -10 0 0 p/1-4cyls2.dat
1 16 -9 10 20 0 10 0 0 0 -10 -10 0 0 p/1-4cyls2.dat
1 16 0 -1 20 2.298 0 5.544 0 1 0 -5.544 0 2.298 p/3-8chrd.dat
1 16 0 -1 20 -2.298 0 -5.544 0 1 0 5.544 0 -2.298 p/3-8chrd.dat
1 16 0 21 20 2.298 0 5.544 0 -1 0 -5.544 0 2.298 p/3-8chrd.dat
1 16 0 21 20 -2.298 0 -5.544 0 -1 0 5.544 0 -2.298 p/3-8chrd.dat
1 16 9 10 20 0 1 0 -10 0 0 0 0 -10 p/1-8edge.dat
1 16 -9 10 20 0 1 0 -10 0 0 0 0 -10 p/1-8edge.dat
1 16 -9 10 20 0 1 0 10 0 0 0 0 -10 p/1-8edge.dat
1 16 9 10 20 0 1 0 10 0 0 0 0 -10 p/1-8edge.dat
