0 BFC CERTIFY CCW
1 16 0 0 0 -20 0 0 0 1 0 0 0 -20 p/48/4-4edge.dat
1 16 0 10 0 -20 0 0 0 1 0 0 0 -20 p/48/4-4edge.dat
1 16 0 0 0 -20 0 0 0 10 0 0 0 -20 p/48/4-4cyli.dat
1 16 0 0 -11 -2 0 0 0 1 0 0 0 -2 p/2-4edge.dat
1 16 0 0 11 -2 0 0 0 1 0 0 0 2 p/2-4edge.dat
1 16 0 0 0 6.5 0 11.2583 0 1 0 -11.2583 0 6.5 p/48/1-3chrd.dat
1 16 0 0 0 -6.5 0 -11.2583 0 1 0 -11.2583 0 6.5 p/48/1-3chrd.dat
1 16 0 0 0 1 0 0 0 1 0 0 0 1 p/48/4-4rin13.dat
1 16 0 0 0 -1 0 1.7321 0 1 0 -1.7321 0 -1 p/48/1-6ring7.dat
1 16 0 0 0 -1 0 1.7321 0 1 0 -1.7321 0 -1 p/48/1-6ring8.dat
1 16 0 0 0 -0.5 0 0.866 0 1 0 -0.866 0 -0.5 p/48/1-6rin18.dat
1 16 0 0 0 1 0 -1.7321 0 1 0 1.7321 0 1 p/48/1-6ring7.dat
1 16 0 0 0 1 0 -1.7321 0 1 0 1.7321 0 1 p/48/1-6ring8.dat
1 16 0 0 0 0.5 0 -0.866 0 1 0 0.866 0 0.5 p/48/1-6rin18.dat
1 16 0 0 0 -1 0 0 0 1 0 0 0 -1 p/48/4-4rin19.dat
3 16 -13.8796 0 -1.827 -14 0 0 -19 0 0
4 16 -13.5226 0 -3.6232 -13.8796 0 -1.827 -19 0 0 -18.8366 0 -2.4795
4 16 -13.2254 0 -4.5 -13.5226 0 -3.6232 -18.8366 0 -2.4795 -18.435 0 -4.5
4 16 -11.5667 0 -15.0742 -7.1858 0 -12 -14.6946 0 -12 -13.4348 0 -13.4345
4 16 -6.9997 0 -12.1242 -7.1858 0 -12 -11.5667 0 -15.0742 -9.5 0 -16.4545
3 16 -19 0 0 -14 0 0 -13.8796 0 1.827
4 16 -18.8366 0 2.4795 -19 0 0 -13.8796 0 1.827 -13.5226 0 3.6232
4 16 -18.435 0 4.5 -18.8366 0 2.4795 -13.5226 0 3.6232 -13.2254 0 4.5
4 16 -13.4348 0 13.4345 -14.6946 0 12 -7.1858 0 12 -11.5667 0 15.0742
4 16 -9.5 0 16.4545 -11.5667 0 15.0742 -7.1858 0 12 -6.9997 0 12.1242
3 16 13.8796 0 1.827 14 0 0 19 0 0
4 16 13.5226 0 3.6232 13.8796 0 1.827 19 0 0 18.8366 0 2.4795
4 16 13.2254 0 4.5 13.5226 0 3.6232 18.8366 0 2.4795 18.435 0 4.5
4 16 11.5667 0 15.0742 7.1858 0 12 14.6946 0 12 13.4348 0 13.4345
4 16 6.9997 0 12.1242 7.1858 0 12 11.5667 0 15.0742 9.5 0 16.4545
3 16 19 0 0 14 0 0 13.8796 0 -1.827
4 16 18.8366 0 -2.4795 19 0 0 13.8796 0 -1.827 13.5226 0 -3.6232
4 16 18.435 0 -4.5 18.8366 0 -2.4795 13.5226 0 -3.6232 13.2254 0 -4.5
4 16 13.4348 0 -13.4345 14.6946 0 -12 7.1858 0 -12 11.5667 0 -15.0742
4 16 9.5 0 -16.4545 11.5667 0 -15.0742 7.1858 0 -12 6.9997 0 -12.1242
4 16 6.5 0 -8 6.5 0 8 5 0 8 5 0 -8
4 16 -5 0 -8 -5 0 8 -6.5 0 8 -6.5 0 -8
1 16 -2 1.5 10 0 -1 0 -1.5 0 0 0 0 -1 p/rect3.dat
1 16 -3.5 1.5 9 0 0 -1.5 -1.5 0 0 0 1 0 p/rect3.dat
1 16 -5.001 1.5 0 0 -1 0 -1.5 0 0 0 0 -9 p/rect3.dat
1 16 -3.5 1.5 -9 0 0 1.5 -1.5 0 0 0 -1 0 p/rect3.dat
1 16 -2 1.5 -10 0 -1 0 0 0 1.5 -1 0 0 p/rect2p.dat
1 16 2 1.5 10 0 1 0 1.5 0 0 0 0 -1 p/rect3.dat
1 16 3.5 1.5 9 0 0 1.5 1.5 0 0 0 1 0 p/rect3.dat
1 16 5.001 1.5 0 0 1 0 1.5 0 0 0 0 -9 p/rect3.dat
1 16 3.5 1.5 -9 0 0 -1.5 1.5 0 0 0 -1 0 p/rect3.dat
1 16 2 1.5 -10 0 1 0 0 0 -1.5 -1 0 0 p/rect2p.dat
0 BFC INVERTNEXT
1 16 0 0 -11 -2 0 0 0 3 0 0 0 -2 p/2-4cyli.dat
0 BFC INVERTNEXT
1 16 0 0 11 -2 0 0 0 3 0 0 0 2 p/2-4cyli.dat
1 16 0 3 -11 -2 0 0 0 1 0 0 0 -2 p/2-4edge.dat
1 16 0 3 11 -2 0 0 0 1 0 0 0 2 p/2-4edge.dat
1 16 0 10 0 -1 0 0 0 -1 0 0 0 -1 p/48/4-4rin19.dat
1 16 0 0 0 1 0 0 0 0 1 0 -1 0 parts/s/32067s01.dat
1 16 0 0 0 -1 0 0 0 0 1 0 -1 0 parts/s/32067s01.dat
1 16 0 0 0 1 0 0 0 0 1 0 1 0 parts/s/32067s01.dat
1 16 0 0 0 -1 0 0 0 0 1 0 1 0 parts/s/32067s01.dat
