0 BFC CERTIFY CCW
1 16 0 0 -10 1 0 0 0 0 -1 0 20 0 p/axl2hole.dat
1 16 0 0 10 -1 0 0 0 0 1 0 -1 0 p/4-4ring6.dat
1 16 0 0 -10 -1 0 0 0 0 1 0 1 0 p/4-4ring6.dat
1 16 0 0 10 -1 0 0 0 0 1 0 -1 0 p/4-4ring7.dat
1 16 0 0 -10 -1 0 0 0 0 1 0 1 0 p/4-4ring7.dat
1 16 0 0 10 -0.5 0 0 0 0 0.5 0 -1 0 p/4-4rin16.dat
1 16 0 0 -10 -0.5 0 0 0 0 0.5 0 1 0 p/4-4rin16.dat
1 16 0 0 0 1 0 0 0 1 0 0 0 1 parts/s/32060s01.dat
1 16 0 0 0 0.7071 -0.7071 0 0.7071 0.7071 0 0 0 1 parts/s/32060s01.dat
1 16 0 0 0 0 -1 0 1 0 0 0 0 1 parts/s/32060s01.dat
1 16 0 0 0 -0.7071 -0.7071 0 0.7071 -0.7071 0 0 0 1 parts/s/32060s01.dat
1 16 0 0 0 -1 0 0 0 -1 0 0 0 1 parts/s/32060s01.dat
1 16 0 0 0 -0.7071 0.7071 0 -0.7071 -0.7071 0 0 0 1 parts/s/32060s01.dat
1 16 0 0 0 0 1 0 -1 0 0 0 0 1 parts/s/32060s01.dat
1 16 0 0 0 0.7071 0.7071 0 -0.7071 0.7071 0 0 0 1 parts/s/32060s01.dat
