0 BFC CERTIFY CCW
1 16 0 44 0 1 0 0 0 -1 0 0 0 1 p/stug4-1x5.dat
1 16 0 44 60 1 0 0 0 -1 0 0 0 1 p/stug4-5x5.dat
1 16 0 44 -60 1 0 0 0 -1 0 0 0 1 p/stug4-5x5.dat
0 BFC INVERTNEXT
1 16 0 48 0 0 0 56 0 -4 0 -116 0 0 p/box5.dat
4 16 60 48 -120 56 48 -116 56 48 116 60 48 120
4 16 -56 48 116 -56 48 -116 -60 48 -120 -60 48 120
4 16 -56 48 -116 56 48 -116 60 48 -120 -60 48 -120
4 16 60 48 120 56 48 116 -56 48 116 -60 48 120
1 16 0 0 0 80 0 0 0 43 0 0 0 120 p/box4o4a.dat
1 16 -60 45.955 0 0 1 0 2.045 0 0 0 0 -117 p/rect.dat
1 16 60 45.955 0 0 -1 0 0 0 2.045 -117 0 0 p/rect.dat
4 16 -76.3637 43.9091 110 -60 43.91 117 -60 43.91 -117 -76.3639 43.91 -110
4 16 60 43.91 -117 60 43.91 117 76.3639 43.91 110 76.3639 43.91 -110
4 16 -76.3639 43.91 -110 -80 43 -120 -80 43 120 -76.3637 43.9091 110
4 16 80 43 120 80 43 -120 76.3639 43.91 -110 76.3639 43.91 110
4 16 60 48 -120 80 43 -120 -80 43 -120 -60 48 -120
4 16 -80 43 120 80 43 120 60 48 120 -60 48 120
1 16 70 46 90 1 0 0 0 -1 0 0 0 1 parts/s/32109s01.dat
1 16 70 46 70 1 0 0 0 -1 0 0 0 1 parts/s/32109s01.dat
1 16 70 46 50 1 0 0 0 -1 0 0 0 1 parts/s/32109s01.dat
1 16 70 46 30 1 0 0 0 -1 0 0 0 1 parts/s/32109s01.dat
1 16 70 46 10 1 0 0 0 -1 0 0 0 1 parts/s/32109s01.dat
1 16 70 46 -10 1 0 0 0 -1 0 0 0 1 parts/s/32109s01.dat
1 16 70 46 -30 1 0 0 0 -1 0 0 0 1 parts/s/32109s01.dat
1 16 70 46 -50 1 0 0 0 -1 0 0 0 1 parts/s/32109s01.dat
1 16 70 46 -70 1 0 0 0 -1 0 0 0 1 parts/s/32109s01.dat
1 16 70 46 -90 1 0 0 0 -1 0 0 0 1 parts/s/32109s01.dat
1 16 70 46 -110 1 0 0 0 -1 0 0 0 1 parts/s/32109s01.dat
1 16 70 46 110 1 0 0 0 -1 0 0 0 -1 parts/s/32109s01.dat
1 16 70 46 90 1 0 0 0 -1 0 0 0 -1 parts/s/32109s01.dat
1 16 70 46 70 1 0 0 0 -1 0 0 0 -1 parts/s/32109s01.dat
1 16 70 46 50 1 0 0 0 -1 0 0 0 -1 parts/s/32109s01.dat
1 16 70 46 30 1 0 0 0 -1 0 0 0 -1 parts/s/32109s01.dat
1 16 70 46 10 1 0 0 0 -1 0 0 0 -1 parts/s/32109s01.dat
1 16 70 46 -10 1 0 0 0 -1 0 0 0 -1 parts/s/32109s01.dat
1 16 70 46 -30 1 0 0 0 -1 0 0 0 -1 parts/s/32109s01.dat
1 16 70 46 -50 1 0 0 0 -1 0 0 0 -1 parts/s/32109s01.dat
1 16 70 46 -70 1 0 0 0 -1 0 0 0 -1 parts/s/32109s01.dat
1 16 70 46 -90 1 0 0 0 -1 0 0 0 -1 parts/s/32109s01.dat
1 16 0 0 0 -1 0 0 0 1 0 0 0 1 parts/s/32109s02.dat
1 16 0 0 0 -1 0 0 0 1 0 0 0 -1 parts/s/32109s02.dat
1 16 -70 46 90 -1 0 0 0 -1 0 0 0 1 parts/s/32109s01.dat
1 16 -70 46 70 -1 0 0 0 -1 0 0 0 1 parts/s/32109s01.dat
1 16 -70 46 50 -1 0 0 0 -1 0 0 0 1 parts/s/32109s01.dat
1 16 -70 46 30 -1 0 0 0 -1 0 0 0 1 parts/s/32109s01.dat
1 16 -70 46 10 -1 0 0 0 -1 0 0 0 1 parts/s/32109s01.dat
1 16 -70 46 -10 -1 0 0 0 -1 0 0 0 1 parts/s/32109s01.dat
1 16 -70 46 -30 -1 0 0 0 -1 0 0 0 1 parts/s/32109s01.dat
1 16 -70 46 -50 -1 0 0 0 -1 0 0 0 1 parts/s/32109s01.dat
1 16 -70 46 -70 -1 0 0 0 -1 0 0 0 1 parts/s/32109s01.dat
1 16 -70 46 -90 -1 0 0 0 -1 0 0 0 1 parts/s/32109s01.dat
1 16 -70 46 -110 -1 0 0 0 -1 0 0 0 1 parts/s/32109s01.dat
1 16 -70 46 110 -1 0 0 0 -1 0 0 0 -1 parts/s/32109s01.dat
1 16 -70 46 90 -1 0 0 0 -1 0 0 0 -1 parts/s/32109s01.dat
1 16 -70 46 70 -1 0 0 0 -1 0 0 0 -1 parts/s/32109s01.dat
1 16 -70 46 50 -1 0 0 0 -1 0 0 0 -1 parts/s/32109s01.dat
1 16 -70 46 30 -1 0 0 0 -1 0 0 0 -1 parts/s/32109s01.dat
1 16 -70 46 10 -1 0 0 0 -1 0 0 0 -1 parts/s/32109s01.dat
1 16 -70 46 -10 -1 0 0 0 -1 0 0 0 -1 parts/s/32109s01.dat
1 16 -70 46 -30 -1 0 0 0 -1 0 0 0 -1 parts/s/32109s01.dat
1 16 -70 46 -50 -1 0 0 0 -1 0 0 0 -1 parts/s/32109s01.dat
1 16 -70 46 -70 -1 0 0 0 -1 0 0 0 -1 parts/s/32109s01.dat
1 16 -70 46 -90 -1 0 0 0 -1 0 0 0 -1 parts/s/32109s01.dat
1 16 0 0 0 1 0 0 0 1 0 0 0 1 parts/s/32109s02.dat
1 16 0 0 0 1 0 0 0 1 0 0 0 -1 parts/s/32109s02.dat
0 BFC INVERTNEXT
1 16 0 0 0 76 0 0 0 40.5 0 0 0 116 p/box5.dat
4 16 -76 0 -116 -76 0 116 -80 0 120 -80 0 -120
4 16 80 0 120 -80 0 120 -76 0 116 76 0 116
4 16 80 0 -120 80 0 120 76 0 116 76 0 -116
4 16 80 0 -120 76 0 -116 -76 0 -116 -80 0 -120
