0 BFC CERTIFY CCW
1 16 0 0 10 1 0 0 0 1 0 0 0 1 parts/s/32146s01.dat
1 16 0 0 10 -1 0 0 0 1 0 0 0 1 parts/s/32146s01.dat
1 16 0 0 10 0.5 -0.86603 0 0.86603 0.5 0 0 0 1 parts/s/32146s01.dat
1 16 0 0 10 -0.5 -0.86603 0 -0.86603 0.5 0 0 0 1 parts/s/32146s01.dat
1 16 0 0 10 0.5 0.86603 0 -0.86603 0.5 0 0 0 1 parts/s/32146s01.dat
1 16 0 0 10 -0.5 0.86603 0 0.86603 0.5 0 0 0 1 parts/s/32146s01.dat
1 16 0 0 10 1 0 0 0 -1 0 0 0 1 parts/s/32146s01.dat
1 16 0 0 10 -1 0 0 0 -1 0 0 0 1 parts/s/32146s01.dat
1 16 0 0 10 0.5 -0.86603 0 -0.86603 -0.5 0 0 0 1 parts/s/32146s01.dat
1 16 0 0 10 -0.5 -0.86603 0 0.86603 -0.5 0 0 0 1 parts/s/32146s01.dat
1 16 0 0 10 0.5 0.86603 0 0.86603 -0.5 0 0 0 1 parts/s/32146s01.dat
1 16 0 0 10 -0.5 0.86603 0 -0.86603 -0.5 0 0 0 1 parts/s/32146s01.dat
0 BFC INVERTNEXT
1 16 0 0 -10 6 0 0 0 0 -6 0 10 0 p/4-4cyli.dat
1 16 0 0 0 0 0 -1 -1 0 0 0 10 0 p/axl2hol8.dat
1 16 0 0 0 0 0 -1 -1 0 0 0 1 0 p/axl2hol9.dat
1 16 0 0 0 0 0 -1 -1 0 0 0 1 0 p/axl2ho10.dat
1 16 0 0 10 0 0 -1 -1 0 0 0 -1 0 p/axl2hol9.dat
1 16 0 0 10 0 0 -1 -1 0 0 0 -1 0 p/axl2ho10.dat
1 16 0 0 10 0 0 -1 -1 0 0 0 -1 0 p/axl2hol2.dat
1 16 0 0 0 0 0 -1 -1 0 0 0 -1 0 p/axl2hol3.dat
1 16 0 0 -10 6 0 0 0 0 -6 0 10 0 p/4-4edge.dat
1 16 0 0 -10 2 0 0 0 0 -2 0 1 0 p/4-4ring3.dat
1 16 0 0 10 -2 0 0 0 0 -2 0 -1 0 p/4-4ring3.dat
