0 BFC CERTIFY CCW
1 16 0 0 0 1 0 0 0 1 0 0 0 1 parts/s/32174s01.dat
1 16 0 0 0 1 0 0 0 -1 0 0 0 1 parts/s/32174s01.dat
1 16 0 0 0 -1 0 0 0 1 0 0 0 1 parts/s/32174s01.dat
1 16 0 0 0 -1 0 0 0 -1 0 0 0 1 parts/s/32174s01.dat
1 16 20 0 0 0 -1 0 1 0 0 0 0 1 p/axl5ho10.dat
1 16 20 0 0 0 -1 0 1 0 0 0 0 1 p/axl5hol9.dat
1 16 .25 0 0 0 -1 0 1 0 0 0 0 1 p/axl5hol9.dat
1 16 20 0 0 0 -1 0 1 0 0 0 0 1 p/axlehol2.dat
1 16 -20 0 0 0 1 0 1 0 0 0 0 -1 p/axl5ho10.dat
1 16 -20 0 0 0 1 0 1 0 0 0 0 -1 p/axl5hol9.dat
1 16 -.25 0 0 0 -1 0 1 0 0 0 0 1 p/axl5hol9.dat
1 16 -20 0 0 0 1 0 1 0 0 0 0 -1 p/axlehol2.dat
0 BFC INVERTNEXT
1 16 -.25 0 0 0 .5 0 0 0 2.75 2.75 0 0 p/4-4cylo.dat
1 16 0 -10 20 3 0 0 0 1 0 0 0 3 p/4-4ring2.dat
1 16 0 -10 20 1 0 0 0 1 0 0 0 1 p/4-4ring9.dat
1 16 0 -10 20 6 0 0 0 1 0 0 0 6 p/1-16chrd.dat
1 16 0 -10 20 -6 0 0 0 1 0 0 0 6 p/1-16chrd.dat
1 16 0 -10 20 6 0 0 0 1 0 0 0 -6 p/1-16chrd.dat
1 16 0 -10 20 -6 0 0 0 1 0 0 0 -6 p/1-16chrd.dat
1 16 0 -10 20 0 0 -1 0 20 0 1 0 0 p/axlehol5.dat
1 16 0 10 20 -3 0 0 0 -1 0 0 0 3 p/4-4ring2.dat
1 16 0 10 20 -1 0 0 0 -1 0 0 0 1 p/4-4ring9.dat
1 16 0 10 20 6 0 0 0 -1 0 0 0 6 p/1-16chrd.dat
1 16 0 10 20 -6 0 0 0 -1 0 0 0 6 p/1-16chrd.dat
1 16 0 10 20 6 0 0 0 -1 0 0 0 -6 p/1-16chrd.dat
1 16 0 10 20 -6 0 0 0 -1 0 0 0 -6 p/1-16chrd.dat
1 16 0 -10 20 -10 0 0 0 1 0 0 0 -10 p/4-4cyli.dat
1 16 0 -10 20 -10 0 0 0 1 0 0 0 -10 p/4-4edge.dat
1 16 0 -9 20 -10 0 0 0 1 0 0 0 -10 p/2-4edge.dat
1 16 0 -7 20 -10 0 0 0 1 0 0 0 10 p/2-4edge.dat
1 16 0 -7 20 -10 0 0 0 -2 0 0 0 10 p/2-4cyli.dat
1 16 0 10 20 10 0 0 0 -1 0 0 0 -10 p/4-4cyli.dat
1 16 0 10 20 10 0 0 0 -1 0 0 0 -10 p/4-4edge.dat
1 16 0 9 20 10 0 0 0 -1 0 0 0 -10 p/2-4edge.dat
1 16 0 7 20 10 0 0 0 -1 0 0 0 10 p/2-4edge.dat
1 16 0 7 20 10 0 0 0 2 0 0 0 10 p/2-4cyli.dat
1 16 0 7 20 -7.39 0 3.06 0 -14 0 3.06 0 7.39 p/3-8cyli.dat
1 16 0 7 20 -7.39 0 3.06 0 -1 0 3.06 0 7.39 p/3-8edge.dat
1 16 0 -7 20 -7.39 0 3.06 0 -1 0 3.06 0 7.39 p/3-8edge.dat
1 16 0 -9 20 -10 0 0 0 1 0 0 0 -10 p/2-4ndis.dat
1 16 0 9 20 10 0 0 0 -1 0 0 0 -10 p/2-4ndis.dat
4 16 -8 7 19 -10 7 20 -10 7 9 -8 7 9
4 16 -7.801 7 21 -8 7 20 -6 7 20 -5.8022 7 21
4 16 8 7 9 10 7 9 10 7 20 8 7 19
3 16 8 7 19 10 7 20 8 7 20
4 16 -5.8022 7 19 -6 7 20 -8 7 20 -8 7 19
3 16 -8 7 20 -10 7 20 -8 7 19
4 16 8 7 19 8 7 20 6 7 20 5.8022 7 19
4 16 8 7 20 7.801 7 21 5.8022 7 21 6 7 20
4 16 -8 -7 9 -10 -7 9 -10 -7 20 -8 -7 19
4 16 -5.8022 -7 19 -8 -7 19 -8 -7 20 -6 -7 20
4 16 8 -7 19 10 -7 20 10 -7 9 8 -7 9
3 16 8 -7 20 10 -7 20 8 -7 19
4 16 -7.801 -7 21 -5.8022 -7 21 -6 -7 20 -8 -7 20
3 16 -8 -7 19 -10 -7 20 -8 -7 20
4 16 8 -7 19 5.8022 -7 19 6 -7 20 8 -7 20
4 16 6 -7 20 5.8022 -7 21 7.801 -7 21 8 -7 20
1 16 0 7 20 2 0 0 0 1 0 0 0 2 p/2-4ring4.dat
1 16 0 7 20 8 0 0 0 1 0 0 0 8 p/1-16chrd.dat
1 16 0 7 20 -8 0 0 0 1 0 0 0 8 p/1-16chrd.dat
1 16 0 -7 20 -2 0 0 0 -1 0 0 0 2 p/2-4ring4.dat
1 16 0 -7 20 8 0 0 0 -1 0 0 0 8 p/1-16chrd.dat
1 16 0 -7 20 -8 0 0 0 -1 0 0 0 8 p/1-16chrd.dat
4 16 -10 -9 9 10 -9 9 10 -9 10 -10 -9 10
4 16 -10 9 10 10 9 10 10 9 9 -10 9 9
4 16 -6 -7 20 -6 -10 20 -5.6023 -10 18 -5.8022 -7 19
4 16 -5.8022 -7 19 -5.6023 -10 18 -5.6023 10 18 -5.8022 7 19
4 16 -5.8022 7 19 -5.6023 10 18 -6 10 20 -6 7 20
4 16 -6 7 20 -6 10 20 -5.6023 10 22 -5.8022 7 21
4 16 -5.8022 7 21 -5.6023 10 22 -5.6023 -10 22 -5.8022 -7 21
4 16 -5.8022 -7 21 -5.6023 -10 22 -6 -10 20 -6 -7 20
4 16 6 -7 20 6 -10 20 5.6023 -10 22 5.8022 -7 21
4 16 5.8022 -7 21 5.6023 -10 22 5.6023 10 22 5.8022 7 21
4 16 5.8022 7 21 5.6023 10 22 6 10 20 6 7 20
4 16 6 7 20 6 10 20 5.6023 10 18 5.8022 7 19
4 16 5.8022 7 19 5.6023 10 18 5.6023 -10 18 5.8022 -7 19
4 16 5.8022 -7 19 5.6023 -10 18 6 -10 20 6 -7 20
4 16 5.8022 7 21 7.937 7 21 7.937 -7 21 5.8022 -7 21
4 16 -5.8022 -7 21 -7.937 -7 21 -7.937 7 21 -5.8022 7 21
4 16 8 -7 19 8 7 19 5.8022 7 19 5.8022 -7 19
4 16 -8 7 19 -8 -7 19 -5.8022 -7 19 -5.8022 7 19
4 16 -8 7 9 -8 -7 9 -8 -7 19 -8 7 19
4 16 8 7 19 8 -7 19 8 -7 9 8 7 9
4 16 -7.937 7 21 -7.937 -7 21 -7.391 -7 23.06 -7.391 7 23.06
4 16 7.391 7 23.06 7.391 -7 23.06 7.937 -7 21 7.937 7 21
4 16 10 -7 9 10 7 9 8 7 9 8 -7 9
4 16 -8 -7 9 -8 7 9 -10 7 9 -10 -7 9
4 16 10 -7 9 10 -7 20 10 -9 20 10 -9 9
4 16 10 9 9 10 9 20 10 7 20 10 7 9
4 16 -10 -9 9 -10 -9 20 -10 -7 20 -10 -7 9
4 16 -10 7 9 -10 7 20 -10 9 20 -10 9 9
