0 BFC CERTIFY CCW
1 16 10 4 0 1 0 0 0 -1 0 0 0 1 stud4.dat
0 BFC INVERTNEXT
1 16 -26 6 0 0 52 0 -2 0 0 0 0 16 box3u2p.dat
3 16 -26 4 -6 -26 4 -16 -26 8 -16
4 16 -26 4 6 -26 4 -6 -26 8 -16 -26 8 16
3 16 -26 8 16 -26 4 16 -26 4 6
3 16 26 4 16 26 4 -16 -14 4 0
4 16 -26 4 -6 -14 4 0 26 4 -16 -26 4 -16
4 16 26 4 16 -14 4 0 -26 4 6 -26 4 16
4 16 -26 -64 6 -26 -64 -6 -26 4 -6 -26 4 6
0 BFC INVERTNEXT
1 16 -14 4 0 -12 0 -12 0 -68 0 -6 0 6 tri3a1.dat
4 16 30 8 20 26 8 16 -26 8 16 -30 8 20
4 16 -26 8 -16 26 8 -16 30 8 -20 -30 8 -20
4 16 26 8 -16 26 8 16 30 8 20 30 8 -20
4 16 -30 8 20 -26 8 16 -26 8 -16 -30 8 -20
1 16 -30 4 0 0 60 0 -4 0 0 0 0 20 box3u2p.dat
4 16 -30 0 -8 -30 0 8 -30 8 20 -30 8 -20
3 16 -30 0 8 -30 0 20 -30 8 20
3 16 -30 8 -20 -30 0 -20 -30 0 -8
4 16 -11.2346 0 -1.8478 30 0 -20 30 0 20 -11.2346 0 1.8478
4 16 -11.2346 0 -1.8478 -30 0 -8 -30 0 -20 30 0 -20
4 16 -30 0 20 -30 0 8 -11.2346 0 1.8478 30 0 20
1 16 20 0 0 1 0 0 0 1 0 0 0 1 stug-2x1.dat
1 16 -30 -34 0 0 1 0 -34 0 0 0 0 8 rect1.dat
1 16 -28 -68 8 -2 0 0 0 68 0 0 0 2 5-16cylo.dat
1 16 -28 -68 -8 -2 0 0 0 68 0 0 0 -2 5-16cylo.dat
1 16 -19.2346 -34 -5.8478 -8 -1 0 0 0 34 -4 0 0 rect2p.dat
1 16 -19.2346 -34 5.8478 8 -1 0 0 0 34 -4 0 0 rect2p.dat
1 16 -12 -68 0 0.76537 0 1.84776 0 68 0 1.84776 0 -0.76537 3-8cylo.dat
4 16 -27.2346 -68 -9.8478 -11.2346 -68 -1.8478 -11.2346 -68 1.8478 -27.2346 -68 9.8478
4 16 -27.2346 -68 -9.8478 -27.2346 -68 9.8478 -30 -68 8 -30 -68 -8
1 16 -12 -68 0 0.76537 0 1.84776 0 1 0 1.84776 0 -0.76537 3-8chrd.dat
1 16 -28 -68 8 -2 0 0 0 1 0 0 0 2 5-16chrd.dat
1 16 -28 -68 -8 -2 0 0 0 1 0 0 0 -2 5-16chrd.dat
1 16 -23 -68 0 1 0 0 0 1 0 0 0 1 stud.dat
