0 BFC CERTIFY CCW
1 16 0 -20 0 0 0 -1 0 1 0 1 0 0 p/bush0.dat
1 16 0 20 0 0 0 -1 0 1 0 1 0 0 p/bush0.dat
1 16 10 -20 0 0 1 0 9 0 0 0 0 9 p/4-4edge.dat
1 16 10 -20 0 0 -1 0 3 0 0 0 0 3 p/4-4ring2.dat
1 16 -10 -20 0 0 1 0 3 0 0 0 0 3 p/4-4ring2.dat
1 16 10 20 0 0 -1 0 3 0 0 0 0 3 p/4-4ring2.dat
1 16 -10 20 0 0 1 0 3 0 0 0 0 3 p/4-4ring2.dat
1 16 -10 -20 0 0 1 0 9 0 0 0 0 9 p/4-4edge.dat
1 16 7 -20 0 0 1 0 9 0 0 0 0 9 p/4-4edge.dat
1 16 -7 -20 0 0 1 0 9 0 0 0 0 9 p/4-4edge.dat
1 16 10 -20 0 0 -3 0 9 0 0 0 0 9 p/4-4cyli.dat
1 16 -10 -20 0 0 3 0 9 0 0 0 0 9 p/4-4cyli.dat
1 16 9 -20 0 0 1 0 0 0 9 9 0 0 p/2-4edge.dat
1 16 -9 -20 0 0 1 0 0 0 9 9 0 0 p/2-4edge.dat
1 16 9 -20 0 0 -1 0 0 0 9 9 0 0 p/2-4ndis.dat
1 16 7 -20 0 0 1 0 0 0 9 9 0 0 p/2-4ndis.dat
1 16 -7 -20 0 0 -1 0 0 0 9 9 0 0 p/2-4ndis.dat
1 16 -9 -20 0 0 1 0 0 0 9 9 0 0 p/2-4ndis.dat
0 BFC INVERTNEXT
1 16 0 0 8 6 0 0 0 0 6 0 -16 0 p/4-4cyli.dat
1 16 0 0 10 1 0 0 0 0 1 0 -1 0 p/peghole.dat
1 16 0 0 -10 1 0 0 0 0 1 0 1 0 p/peghole.dat
1 16 0 0 10 9 0 0 0 0 9 0 1 0 p/4-4edge.dat
1 16 0 0 -10 9 0 0 0 0 9 0 1 0 p/4-4edge.dat
1 16 0 0 10 9 0 0 0 0 9 0 -20 0 p/4-4cyli.dat
1 16 0 0 10 1 0 0 0 0 1 0 -1 0 p/4-4ring8.dat
1 16 0 0 -10 1 0 0 0 0 1 0 1 0 p/4-4ring8.dat
4 16 -9 -11 9 -9 11 9 -9 11 -9 -9 -11 -9
4 16 7 -11 9 7 -5.41 9 7 -5.41 -9 7 -11 -9
4 16 7 5.41 9 7 11 9 7 11 -9 7 5.41 -9
1 16 0 0 2 6.36396 0 -6.36396 -6.36396 0 -6.36396 0 1 0 p/1-4edge.dat
1 16 0 0 -2 6.36396 0 -6.36396 -6.36396 0 -6.36396 0 1 0 p/1-4edge.dat
4 16 -7 -9 2 -7 -13.42 2 7 -13.42 2 7 -9 2
4 16 7 -9 -2 7 -13.42 -2 -7 -13.42 -2 -7 -9 -2
4 16 9 0 9 7 -5.41 9 7 -20 9 9 -20 9
4 16 -9 -20 9 -7 -20 9 -7 -5.41 9 -9 0 9
4 16 9 -20 -9 7 -20 -9 7 -5.41 -9 9 0 -9
4 16 -9 0 -9 -7 -5.41 -9 -7 -20 -9 -9 -20 -9
1 16 -10 20 0 0 1 0 -9 0 0 0 0 9 p/4-4edge.dat
1 16 10 20 0 0 1 0 -9 0 0 0 0 9 p/4-4edge.dat
1 16 -7 20 0 0 1 0 -9 0 0 0 0 9 p/4-4edge.dat
1 16 7 20 0 0 1 0 -9 0 0 0 0 9 p/4-4edge.dat
1 16 -10 20 0 0 3 0 -9 0 0 0 0 9 p/4-4cyli.dat
1 16 10 20 0 0 -3 0 -9 0 0 0 0 9 p/4-4cyli.dat
1 16 -9 20 0 0 1 0 0 0 -9 9 0 0 p/2-4edge.dat
1 16 9 20 0 0 1 0 0 0 -9 9 0 0 p/2-4edge.dat
1 16 -9 20 0 0 1 0 0 0 -9 9 0 0 p/2-4ndis.dat
1 16 -7 20 0 0 -1 0 0 0 -9 9 0 0 p/2-4ndis.dat
1 16 7 20 0 0 1 0 0 0 -9 9 0 0 p/2-4ndis.dat
1 16 9 20 0 0 -1 0 0 0 -9 9 0 0 p/2-4ndis.dat
4 16 9 11 9 9 -11 9 9 -11 -9 9 11 -9
4 16 -7 11 9 -7 5.41 9 -7 5.41 -9 -7 11 -9
4 16 -7 -5.41 9 -7 -11 9 -7 -11 -9 -7 -5.41 -9
1 16 0 0 2 -6.36396 0 6.36396 6.36396 0 6.36396 0 1 0 p/1-4edge.dat
1 16 0 0 -2 -6.36396 0 6.36396 6.36396 0 6.36396 0 1 0 p/1-4edge.dat
4 16 7 9 2 7 13.42 2 -7 13.42 2 -7 9 2
4 16 -7 9 -2 -7 13.42 -2 7 13.42 -2 7 9 -2
4 16 -9 0 9 -7 5.41 9 -7 20 9 -9 20 9
4 16 9 20 9 7 20 9 7 5.41 9 9 0 9
4 16 -9 20 -9 -7 20 -9 -7 5.41 -9 -9 0 -9
4 16 9 0 -9 7 5.41 -9 7 20 -9 9 20 -9
3 16 0 -9 -2 -7 -9 -2 -3.45 -8.32 -2
3 16 7 -9 -2 0 -9 -2 3.45 -8.32 -2
3 16 -3.45 -8.32 -2 -7 -9 -2 -7 -5.41 -2
3 16 3.45 -8.32 -2 7 -5.41 -2 7 -9 -2
3 16 0 9 -2 7 9 -2 3.45 8.32 -2
3 16 -7 9 -2 0 9 -2 -3.45 8.32 -2
3 16 3.45 8.32 -2 7 9 -2 7 5.41 -2
3 16 -3.45 8.32 -2 -7 5.41 -2 -7 9 -2
3 16 0 9 2 -7 9 2 -3.45 8.32 2
3 16 7 9 2 0 9 2 3.45 8.32 2
3 16 -3.45 8.32 2 -7 9 2 -7 5.41 2
3 16 3.45 8.32 2 7 5.41 2 7 9 2
3 16 0 -9 2 7 -9 2 3.45 -8.32 2
3 16 -7 -9 2 0 -9 2 -3.45 -8.32 2
3 16 3.45 -8.32 2 7 -9 2 7 -5.41 2
3 16 -3.45 -8.32 2 -7 -5.41 2 -7 -9 2
1 16 6.5 20 0 0 -0.5 0 0 0 1 -1 0 0 p/4-4con7.dat
1 16 7 20 0 0 -0.5 0 0 0 1 -1 0 0 p/4-4con8.dat
1 16 -6.5 20 0 0 0.5 0 0 0 1 1 0 0 p/4-4con7.dat
1 16 -7 20 0 0 0.5 0 0 0 1 1 0 0 p/4-4con8.dat
1 16 6.5 -20 0 0 -0.5 0 0 0 -1 1 0 0 p/4-4con7.dat
1 16 7 -20 0 0 -0.5 0 0 0 -1 1 0 0 p/4-4con8.dat
1 16 -6.5 -20 0 0 0.5 0 0 0 -1 -1 0 0 p/4-4con7.dat
1 16 -7 -20 0 0 0.5 0 0 0 -1 -1 0 0 p/4-4con8.dat
