0 BFC CERTIFY CW
1 16 0 0 0 1 0 0 0 1 0 0 0 1 p/connhole.dat
1 16 40 0 40 0 0 -1 0 1 0 1 0 0 p/connhole.dat
1 16 120 0 120 0 0 -1 0 1 0 1 0 0 p/connhole.dat
1 16 80 0 80 0 0 -1 0 1 0 1 0 0 p/connhole.dat
1 16 140 0 120 0 0 -1 0 1 0 1 0 0 p/znap6.dat
1 16 80 0 80 -0.7071 0 -0.7071 0 1 0 0.7071 0 -0.7071 p/znap2.dat
1 16 120 0 120 0 0 -1 0 1 0 1 0 0 p/znap4.dat
1 16 100 0 100 0.7071 0 5.8579 0 1 0 -0.7071 0 5.8579 p/znap5.dat
1 16 134.571 0 110 -10.429 0 0 0 0 10 0 1 0 p/rect.dat
4 16 120 -10 130 120 10 130 145 10 130 145 -10 130
1 16 40 0 40 -0.7071 0 -0.7071 0 1 0 0.7071 0 -0.7071 p/znap2.dat
1 16 80 0 80 0.7071 0 0.7071 0 1 0 -0.7071 0 0.7071 p/znap2.dat
1 16 60 0 60 0.7071 0 5.8579 0 1 0 -0.7071 0 5.8579 p/znap5.dat
1 16 -120 0 40 0 0 -1 0 1 0 1 0 0 p/connhole.dat
1 16 -160 0 0 0 0 -1 0 1 0 1 0 0 p/connhole.dat
1 16 -160 0 -20 1 0 0 0 1 0 0 0 1 p/znap6.dat
1 16 -160 0 0 -1 0 0 0 -1 0 0 0 1 p/znap4.dat
1 16 -120 0 40 0 0 -1 0 1 0 1 0 0 p/znap4.dat
1 16 -140 0 20 0.7071 0 5.8579 0 1 0 -0.7071 0 5.8579 p/znap5.dat
1 16 -150 0 -14.5711 0 -1 0 0 0 10 -10.429 0 0 p/rect.dat
4 16 -170 -10 -25 -170 10 -25 -170 10 0 -170 -10 0
4 16 -167.071 10 7.0711 -127.071 10 47.0711 -127.071 -10 47.0711 -167.071 -10 7.0711
4 16 -150 10 -4.1421 -150 -10 -4.1421 -115.858 -10 30 -115.858 10 30
1 16 -40 0 40 0 0 1 0 -1 0 1 0 0 p/connhole.dat
1 16 0 0 -20 -1 0 0 0 -1 0 0 0 1 p/znap6.dat
1 16 -10 0 -14.571 0 1 0 0 0 -10 -10.429 0 0 p/rect.dat
4 16 10 10 -25 10 -10 -25 10 -10 -4.1421 10 10 -4.1421
1 16 -80 0 40 0 0 -1 0 1 0 1 0 0 p/connhole.dat
1 16 -100 0 40 0 0 -1 0 1 0 1 0 0 p/znap1.dat
1 16 -60 0 40 0 0 1 0 -1 0 1 0 0 p/znap1.dat
1 16 -80 0 30 35.8579 0 0 0 0 -10 0 1 0 p/rect.dat
1 16 20 0 40 0 0 -1 0 1 0 1 0 0 p/znap1.dat
1 16 0 0 40 1 0 0 0 1 0 0 0 1 p/connhole.dat
1 16 -20 0 40 0 0 -1 0 1 0 1 0 0 p/znap1.dat
4 16 35.8579 10 50 35.8579 -10 50 -120 -10 50 -120 10 50
4 16 35.8579 10 50 112.929 10 127.071 112.929 -10 127.071 35.8579 -10 50
4 16 10 -10 18.9944 6.36 -10 20.5021 6.36 -10 30 10 -10 30
4 16 -10 -10 30 -6.36 -10 30 -6.36 -10 20.5021 -10 -10 18.9944
4 16 10 10 30 6.36 10 30 6.36 10 20.5021 10 10 18.9944
4 16 -10 10 18.9944 -6.36 10 20.5021 -6.36 10 30 -10 10 30
4 16 -6.36 -10 30 -6.36 10 30 -6.36 10 20.5021 -6.36 -10 20.5021
4 16 6.36 -10 20.5021 6.36 10 20.5021 6.36 10 30 6.36 -10 30
4 16 0 -10 14.1421 -6.36 -10 20.5021 -6.36 10 20.5021 0 10 14.1421
4 16 0 10 14.1421 6.36 10 20.5021 6.36 -10 20.5021 0 -10 14.1421
4 16 -10 -10 -4.1421 -10 10 -4.1421 -44.1421 10 30 -44.1421 -10 30
4 16 -10 -10 18.9944 -10 10 18.9944 -10 10 30 -10 -10 30
4 16 0 -10 8.9944 0 10 8.9944 -10 10 18.9944 -10 -10 18.9944
4 16 10 10 18.9944 10 -10 18.9944 10 -10 30 10 10 30
4 16 0 10 8.9944 0 -10 8.9944 10 -10 18.9944 10 10 18.9944
1 16 -24.5 0 30 0 0 -14.5 10 0 0 0 1 0 p/rect.dat
1 16 24.5 0 30 0 0 -14.5 10 0 0 0 1 0 p/rect.dat
1 16 0 0 30 0 0 6.36 10 0 0 0 1 0 p/rect.dat
1 16 0 10 0 0 0 -9 0 1 0 9 0 0 p/1-4edge.dat
1 16 0 2 0 0 0 -9 0 1 0 9 0 0 p/1-4edge.dat
1 16 0 -2 0 0 0 -9 0 1 0 9 0 0 p/1-4edge.dat
1 16 0 -10 0 0 0 -9 0 1 0 9 0 0 p/1-4edge.dat
1 16 0 10 0 0 0 -9 0 -20 0 9 0 0 p/1-4cyli.dat
4 16 -18.9944 2 10 -8.9944 2 0 0 2 8.9944 -10 2 18.9944
4 16 -10 -2 18.9944 0 -2 8.9944 -8.9944 -2 0 -18.9944 -2 10
4 16 -18.9944 -2 10 -38.9944 -2 30 -10 -2 30 -10 -2 18.9944
4 16 -10 2 18.9944 -10 2 30 -38.9944 2 30 -18.9944 2 10
4 16 18.9944 -2 10 8.9944 -2 0 0 -2 8.9944 10 -2 18.9944
4 16 10 2 18.9944 0 2 8.9944 8.9944 2 0 18.9944 2 10
4 16 18.9944 2 10 38.9944 2 30 10 2 30 10 2 18.9944
4 16 10 -2 18.9944 10 -2 30 38.9944 -2 30 18.9944 -2 10
4 16 -8.9944 10 0 -8.9944 -10 0 -38.9944 -10 30 -38.9944 10 30
4 16 8.9944 -10 0 8.9944 10 0 38.9944 10 30 38.9944 -10 30
4 16 -10 10 18.9944 0 10 8.9944 0 10 14.1421 -6.36 10 20.5021
4 16 0 -10 14.1421 0 -10 8.9944 -10 -10 18.9944 -6.36 -10 20.5021
4 16 0 10 8.9944 10 10 18.9944 6.36 10 20.5021 0 10 14.1421
4 16 6.36 -10 20.5021 10 -10 18.9944 0 -10 8.9944 0 -10 14.1421
4 16 -6.3639 10 -6.3639 -8.9944 10 0 -38.9944 10 30 -43 10 30
4 16 -43 -10 30 -38.9944 -10 30 -8.9944 -10 0 -6.3639 -10 -6.3639
4 16 -7.071 10 -7.071 -6.3639 10 -6.3639 -43 10 30 -44.1421 10 30
4 16 -44.1421 -10 30 -43 -10 30 -6.3639 -10 -6.3639 -7.071 -10 -7.071
4 16 6.3639 -10 -6.3639 8.9944 -10 0 38.9944 -10 30 43 -10 30
4 16 43 10 30 38.9944 10 30 8.9944 10 0 6.3639 10 -6.3639
4 16 7.071 -10 -7.071 6.3639 -10 -6.3639 43 -10 30 44.1421 -10 30
4 16 44.1421 10 30 43 10 30 6.3639 10 -6.3639 7.071 10 -7.071
4 16 10 10 -4.1421 10 -10 -4.1421 124.142 -10 110 124.142 10 110
1 16 0 -10 0 0 0 9 0 1 0 9 0 0 p/1-4edge.dat
1 16 0 -2 0 0 0 9 0 1 0 9 0 0 p/1-4edge.dat
1 16 0 2 0 0 0 9 0 1 0 9 0 0 p/1-4edge.dat
1 16 0 10 0 0 0 9 0 1 0 9 0 0 p/1-4edge.dat
1 16 0 10 0 0 0 9 0 -20 0 9 0 0 p/1-4cyli.dat
4 16 46.364 10 33.636 40 10 31.0056 38.9944 10 30 43 10 30
4 16 47.0711 10 32.9289 46.364 10 33.636 43 10 30 44.1421 10 30
4 16 43 -10 30 38.9944 -10 30 40 -10 31.0056 46.364 -10 33.636
4 16 44.1421 -10 30 43 -10 30 46.364 -10 33.636 47.0711 -10 32.9289
1 16 10 0 -14.5711 0 -1 0 0 0 10 -10.429 0 0 p/rect.dat
