0 BFC CERTIFY CW
1 16 0 0 120 0 0 -1 0 1 0 1 0 0 znap4.dat
1 16 20 0 120 0 0 -1 0 1 0 1 0 0 znap6.dat
1 16 -120 0 -20 1 0 0 0 1 0 0 0 1 znap6.dat
1 16 -120 0 0 1 0 0 0 1 0 0 0 1 connhole.dat
1 16 -80 0 40 1 0 0 0 1 0 0 0 1 connhole.dat
1 16 -40 0 80 1 0 0 0 1 0 0 0 1 connhole.dat
1 16 0 0 120 1 0 0 0 1 0 0 0 1 connhole.dat
1 16 -120 0 0 -1 0 0 0 -1 0 0 0 1 znap4.dat
1 16 -100 0 20 -0.707107 0 5.85767 0 -1 0 0.707107 0 5.85767 znap5.dat
1 16 -60 0 60 -0.707107 0 5.85767 0 -1 0 0.707107 0 5.85767 znap5.dat
1 16 -20 0 100 -0.707107 0 5.85767 0 -1 0 0.707107 0 5.85767 znap5.dat
1 16 -80 0 40 -0.707107 0 0.707107 0 -1 0 0.707107 0 0.707107 znap2.dat
1 16 -80 0 40 0.707107 0 -0.707107 0 -1 0 -0.707107 0 -0.707107 znap2.dat
1 16 -40 0 80 0.707107 0 -0.707107 0 -1 0 -0.707107 0 -0.707107 znap2.dat
1 16 -40 0 80 -0.707107 0 0.707107 0 -1 0 0.707107 0 0.707107 znap2.dat
4 16 25 10 130 25 -10 130 0 -10 130 0 10 130
4 16 4.142 10 110 4.142 -10 110 25 -10 110 25 10 110
4 16 -130 10 0 -130 -10 0 -130 -10 -25 -130 10 -25
4 16 -110 10 -25 -110 -10 -25 -110 -10 -4.142 -110 10 -4.142
4 16 -47.0711 10 58.7868 -47.0711 -10 58.7868 -18.7868 -10 87.0711 -18.7868 10 87.0711
4 16 -32.9289 10 101.213 -32.9289 -10 101.213 -61.2132 -10 72.9289 -61.2132 10 72.9289
4 16 -87.0711 10 18.7868 -87.0711 -10 18.7868 -58.7868 -10 47.0711 -58.7868 10 47.0711
4 16 -72.9289 10 61.2132 -72.9289 -10 61.2132 -101.213 -10 32.9289 -101.213 10 32.9289
