0 BFC CERTIFY CW
1 16 0 0 40 0 0 -1 0 1 0 1 0 0 connhole.dat
1 16 -40 0 -20 1 0 0 0 1 0 0 0 1 znap6.dat
1 16 40 0 -20 1 0 0 0 1 0 0 0 1 znap6.dat
1 16 -40 0 0 1 0 0 0 1 0 0 0 1 connhole.dat
1 16 40 0 0 1 0 0 0 1 0 0 0 1 connhole.dat
4 16 -50 -10 0 -50 -10 -25 -50 10 -25 -50 10 0
4 16 -30 -10 -25 -30 -10 0 -30 10 0 -30 10 -25
4 16 30 -10 0 30 -10 -25 30 10 -25 30 10 0
4 16 50 -10 -25 50 -10 0 50 10 0 50 10 -25
1 16 0 -10 0 50 0 0 0 20 0 0 0 50 2-4cyli.dat
0 BFC INVERTNEXT
1 16 0 -10 0 30 0 0 0 20 0 0 0 30 2-4cyli.dat
4 16 -27.717 -10 11.481 -31.08 -10 12.874 -23.7868 -10 23.7868 -21.213 -10 21.213
4 16 -27.717 10 11.481 -21.213 10 21.213 -23.7868 10 23.7868 -31.08 10 12.874
4 16 -23.7868 -10 23.7868 -31.08 -10 12.874 -31.08 10 12.874 -23.7868 10 23.7868
4 16 -42.832 -2 17.742 -32.7812 -2 32.7812 -23.7868 -2 23.7868 -31.08 -2 12.874
4 16 -42.832 2 17.742 -31.08 2 12.874 -23.7868 2 23.7868 -32.7812 2 32.7812
4 16 -42.832 -10 17.742 -46.195 -10 19.135 -35.355 -10 35.355 -32.7812 -10 32.7812
4 16 -42.832 10 17.742 -32.7812 10 32.7812 -35.355 10 35.355 -46.195 10 19.135
4 16 -42.832 -10 17.742 -32.7812 -10 32.7812 -32.7812 10 32.7812 -42.832 10 17.742
4 16 -11.481 10 27.717 -12.874 10 31.08 -23.7868 10 23.7868 -21.213 10 21.213
4 16 -11.481 -10 27.717 -21.213 -10 21.213 -23.7868 -10 23.7868 -12.874 -10 31.08
4 16 -23.7868 10 23.7868 -12.874 10 31.08 -12.874 -10 31.08 -23.7868 -10 23.7868
4 16 -17.742 2 42.832 -32.7812 2 32.7812 -23.7868 2 23.7868 -12.874 2 31.08
4 16 -17.742 -2 42.832 -12.874 -2 31.08 -23.7868 -2 23.7868 -32.7812 -2 32.7812
4 16 -17.742 10 42.832 -19.135 10 46.195 -35.355 10 35.355 -32.7812 10 32.7812
4 16 -17.742 -10 42.832 -32.7812 -10 32.7812 -35.355 -10 35.355 -19.135 -10 46.195
4 16 -17.742 10 42.832 -32.7812 10 32.7812 -32.7812 -10 32.7812 -17.742 -10 42.832
4 16 11.481 -10 27.717 12.874 -10 31.08 23.7868 -10 23.7868 21.213 -10 21.213
4 16 11.481 10 27.717 21.213 10 21.213 23.7868 10 23.7868 12.874 10 31.08
4 16 23.7868 -10 23.7868 12.874 -10 31.08 12.874 10 31.08 23.7868 10 23.7868
4 16 17.742 -2 42.832 32.7812 -2 32.7812 23.7868 -2 23.7868 12.874 -2 31.08
4 16 17.742 2 42.832 12.874 2 31.08 23.7868 2 23.7868 32.7812 2 32.7812
4 16 17.742 -10 42.832 19.135 -10 46.195 35.355 -10 35.355 32.7812 -10 32.7812
4 16 17.742 10 42.832 32.7812 10 32.7812 35.355 10 35.355 19.135 10 46.195
4 16 17.742 -10 42.832 32.7812 -10 32.7812 32.7812 10 32.7812 17.742 10 42.832
4 16 27.717 10 11.481 31.08 10 12.874 23.7868 10 23.7868 21.213 10 21.213
4 16 27.717 -10 11.481 21.213 -10 21.213 23.7868 -10 23.7868 31.08 -10 12.874
4 16 23.7868 10 23.7868 31.08 10 12.874 31.08 -10 12.874 23.7868 -10 23.7868
4 16 42.832 2 17.742 32.7812 2 32.7812 23.7868 2 23.7868 31.08 2 12.874
4 16 42.832 -2 17.742 31.08 -2 12.874 23.7868 -2 23.7868 32.7812 -2 32.7812
4 16 42.832 10 17.742 46.195 10 19.135 35.355 10 35.355 32.7812 10 32.7812
4 16 42.832 -10 17.742 32.7812 -10 32.7812 35.355 -10 35.355 46.195 -10 19.135
4 16 42.832 10 17.742 32.7812 10 32.7812 32.7812 -10 32.7812 42.832 -10 17.742
3 16 -33.636 2 6.364 -31.08 2 12.874 -36.556 2 8.315
3 16 -43.444 2 8.315 -42.832 2 17.742 -44.9794 2 7.2891
3 16 -36.556 2 8.315 -42.832 2 17.742 -40 2 9
3 16 -40 2 9 -42.832 2 17.742 -43.444 2 8.315
3 16 -31.08 2 12.874 -42.832 2 17.742 -36.556 2 8.315
3 16 -32.52 2 4.6937 -31.08 2 12.874 -33.636 2 6.364
3 16 -33.636 -2 6.364 -36.556 -2 8.315 -31.08 -2 12.874
3 16 -43.444 -2 8.315 -44.9794 -2 7.2891 -42.832 -2 17.742
3 16 -36.556 -2 8.315 -40 -2 9 -42.832 -2 17.742
3 16 -40 -2 9 -43.444 -2 8.315 -42.832 -2 17.742
3 16 -31.08 -2 12.874 -36.556 -2 8.315 -42.832 -2 17.742
3 16 -32.52 -2 4.6937 -33.636 -2 6.364 -31.08 -2 12.874
4 16 -32.52 -10 4.6937 -32.52 10 4.6937 -31.08 10 12.874 -31.08 -10 12.874
4 16 -42.832 -10 17.742 -42.832 10 17.742 -44.9794 10 7.2891 -44.9794 -10 7.2891
3 16 -48.315 10 3.444 -46.195 10 19.135 -50 10 0
3 16 -48.315 10 3.444 -50 10 0 -49 10 0
3 16 -46.364 10 6.364 -46.195 10 19.135 -48.315 10 3.444
3 16 -46.364 10 6.364 -44.9794 10 7.2891 -46.195 10 19.135
3 16 -42.832 10 17.742 -46.195 10 19.135 -44.9794 10 7.2891
3 16 -48.315 -10 3.444 -50 -10 0 -46.195 -10 19.135
3 16 -48.315 -10 3.444 -49 -10 0 -50 -10 0
3 16 -46.364 -10 6.364 -48.315 -10 3.444 -46.195 -10 19.135
3 16 -46.364 -10 6.364 -46.195 -10 19.135 -44.9794 -10 7.2891
3 16 -42.832 -10 17.742 -44.9794 -10 7.2891 -46.195 -10 19.135
4 16 -31.08 10 12.874 -32.52 10 4.6937 -31.685 10 3.444 -27.717 10 11.481
4 16 -31.685 10 3.444 -31 10 0 -30 10 0 -27.717 10 11.481
4 16 -31.08 -10 12.874 -27.717 -10 11.481 -31.685 -10 3.444 -32.52 -10 4.6937
4 16 -31.685 -10 3.444 -27.717 -10 11.481 -30 -10 0 -31 -10 0
4 16 -33.636 -10 6.364 -33.636 10 6.364 -32.52 10 4.6937 -32.52 -10 4.6937
4 16 -36.556 -10 8.315 -36.556 10 8.315 -33.636 10 6.364 -33.636 -10 6.364
4 16 -40 -10 9 -40 10 9 -36.556 10 8.315 -36.556 -10 8.315
4 16 -43.444 -10 8.315 -43.444 10 8.315 -40 10 9 -40 -10 9
4 16 -44.9794 -10 7.2891 -44.9794 10 7.2891 -43.444 10 8.315 -43.444 -10 8.315
3 16 33.636 -2 6.364 31.08 -2 12.874 36.556 -2 8.315
3 16 43.444 -2 8.315 42.832 -2 17.742 44.9794 -2 7.2891
3 16 36.556 -2 8.315 42.832 -2 17.742 40 -2 9
3 16 40 -2 9 42.832 -2 17.742 43.444 -2 8.315
3 16 31.08 -2 12.874 42.832 -2 17.742 36.566 -2 8.315
3 16 32.52 -2 4.6937 31.08 -2 12.874 33.636 -2 6.364
3 16 33.636 2 6.364 36.556 2 8.315 31.08 2 12.874
3 16 43.444 2 8.315 44.9794 2 7.2891 42.832 2 17.742
3 16 36.556 2 8.315 40 2 9 42.832 2 17.742
3 16 40 2 9 43.444 2 8.315 42.832 2 17.742
3 16 31.08 2 12.874 36.556 2 8.315 42.832 2 17.742
3 16 32.52 2 4.6937 33.636 2 6.364 31.08 2 12.874
4 16 32.52 10 4.6937 32.52 -10 4.6937 31.08 -10 12.874 31.08 10 12.874
4 16 42.832 10 17.742 42.832 -10 17.742 44.9794 -10 7.2891 44.9794 10 7.2891
3 16 48.315 -10 3.444 46.195 -10 19.135 50 -10 0
3 16 48.315 -10 3.444 50 -10 0 49 -10 0
3 16 46.364 -10 6.364 46.195 -10 19.135 48.315 -10 3.444
3 16 46.364 -10 6.364 44.9794 -10 7.2891 46.195 -10 19.135
3 16 42.832 -10 17.742 46.195 -10 19.135 44.9794 -10 7.2891
3 16 48.315 10 3.444 50 10 0 46.195 10 19.135
3 16 48.315 10 3.444 49 10 0 50 10 0
3 16 46.364 10 6.364 48.315 10 3.444 46.195 10 19.135
3 16 46.364 10 6.364 46.195 10 19.135 44.9794 10 7.2891
3 16 42.832 10 17.742 44.9794 10 7.2891 46.195 10 19.135
4 16 31.08 -10 12.874 32.52 -10 4.6937 31.685 -10 3.444 27.717 -10 11.481
4 16 31.685 -10 3.444 31 -10 0 30 -10 0 27.717 -10 11.481
4 16 31.08 10 12.874 27.717 10 11.481 31.685 10 3.444 32.52 10 4.6937
4 16 31.685 10 3.444 27.717 10 11.481 30 10 0 31 10 0
4 16 33.636 10 6.364 33.636 -10 6.364 32.52 -10 4.6937 32.52 10 4.6937
4 16 36.556 10 8.315 36.556 -10 8.315 33.636 -10 6.364 33.636 10 6.364
4 16 40 10 9 40 -10 9 36.556 -10 8.315 36.556 10 8.315
4 16 43.444 10 8.315 43.444 -10 8.315 40 -10 9 40 10 9
4 16 44.9794 10 7.2891 44.9794 -10 7.2891 43.444 -10 8.315 43.444 10 8.315
4 16 -19.135 -10 46.195 0 -10 50 0 -10 49 -3.444 -10 48.315
3 16 -3.444 -10 48.315 -6.364 -10 46.364 -19.135 -10 46.195
4 16 -19.135 -10 46.195 -6.364 -10 46.364 -7.2891 -10 44.9794 -17.742 -10 42.832
4 16 -19.135 10 46.195 -3.444 10 48.315 0 10 49 0 10 50
3 16 -3.444 10 48.315 -19.135 10 46.195 -6.364 10 46.364
4 16 -19.135 10 46.195 -17.742 10 42.832 -7.2891 10 44.9794 -6.364 10 46.364
4 16 -11.481 -10 27.717 -3.444 -10 31.685 0 -10 31 0 -10 30
4 16 -12.874 -10 31.08 -4.6937 -10 32.52 -3.444 -10 31.685 -11.481 -10 27.717
4 16 -11.481 10 27.717 0 10 30 0 10 31 -3.444 10 31.685
4 16 -12.874 10 31.08 -11.481 10 27.717 -3.444 10 31.685 -4.6937 10 32.52
3 16 -7.2891 -2 44.9794 -8.315 -2 43.444 -17.742 -2 42.832
3 16 -8.315 -2 43.444 -9 -2 40 -17.742 -2 42.832
4 16 -9 -2 40 -8.315 -2 36.556 -12.874 -2 31.08 -17.742 -2 42.832
3 16 -8.315 -2 36.556 -6.364 -2 33.636 -12.874 -2 31.08
3 16 -6.364 -2 33.636 -4.6937 -2 32.52 -12.874 -2 31.08
3 16 -7.2891 2 44.9794 -17.742 2 42.832 -8.315 2 43.444
3 16 -8.315 2 43.444 -17.742 2 42.832 -9 2 40
4 16 -9 2 40 -17.742 2 42.832 -12.874 2 31.08 -8.315 2 36.556
3 16 -8.315 2 36.556 -12.874 2 31.08 -6.364 2 33.636
3 16 -6.364 2 33.636 -12.874 2 31.08 -4.6937 2 32.52
4 16 -7.2891 10 44.9794 -7.2891 -10 44.9794 -8.315 -10 43.444 -8.315 10 43.444
4 16 -8.315 10 43.444 -8.315 -10 43.444 -9 -10 40 -9 10 40
4 16 -9 10 40 -9 -10 40 -8.315 -10 36.556 -8.315 10 36.556
4 16 -8.315 10 36.556 -8.315 -10 36.556 -6.364 -10 33.636 -6.364 10 33.636
4 16 -6.364 10 33.636 -6.364 -10 33.636 -4.6937 -10 32.52 -4.6937 10 32.52
4 16 -12.874 -10 31.08 -12.874 10 31.08 -4.6937 10 32.52 -4.6937 -10 32.52
4 16 -7.2891 -10 44.9794 -7.2891 10 44.9794 -17.742 10 42.832 -17.742 -10 42.832
4 16 19.135 10 46.195 0 10 50 0 10 49 3.444 10 48.315
3 16 3.444 10 48.315 6.364 10 46.364 19.135 10 46.195
4 16 19.135 10 46.195 6.364 10 46.364 7.2891 10 44.9794 17.742 10 42.832
4 16 19.135 -10 46.195 3.444 -10 48.315 0 -10 49 0 -10 50
3 16 3.444 -10 48.315 19.135 -10 46.195 6.364 -10 46.364
4 16 19.135 -10 46.195 17.742 -10 42.832 7.2891 -10 44.9794 6.364 -10 46.364
4 16 11.481 10 27.717 3.444 10 31.685 0 10 31 0 10 30
4 16 12.874 10 31.08 4.6937 10 32.52 3.444 10 31.685 11.481 10 27.717
4 16 11.481 -10 27.717 0 -10 30 0 -10 31 3.444 -10 31.685
4 16 12.874 -10 31.08 11.481 -10 27.717 3.444 -10 31.685 4.6937 -10 32.52
3 16 7.2891 2 44.9794 8.315 2 43.444 17.742 2 42.832
3 16 8.315 2 43.444 9 2 40 17.742 2 42.832
4 16 9 2 40 8.315 2 36.556 12.874 2 31.08 17.742 2 42.832
3 16 8.315 2 36.556 6.364 2 33.636 12.874 2 31.08
3 16 6.364 2 33.636 4.6937 2 32.52 12.874 2 31.08
3 16 7.2891 -2 44.9794 17.742 -2 42.832 8.315 -2 43.444
3 16 8.315 -2 43.444 17.742 -2 42.832 9 -2 40
4 16 9 -2 40 17.742 -2 42.832 12.874 -2 31.08 8.315 -2 36.556
3 16 8.315 -2 36.556 12.874 -2 31.08 6.364 -2 33.636
3 16 6.364 -2 33.636 12.874 -2 31.08 4.6937 -2 32.52
4 16 7.2891 -10 44.9794 7.2891 10 44.9794 8.315 10 43.444 8.315 -10 43.444
4 16 8.315 -10 43.444 8.315 10 43.444 9 10 40 9 -10 40
4 16 9 -10 40 9 10 40 8.315 10 36.556 8.315 -10 36.556
4 16 8.315 -10 36.556 8.315 10 36.556 6.364 10 33.636 6.364 -10 33.636
4 16 6.364 -10 33.636 6.364 10 33.636 4.6937 10 32.52 4.6937 -10 32.52
4 16 12.874 10 31.08 12.874 -10 31.08 4.6937 -10 32.52 4.6937 10 32.52
4 16 7.2891 10 44.9794 7.2891 -10 44.9794 17.742 -10 42.832 17.742 10 42.832
