0 BFC CERTIFY CW
1 16 0 10 0 1 0 0 0 1 0 0 0 1 toothb12.dat
1 16 5 8.66 0 0.866 0.5 0 -0.5 0.866 0 0 0 1 toothb12.dat
1 16 8.66 5 0 0.5 0.866 0 -0.866 0.5 0 0 0 1 toothb12.dat
1 16 10 0 0 0 1 0 -1 0 0 0 0 1 toothb12.dat
1 16 8.66 -5 0 -0.5 0.866 0 -0.866 -0.5 0 0 0 1 toothb12.dat
1 16 5 -8.66 0 -0.866 0.5 0 -0.5 -0.866 0 0 0 1 toothb12.dat
1 16 0 -10 0 -1 0 0 0 -1 0 0 0 1 toothb12.dat
1 16 -5 -8.66 0 -0.866 -0.5 0 0.5 -0.866 0 0 0 1 toothb12.dat
1 16 -8.66 -5 0 -0.5 -0.866 0 0.866 -0.5 0 0 0 1 toothb12.dat
1 16 -10 0 0 0 -1 0 1 0 0 0 0 1 toothb12.dat
1 16 -8.66 5 0 0.5 -0.866 0 0.866 0.5 0 0 0 1 toothb12.dat
1 16 -5 8.66 0 0.866 -0.5 0 0.5 0.866 0 0 0 1 toothb12.dat
1 16 0 0 -10 10 0 0 0 0 10 0 20 0 48\4-4cyli.dat
1 16 0 0 10 2 0 0 0 0 2 0 -1 0 48\4-4ring4.dat
1 16 0 0 -10 -2 0 0 0 0 2 0 1 0 48\4-4ring4.dat
1 16 0 0 10 3 0 0 0 0 3 0 -1 0 4-4ring2.dat
1 16 0 0 -10 -3 0 0 0 0 3 0 1 0 4-4ring2.dat
1 16 0 0 -10 1 0 0 0 0 1 0 20 0 axl2hole.dat
