0 BFC CERTIFY CCW
1 16 0 0 0 1 0 0 0 1 0 0 0 1 s\32283s01.dat
1 16 0 0 0 -1 0 0 0 1 0 0 0 1 s\32283s01.dat
1 16 0 -10 -10 1 0 0 0 1 0 0 0 1 stug2-1x2.dat
1 16 0 10 -100 0 0 1 0 -1 0 1 0 0 stud4.dat
1 16 0 10 -80 0 0 1 0 -1 0 -1 0 0 stud4.dat
3 16 20 10 -120 20 14 -118 20 10 -118
3 16 16 10 -118 16 14 -118 16 10 -120
4 16 16 10 -120 16 14 -118 20 14 -118 20 10 -120
3 16 -16 10 -120 -16 14 -118 -16 10 -118
3 16 -20 10 -118 -20 14 -118 -20 10 -120
4 16 -20 10 -120 -20 14 -118 -16 14 -118 -16 10 -120
