0 BFC CERTIFY CW
1 16 0 0 10 8 0 0 0 0 -4 0 140 0 p/4-4cyli.dat
1 16 0 0 150 8 0 0 0 0 4 0 4.4 0 p/1-4cyls2.dat
1 16 0 0 150 -8 0 0 0 0 4 0 4.4 0 p/1-4cyls2.dat
1 16 0 0 150 -8 0 0 0 0 -4 0 4.4 0 p/1-4cyls2.dat
1 16 0 0 150 8 0 0 0 0 -4 0 4.4 0 p/1-4cyls2.dat
1 16 0 0 10 8 0 0 0 0 -4 0 -4.4 0 p/1-4cyls2.dat
1 16 0 0 10 -8 0 0 0 0 -4 0 -4.4 0 p/1-4cyls2.dat
1 16 0 0 10 -8 0 0 0 0 4 0 -4.4 0 p/1-4cyls2.dat
1 16 0 0 10 8 0 0 0 0 4 0 -4.4 0 p/1-4cyls2.dat
1 16 0 0 0 0 0 -1 0 1 0 1 0 0 parts/s/32293s01.dat
1 16 0 0 160 0 0 -1 0 1 0 1 0 0 parts/s/32293s01.dat
