0 BFC CERTIFY CCW
1 16 0 0 0 1 0 0 0 1 0 0 0 1 parts/s/32290s01.dat
1 16 0 0 0 -1 0 0 0 1 0 0 0 1 parts/s/32290s01.dat
1 16 0 89 -180 60 0 0 0 -1 0 0 0 -80 p/box4-1.dat
0 BFC INVERTNEXT
1 16 0 92 -161 -5 0 0 0 -1 0 0 0 9 p/box4-4a.dat
0 BFC INVERTNEXT
1 16 0 96 -170 36 0 0 0 -4 0 0 0 -66 p/box4.dat
1 16 -20 92 -120 1 0 0 0 -1 0 0 0 1 p/stud4.dat
1 16 0 92 -120 1 0 0 0 -1 0 0 0 1 p/stud4.dat
1 16 20 92 -120 1 0 0 0 -1 0 0 0 1 p/stud4.dat
1 16 -20 92 -140 1 0 0 0 -1 0 0 0 1 p/stud4.dat
1 16 0 92 -140 1 0 0 0 -1 0 0 0 1 p/stud4.dat
1 16 20 92 -140 1 0 0 0 -1 0 0 0 1 p/stud4.dat
1 16 -20 92 -160 1 0 0 0 -1 0 0 0 1 p/stud4.dat
1 16 20 92 -160 1 0 0 0 -1 0 0 0 1 p/stud4.dat
1 16 -20 92 -180 1 0 0 0 -1 0 0 0 1 p/stud4.dat
1 16 20 92 -180 1 0 0 0 -1 0 0 0 1 p/stud4.dat
1 16 -20 92 -200 1 0 0 0 -1 0 0 0 1 p/stud4.dat
1 16 0 92 -200 1 0 0 0 -1 0 0 0 1 p/stud4.dat
1 16 20 92 -200 1 0 0 0 -1 0 0 0 1 p/stud4.dat
1 16 -20 92 -220 1 0 0 0 -1 0 0 0 1 p/stud4.dat
1 16 0 92 -220 1 0 0 0 -1 0 0 0 1 p/stud4.dat
1 16 20 92 -220 1 0 0 0 -1 0 0 0 1 p/stud4.dat
