0 BFC CERTIFY CCW
1 16 0 0 0 0 0 1 0 1 0 -1 0 0 p/connect2.dat
1 16 0 0 0 0 0 9 0 1 0 -9 0 0 p/4-4disc.dat
1 16 0 4 0 0 0 6 0 -1 0 6 0 0 p/4-4disc.dat
0 BFC INVERTNEXT
1 16 0 14.5 0 0 0 3 0 1 1.5 -3 0 0 p/4-4ring2.dat
1 16 0 4 0 0 0 6 0 1 0 -6 0 0 p/4-4edge.dat
1 16 0 14.5 0 0 0 6 0 1 3 -6 0 0 p/4-4edge.dat
0 BFC INVERTNEXT
1 16 0 4 0 0 0 6 0 7.5 0 -6 0 0 p/4-4cyli.dat
0 BFC INVERTNEXT
1 16 0 11.5 0 0 0 6 0 3 0 -6 0 0 p/2-4cyli.dat
1 16 0 60 0 -6.12293 0 -14.7821 0 1 0 14.7821 0 -6.12293 p/3-8edge.dat
1 16 0 60 0 -4.5922 0 -11.0866 0 1 0 11.0866 0 -4.5922 p/3-8edge.dat
1 16 0 50 0 -4.5922 0 -11.0866 0 1 0 11.0866 0 -4.5922 p/3-8edge.dat
0 BFC INVERTNEXT
1 16 0 50 0 -4.5922 0 -11.0866 0 10 0 11.0866 0 -4.5922 p/3-8cyli.dat
1 16 0 60 0 -1.53073 0 -3.69552 0 -1 0 -3.69552 0 1.53073 p/3-8ring3.dat
4 16 -4.592 60 -11.086 55.321 60 -27.49 50 60 -30 -6.123 60 -14.782
3 16 55.321 60 -27.49 56.555 60 -28.315 50 60 -30
4 16 56.555 60 -28.315 60 60 -29 60 60 -30 50 60 -30
3 16 50 60 30 56.555 60 28.315 55.321 60 27.49
4 16 50 60 30 60 60 30 60 60 29 56.555 60 28.315
4 16 -6.123 60 14.782 50 60 30 55.321 60 27.49 -4.592 60 11.086
1 16 0 50 0 -1.53073 0 -3.69552 0 1 0 3.69552 0 -1.53073 p/3-8ring3.dat
1 16 0 50 0 -6.12293 0 -14.7821 0 1 0 14.7821 0 -6.12293 p/3-8edge.dat
1 16 0 50 0 -6.12293 0 -14.7821 0 10 0 14.7821 0 -6.12293 p/3-8cyli.dat
1 16 20 0 0 1 0 0 0 1 0 0 0 1 p/peghole.dat
1 16 20 0 0 1 0 0 0 1 0 0 0 1 p/4-4ring8.dat
1 16 20 20 0 1 0 0 0 -1 0 0 0 -1 p/4-4ring8.dat
1 16 20 20 0 -1 0 0 0 -1 0 0 0 1 p/peghole.dat
1 16 60 40 -20 1 0 0 0 1 0 0 0 1 p/peghole.dat
1 16 60 40 -20.001 0 0 2 0 1 0 -2 0 0 p/4-4ring4.dat
1 16 60 40 19.999 0 0 2 0 1 0 -2 0 0 p/4-4ring4.dat
1 16 60 60 19.999 0 0 2 0 -1 0 2 0 0 p/2-4ring4.dat
1 16 60 60 19.999 0 0 -1 0 -1 0 -1 0 0 p/2-4ring8.dat
1 16 60 40 -20 0 0 10 0 20 0 -10 0 0 p/2-4cyli.dat
1 16 60 40 20 0 0 10 0 20 0 -10 0 0 p/2-4cyli.dat
0 BFC INVERTNEXT
1 16 60 42 -20 0 0 6 0 16 0 -6 0 0 p/4-4cyli.dat
0 BFC INVERTNEXT
1 16 60 42 20 0 0 6 0 16 0 -6 0 0 p/4-4cyli.dat
1 16 60 40 -20 0 0 10 0 20 0 -10 0 0 p/2-4edge.dat
1 16 60 40 20 0 0 10 0 20 0 -10 0 0 p/2-4edge.dat
1 16 60 60 20 0 0 10 0 20 0 -10 0 0 p/2-4edge.dat
1 16 60 60 -20 0 0 10 0 20 0 -10 0 0 p/2-4edge.dat
1 16 60 40 -20 0 0 -10 0 20 0 10 0 0 p/2-4ndis.dat
1 16 60 40 20 0 0 -10 0 20 0 10 0 0 p/2-4ndis.dat
4 16 53.393 44 -14 46 44 -14 46 60 -14 53.393 60 -14
4 16 35 29 10 39 33 10 39 29 10 35 25 10
4 16 35 25 -10 39 29 -10 39 33 -10 35 29 -10
3 16 35 25 -17 35 29 -17 46.619 40.619 -25.076
3 16 46.619 40.619 -25.076 50 40 -30 35 25 -17
3 16 46.619 40.619 25.076 35 29 17 35 25 17
3 16 35 25 17 50 40 30 46.619 40.619 25.076
3 16 50 44 -14 46 40 -14 46 44 -14
3 16 46 44 14 46 40 14 50 44 14
4 16 53.393 60 14 46 60 14 46 44 14 53.393 44 14
4 16 39 33 10 39 33 -10 39 29 -10 39 29 10
4 16 50 44 -26 55.321 44 -27.49 55.321 60 -27.49 50 60 -26
4 16 50 60 26 55.321 60 27.49 55.321 44 27.49 50 44 26
4 16 50 60 -30 60 60 -30 60 40 -30 50 40 -30
4 16 -6.123 60 -14.782 50 60 -30 50 40 -30 -6.123 50 -14.782
4 16 -6.123 50 14.782 50 40 30 50 60 30 -6.123 60 14.782
4 16 50 40 10 50 40 -10 50 60 -10 50 60 10
4 16 46 60 14 46 60 -14 46 40 -14 46 40 14
4 16 50 60 10 60 60 10 60 40 10 50 40 10
4 16 50 40 30 60 40 30 60 60 30 50 60 30
4 16 50 40 -10 60 40 -10 60 60 -10 50 60 -10
3 16 53.393 44 -14 51.685 44 -16.556 50 44 -14
3 16 53.636 44 -26.364 55.321 44 -27.49 50 44 -26
3 16 51.685 44 -23.444 53.636 44 -26.364 50 44 -26
3 16 51 44 -20 51.685 44 -23.444 50 44 -26
3 16 51.685 44 -16.556 51 44 -20 50 44 -14
3 16 50 44 -26 50 44 -14 51 44 -20
3 16 50 44 14 51.685 44 16.556 53.393 44 14
3 16 50 44 26 55.321 44 27.49 53.636 44 26.364
3 16 50 44 26 53.636 44 26.364 51.685 44 23.444
3 16 50 44 26 51.685 44 23.444 51 44 20
3 16 50 44 14 51 44 20 51.685 44 16.556
3 16 51 44 20 50 44 14 50 44 26
1 16 60 60 -20 0 0 2 0 -1 0 2 0 0 p/2-4ring4.dat
1 16 60 60 -20 0 0 -1 0 -1 0 -1 0 0 p/2-4ring8.dat
1 16 60 60 -20 -1 0 0 0 -1 0 0 0 1 p/peghole.dat
1 16 60 40 20 1 0 0 0 1 0 0 0 1 p/peghole.dat
1 16 60 60 20 -1 0 0 0 -1 0 0 0 1 p/peghole.dat
1 16 10 0 0 0 0 1 0 8 0 -1 0 0 p/npeghol2.dat
1 16 20 0 0 0 0 1 0 1 0 -1 0 0 p/peghole.dat
1 16 20 20 0 0 0 1 0 -1 0 1 0 0 p/peghole.dat
1 16 20 20 0 0 0 9 0 -20 0 9 0 0 p/2-4cyli.dat
0 BFC INVERTNEXT
1 16 20 18 0 0 0 6 0 -16 0 6 0 0 p/4-4cyli.dat
1 16 0 10 0 0 0 -9 0 -10 0 -9 0 0 p/2-4cyli.dat
1 16 0 10 0 -9 0 0 0 4.5 0 0 0 9 p/1-4cyls.dat
1 16 0 10 0 -9 0 0 0 4.5 0 0 0 -9 p/1-4cyls.dat
0 BFC INVERTNEXT
1 16 0 11.5 0 -6 0 0 0 3 0 0 0 -6 p/1-4cyls.dat
0 BFC INVERTNEXT
1 16 0 11.5 0 -6 0 0 0 3 0 0 0 6 p/1-4cyls.dat
0 BFC INVERTNEXT
1 16 0 14.5 0 -6 0 0 0 3 0 0 0 6 p/1-4cyls2.dat
0 BFC INVERTNEXT
1 16 0 14.5 0 -6 0 0 0 3 0 0 0 -6 p/1-4cyls2.dat
1 16 0 14.5 0 0 0 -9 0 20 -4.5 9 0 0 p/2-4edge.dat
1 16 0 0 0 0 0 -9 0 -20 0 -9 0 0 p/2-4edge.dat
1 16 0 0 0 0 0 -6 0 -1 0 -6 0 0 p/4-4edge.dat
1 16 20 0 0 0 0 9 0 -20 0 9 0 0 p/2-4edge.dat
1 16 20 20 0 0 0 9 0 -20 0 9 0 0 p/2-4edge.dat
4 16 20 20 9 11 20 9 11 0 9 20 0 9
4 16 11 20 9 0 14.5 9 0 0 9 11 0 9
4 16 20 0 -9 11 0 -9 11 20 -9 20 20 -9
4 16 11 0 -9 0 0 -9 0 14.5 -9 11 20 -9
1 16 0 0 0 1 0 0 0 1 0 0 0 1 parts/s/32576s01.dat
1 16 0 0 0 1 0 0 0 1 0 0 0 1 parts/s/32576s03.dat
4 16 46 60 14 50 60 10 50 60 -10 46 60 -14
4 16 50 60 -10 53.636 60 -13.636 53.393 60 -14 46 60 -14
3 16 56.556 60 -11.685 53.636 60 -13.636 50 60 -10
4 16 60 60 -10 60 60 -11 56.556 60 -11.685 50 60 -10
4 16 46 60 14 53.393 60 14 53.636 60 13.636 50 60 10
3 16 50 60 10 53.636 60 13.636 56.556 60 11.685
4 16 50 60 10 56.556 60 11.685 60 60 11 60 60 10
1 16 60 60 20 0 0 -9 0 -16 0 9 0 0 p/2-4cyli.dat
1 16 60 60 -20 0 0 -9 0 -16 0 9 0 0 p/2-4cyli.dat
4 16 -4.592 50 -11.086 50 40 -26 50 60 -26 -4.592 60 -11.086
4 16 -4.592 60 11.086 50 60 26 50 40 26 -4.592 50 11.086
3 16 -6.123 50 -14.782 50 40 -30 50 40 -26
3 16 50 40 -26 -4.592 50 -11.086 -6.123 50 -14.782
3 16 50 40 26 50 40 30 -6.123 50 14.782
3 16 -6.123 50 14.782 -4.592 50 11.086 50 40 26
4 16 39 29 -10 50 40 -30 50 40 30 39 29 10
4 16 39 33 10 46 40 14 46 40 -14 39 33 -10
4 16 39 33 -10 46 40 -14 46.619 40.619 -25.076 35 29 -10
4 16 35 29 10 46.619 40.619 25.076 46 40 14 39 33 10
3 16 35 29 10 35 29 17 46.619 40.619 25.076
3 16 46.619 40.619 -25.076 35 29 -17 35 29 -10
4 16 46.619 40.619 -14 50 44 -14 50 44 -26 46.619 40.619 -25.076
4 16 46.619 40.619 25.076 50 44 26 50 44 14 46.619 40.619 14
3 16 46 40 -14 46.619 40.619 -14 46.619 40.619 -25.076
3 16 46.619 40.619 25.076 46.619 40.619 14 46 40 14
4 16 35 25 10 39 29 10 50 40 30 35 25 17
4 16 35 25 -17 50 40 -30 39 29 -10 35 25 -10
1 16 0 50 -16.4 0 0.258819 -3.8637 4 0 0 0 0.965926 1.03528 p/4-4edge.dat
1 16 -0.133 50 -16.883 0 0.258819 -3.8637 4 0 0 0 0.965926 1.03528 p/4-4edge.dat
1 16 -0.133 50 -16.883 0 0.258819 -3.8637 4 0 0 0 0.965926 1.03528 p/4-4disc.dat
1 16 -0.133 50 -16.883 0 0.12941 -3.8637 4 0 0 0 0.482963 1.03528 p/4-4cyli.dat
1 16 0 50 16.4 0 0.258819 -3.8637 -4 0 0 0 -0.965926 -1.03528 p/4-4edge.dat
1 16 -0.133 50 16.883 0 0.258819 -3.8637 -4 0 0 0 -0.965926 -1.03528 p/4-4edge.dat
1 16 -0.133 50 16.883 0 0.258819 -3.8637 -4 0 0 0 -0.965926 -1.03528 p/4-4disc.dat
1 16 -0.133 50 16.883 0 0.12941 -3.8637 -4 0 0 0 -0.482963 -1.03528 p/4-4cyli.dat
1 16 0 0 0 1 0 0 0 1 0 0 0 1 parts/s/32576s02.dat
1 16 0 0 0 1 0 0 0 1 0 0 0 -1 parts/s/32576s02.dat
