0 BFC CERTIFY CCW
1 16 0 0 0 4 0 0 0 -8 0 0 0 4 p/4-4cylo.dat
0 BFC INVERTNEXT
1 16 0 0 0 2 0 0 0 -9 0 0 0 2 p/4-4cyli.dat
1 16 0 0 0 2 0 0 0 -1 0 0 0 2 p/4-4edge.dat
1 16 0 0 0 2 0 0 0 -1 0 0 0 2 p/4-4ring1.dat
1 16 0 0 0 1 0 0 0 1 0 0 0 1 parts/s/32606s01.dat
1 16 0 0 0 -1 0 0 0 1 0 0 0 1 parts/s/32606s01.dat
1 16 0 0 0 0.62349 0 0.78183 0 1 0 -0.78183 0 0.62349 parts/s/32606s02.dat
1 16 0 0 0 -0.62349 0 0.78183 0 1 0 0.78183 0 0.62349 parts/s/32606s02.dat
3 16 -5.421 -8 1.5105 -6.5304 -9.0698 1.8836 -4.3001 -8 3.4292
3 16 -6.5304 -9.0698 1.8836 -8.1871 -10.1098 2.7931 -7.3463 -10.29 3.9399
3 16 -6.5304 -9.0698 1.8836 -7.3463 -10.29 3.9399 -5.3165 -9.03 4.2397
3 16 -5.3165 -9.03 4.2397 -4.3001 -8 3.4292 -6.5304 -9.0698 1.8836
3 16 -8.1871 -10.1098 2.7931 -9.5786 -10.6198 3.6749 -7.3463 -10.29 3.9399
3 16 -9.5786 -10.6198 3.6749 -8.6595 -10.6 4.8593 -7.3463 -10.29 3.9399
4 16 -8.6595 -10.6 4.8593 -9.5786 -10.6198 3.6749 -10.4399 -10.45 4.8721 -9.473 -10.47 5.7638
4 16 -9.473 -10.47 5.7638 -10.4399 -10.45 4.8721 -10.9259 -10.17 6.0271 -9.4275 -10.33 6.6229
3 16 -10.9259 -10.17 6.0271 -10.4904 -9.93 7.2147 -9.4275 -10.33 6.6229
4 16 -9.0692 -10.19 7.2325 -9.4275 -10.33 6.6229 -10.4904 -9.93 7.2147 -10.0074 -9.75 7.9807
3 16 -8.6595 -10.6 4.8593 -8.131 -10.4 6.4843 -6.6456 -10.11 5.2997
3 16 -7.3463 -10.29 3.9399 -8.6595 -10.6 4.8593 -6.6456 -10.11 5.2997
3 16 -7.3463 -10.29 3.9399 -6.6456 -10.11 5.2997 -5.3165 -9.03 4.2397
3 16 -8.6595 -10.6 4.8593 -9.473 -10.47 5.7638 -8.131 -10.4 6.4843
3 16 -9.473 -10.47 5.7638 -9.4275 -10.33 6.6229 -8.131 -10.4 6.4843
3 16 -9.4275 -10.33 6.6229 -9.0692 -10.19 7.2325 -8.131 -10.4 6.4843
3 16 -3.4689 -10.4601 1.039 -2.1568 -9.4 0.6955 -1.72 -9.4 1.3717
3 16 -2.7364 -10.29 2.1822 -3.7528 -11.1 2.9928 -4.7811 -11.38 1.3826
3 16 -3.4689 -10.4601 1.039 -1.72 -9.4 1.3717 -2.7364 -10.29 2.1822
3 16 -2.7364 -10.29 2.1822 -4.7811 -11.38 1.3826 -3.4689 -10.4601 1.039
3 16 -4.7811 -11.38 1.3826 -3.7528 -11.1 2.9928 -5.0819 -13.16 4.0527
3 16 -5.0819 -13.16 4.0527 -7.1404 -13.56 2.113 -4.7811 -11.38 1.3826
3 16 -7.1404 -13.56 2.113 -5.0819 -13.16 4.0527 -7.5956 -14.18 3.6271
3 16 -7.5956 -14.18 3.6271 -8.7031 -14.03 2.6196 -7.1404 -13.56 2.113
3 16 -8.8614 -14.32 4.1249 -8.7031 -14.03 2.6196 -7.5956 -14.18 3.6271
3 16 -9.86 -14.09 3.5143 -8.7031 -14.03 2.6196 -8.8614 -14.32 4.1249
3 16 -8.8614 -14.32 4.1249 -9.7531 -14.18 5.0918 -10.9704 -13.97 4.5277
3 16 -10.9704 -13.97 4.5277 -9.86 -14.09 3.5143 -8.8614 -14.32 4.1249
3 16 -10.2232 -14.07 6.1062 -10.9704 -13.97 4.5277 -9.7531 -14.18 5.0918
3 16 -11.5345 -13.67 5.745 -10.9704 -13.97 4.5277 -10.2232 -14.07 6.1062
3 16 -11.3336 -13.3 7.1197 -11.5345 -13.67 5.745 -10.2232 -14.07 6.1062
3 16 -11.3336 -13.3 7.1197 -10.2232 -14.07 6.1062 -9.8966 -13.89 6.9969
4 16 -10.5547 -13 8.4171 -11.3336 -13.3 7.1197 -9.8966 -13.89 6.9969 -9.5383 -13.75 7.6066
3 16 -9.5383 -13.75 7.6066 -9.8966 -13.89 6.9969 -8.4438 -14.1 6.7337
3 16 -9.8966 -13.89 6.9969 -10.2232 -14.07 6.1062 -8.4438 -14.1 6.7337
3 16 -8.4438 -14.1 6.7337 -10.2232 -14.07 6.1062 -9.7531 -14.18 5.0918
3 16 -8.4438 -14.1 6.7337 -9.7531 -14.18 5.0918 -8.8614 -14.32 4.1249
3 16 -8.8614 -14.32 4.1249 -6.411 -13.88 5.1126 -8.4438 -14.1 6.7337
3 16 -8.8614 -14.32 4.1249 -7.5956 -14.18 3.6271 -6.411 -13.88 5.1126
3 16 -6.411 -13.88 5.1126 -7.5956 -14.18 3.6271 -5.0819 -13.16 4.0527
3 16 -10.5547 -13 8.4171 -10.0074 -9.75 7.9807 -11.3336 -13.3 7.1197
3 16 -11.3336 -13.3 7.1197 -10.0074 -9.75 7.9807 -10.4904 -9.93 7.2147
3 16 -11.3336 -13.3 7.1197 -10.4904 -9.93 7.2147 -10.9259 -10.17 6.0271
3 16 -10.9259 -10.17 6.0271 -11.5345 -13.67 5.745 -11.3336 -13.3 7.1197
3 16 -11.5345 -13.67 5.745 -10.9259 -10.17 6.0271 -10.9704 -13.97 4.5277
3 16 -10.9704 -13.97 4.5277 -10.9259 -10.17 6.0271 -10.4399 -10.45 4.8721
3 16 -10.9704 -13.97 4.5277 -10.4399 -10.45 4.8721 -9.5786 -10.6198 3.6749
3 16 -9.5786 -10.6198 3.6749 -9.86 -14.09 3.5143 -10.9704 -13.97 4.5277
3 16 -9.5786 -10.6198 3.6749 -8.1871 -10.1098 2.7931 -8.1871 -11.526 2.6931
3 16 -9.5786 -10.6198 3.6749 -8.1871 -11.526 2.6931 -8.5179 -12.5489 2.5707
3 16 -3.2895 -8.4302 5.9476 -2.6789 -8 4.949 -4.3001 -8 3.4292
3 16 -4.4474 -9.3102 7.3826 -3.2895 -8.4302 5.9476 -5.4758 -9.69 6.2854
3 16 -5.4758 -9.69 6.2854 -3.2895 -8.4302 5.9476 -5.3165 -9.03 4.2397
3 16 -4.3001 -8 3.4292 -5.3165 -9.03 4.2397 -3.2895 -8.4302 5.9476
3 16 -5.7142 -9.3802 8.5207 -4.4474 -9.3102 7.3826 -5.4758 -9.69 6.2854
3 16 -6.6644 -9.96 7.3611 -5.7142 -9.3802 8.5207 -5.4758 -9.69 6.2854
4 16 -7.0731 -9.37 9.094 -5.7142 -9.3802 8.5207 -6.6644 -9.96 7.3611 -7.7273 -9.91 7.953
4 16 -8.3072 -9.33 9.3108 -7.0731 -9.37 9.094 -7.7273 -9.91 7.953 -8.5546 -10.05 7.7174
3 16 -9.3681 -9.57 8.622 -8.3072 -9.33 9.3108 -8.5546 -10.05 7.7174
4 16 -9.3681 -9.57 8.622 -8.5546 -10.05 7.7174 -9.0692 -10.19 7.2325 -10.0074 -9.75 7.9807
3 16 -8.131 -10.4 6.4843 -6.6644 -9.96 7.3611 -6.6456 -10.11 5.2997
3 16 -6.6644 -9.96 7.3611 -5.4758 -9.69 6.2854 -6.6456 -10.11 5.2997
3 16 -6.6456 -10.11 5.2997 -5.4758 -9.69 6.2854 -5.3165 -9.03 4.2397
3 16 -7.7273 -9.91 7.953 -6.6644 -9.96 7.3611 -8.131 -10.4 6.4843
3 16 -8.5546 -10.05 7.7174 -7.7273 -9.91 7.953 -8.131 -10.4 6.4843
3 16 -9.0692 -10.19 7.2325 -8.5546 -10.05 7.7174 -8.131 -10.4 6.4843
3 16 -1.158 -9.4 1.948 -1.7849 -10.1199 3.1508 -1.72 -9.4 1.3717
3 16 -3.7528 -11.1 2.9928 -2.7364 -10.29 2.1822 -2.4118 -11.02 4.3535
3 16 -1.72 -9.4 1.3717 -1.7849 -10.1199 3.1508 -2.7364 -10.29 2.1822
3 16 -2.4118 -11.02 4.3535 -2.7364 -10.29 2.1822 -1.7849 -10.1199 3.1508
3 16 -3.7528 -11.1 2.9928 -2.4118 -11.02 4.3535 -5.0819 -13.16 4.0527
3 16 -3.6489 -12.64 6.4912 -5.0819 -13.16 4.0527 -2.4118 -11.02 4.3535
4 16 -5.0819 -13.16 4.0527 -3.6489 -12.64 6.4912 -5.2264 -13.42 6.5981 -6.411 -13.88 5.1126
3 16 -4.5881 -12.71 7.8797 -5.2264 -13.42 6.5981 -3.6489 -12.64 6.4912
3 16 -4.5881 -12.71 7.8797 -5.9934 -13.4 7.7214 -5.2264 -13.42 6.5981
3 16 -4.5881 -12.71 7.8797 -5.6203 -12.73 8.8308 -5.9934 -13.4 7.7214
3 16 -7.1345 -13.34 8.3755 -5.9934 -13.4 7.7214 -6.8554 -12.65 9.6878
3 16 -5.6203 -12.73 8.8308 -6.8554 -12.65 9.6878 -5.9934 -13.4 7.7214
3 16 -6.8554 -12.65 9.6878 -8.228 -13.43 8.6081 -7.1345 -13.34 8.3755
3 16 -6.8554 -12.65 9.6878 -8.1677 -12.59 9.9669 -8.228 -13.43 8.6081
3 16 -8.1677 -12.59 9.9669 -9.4631 -12.7 9.4652 -8.228 -13.43 8.6081
3 16 -8.228 -13.43 8.6081 -9.4631 -12.7 9.4652 -9.0237 -13.61 8.0915
4 16 -9.0237 -13.61 8.0915 -9.4631 -12.7 9.4652 -10.5547 -13 8.4171 -9.5383 -13.75 7.6066
3 16 -9.0237 -13.61 8.0915 -9.5383 -13.75 7.6066 -8.4438 -14.1 6.7337
3 16 -8.228 -13.43 8.6081 -9.0237 -13.61 8.0915 -8.4438 -14.1 6.7337
3 16 -8.228 -13.43 8.6081 -8.4438 -14.1 6.7337 -7.1345 -13.34 8.3755
3 16 -7.1345 -13.34 8.3755 -8.4438 -14.1 6.7337 -5.9934 -13.4 7.7214
3 16 -6.411 -13.88 5.1126 -5.9934 -13.4 7.7214 -8.4438 -14.1 6.7337
3 16 -5.2264 -13.42 6.5981 -5.9934 -13.4 7.7214 -6.411 -13.88 5.1126
3 16 -10.0074 -9.75 7.9807 -10.5547 -13 8.4171 -9.4631 -12.7 9.4652
3 16 -10.0074 -9.75 7.9807 -9.4631 -12.7 9.4652 -9.3681 -9.57 8.622
3 16 -9.3681 -9.57 8.622 -9.4631 -12.7 9.4652 -8.3072 -9.33 9.3108
3 16 -8.1677 -12.59 9.9669 -8.3072 -9.33 9.3108 -9.4631 -12.7 9.4652
3 16 -8.3072 -9.33 9.3108 -8.1677 -12.59 9.9669 -6.8554 -12.65 9.6878
3 16 -8.3072 -9.33 9.3108 -6.8554 -12.65 9.6878 -7.0731 -9.37 9.094
3 16 -7.0731 -9.37 9.094 -6.8554 -12.65 9.6878 -5.7142 -9.3802 8.5207
3 16 -5.6203 -12.73 8.8308 -5.7142 -9.3802 8.5207 -6.8554 -12.65 9.6878
3 16 -5.7142 -9.3802 8.5207 -5.6203 -12.73 8.8308 -4.4474 -9.3102 7.3826
3 16 -5.6203 -12.73 8.8308 -4.5881 -12.71 7.8797 -4.4936 -12.0189 7.6384
1 16 0 0 0 -0.22252 0 0.97493 0 1 0 -0.97493 0 -0.22252 parts/s/32606s01.dat
1 16 0 0 0 0.22252 0 0.97493 0 1 0 0.97493 0 -0.22252 parts/s/32606s01.dat
1 16 0 0 0 -0.90097 0 0.43388 0 1 0 -0.43388 0 -0.90097 parts/s/32606s02.dat
1 16 0 0 0 0.90097 0 0.43388 0 1 0 0.43388 0 -0.90097 parts/s/32606s02.dat
1 16 0 0 0 -0.90097 0 -0.43388 0 1 0 0.43388 0 -0.90097 parts/s/32606s01.dat
1 16 0 0 0 0.90097 0 -0.43388 0 1 0 -0.43388 0 -0.90097 parts/s/32606s01.dat
1 16 0 0 0 -0.22252 0 -0.97493 0 1 0 0.97493 0 -0.22252 parts/s/32606s02.dat
1 16 0 0 0 0.22252 0 -0.97493 0 1 0 -0.97493 0 -0.22252 parts/s/32606s02.dat
3 16 -4.3474 -11.226 7.3826 -2.999 -11.526 8.0801 -3.2895 -10.206 5.9476
3 16 -3.2895 -10.206 5.9476 -2.999 -11.526 8.0801 -2.599 -10.206 6.2801
4 16 -2.6789 -8 4.949 -3.2895 -10.206 5.9476 -2.599 -10.206 6.2801 -2.199 -8 5.1801
4 16 -1.158 -9.4 1.948 -0.801 -9.4 2.1199 -1.3505 -9.618 3.36 -1.7849 -9.618 3.1508
3 16 -1.7849 -9.618 3.1508 -1.3505 -9.618 3.36 -2.4118 -10.78 4.3535
3 16 -2.4118 -10.78 4.3535 -1.3505 -9.618 3.36 -1.9 -10.88 4.6
3 16 -2.4118 -10.78 4.3535 -1.9 -10.88 4.6 -2.8 -12.32 6.9
3 16 -3.6489 -12.22 6.4912 -2.4118 -10.78 4.3535 -2.8 -12.32 6.9
3 16 -3.6489 -12.22 6.4912 -2.8 -12.32 6.9 -3.301 -12.5489 8.2624
3 16 -3.6489 -12.22 6.4912 -3.301 -12.5489 8.2624 -4.4936 -12.0189 7.6384
3 16 -4.4936 -12.0189 7.6384 -3.301 -12.5489 8.2624 -2.999 -11.526 8.0801
3 16 -4.4936 -12.0189 7.6384 -2.999 -11.526 8.0801 -4.3474 -11.226 7.3826
4 16 -1.7849 -10.1199 3.1508 -1.158 -9.4 1.948 -1.7849 -9.618 3.1508 -2.4118 -10.78 4.3535
3 16 -1.7849 -10.1199 3.1508 -2.4118 -10.78 4.3535 -2.4118 -11.02 4.3535
4 16 -2.4118 -11.02 4.3535 -2.4118 -10.78 4.3535 -3.6489 -12.22 6.4912 -3.6489 -12.64 6.4912
3 16 -3.6489 -12.64 6.4912 -3.6489 -12.22 6.4912 -4.5881 -12.71 7.8797
3 16 -3.2895 -8.4302 5.9476 -4.4474 -9.3102 7.3826 -3.2895 -10.206 5.9476
3 16 -2.6789 -8 4.949 -3.2895 -8.4302 5.9476 -3.2895 -10.206 5.9476
3 16 -6.5304 -10.206 1.8836 -6.5304 -9.0698 1.8836 -5.421 -8 1.5105
3 16 -6.5304 -9.0698 1.8836 -6.5304 -10.206 1.8836 -8.1871 -10.1098 2.7931
3 16 -8.1871 -10.1098 2.7931 -6.5304 -10.206 1.8836 -8.1871 -11.526 2.6931
3 16 -8.5179 -12.5489 2.5707 -9.86 -14.09 3.5143 -9.5786 -10.6198 3.6749
3 16 -8.5179 -12.5489 2.5707 -8.7031 -14.03 2.6196 -9.86 -14.09 3.5143
4 16 -7.1404 -13.56 2.113 -8.7031 -14.03 2.6196 -8.5179 -12.5489 2.5707 -7.1404 -12.32 2.113
4 16 -4.7811 -11.38 1.3826 -7.1404 -13.56 2.113 -7.1404 -12.32 2.113 -4.7811 -10.88 1.3826
4 16 -4.7811 -11.38 1.3826 -4.7811 -10.88 1.3826 -3.4689 -9.618 1.039 -3.4689 -10.4601 1.039
3 16 -3.4689 -10.4601 1.039 -3.4689 -9.618 1.039 -2.1568 -9.4 0.6955
3 16 -2.1448 -9.4 -0.4895 -1.8885 -9.4 -1.2526 -1.8478 -9 -0.7654
3 16 -1.8478 -9 -0.7654 -1.8885 -9.4 -1.2526 -1.4142 -9 -1.4142
3 16 -1.4142 -9 -1.4142 -1.8885 -9.4 -1.2526 -1.6415 -9.4 -1.5624
3 16 -1.4142 -9 -1.4142 -1.6415 -9.4 -1.5624 -0.7654 -9 -1.8478
3 16 -0.7654 -9 -1.8478 -1.6415 -9.4 -1.5624 -0.9545 -9.4 -1.9821
3 16 -0.7654 -9 -1.8478 -0.9545 -9.4 -1.9821 -0.1981 -9.4 -2.2575
3 16 -0.7654 -9 -1.8478 -0.1981 -9.4 -2.2575 0 -9 -2
3 16 0 -9 -2 -0.1981 -9.4 -2.2575 0.1981 -9.4 -2.2575
3 16 0 -9 -2 0.1981 -9.4 -2.2575 0.7654 -9 -1.8478
3 16 0.7654 -9 -1.8478 0.1981 -9.4 -2.2575 0.9545 -9.4 -1.9821
3 16 0.7654 -9 -1.8478 0.9545 -9.4 -1.9821 1.4142 -9 -1.4142
3 16 1.4142 -9 -1.4142 0.9545 -9.4 -1.9821 1.6415 -9.4 -1.5624
3 16 1.4142 -9 -1.4142 1.6415 -9.4 -1.5624 1.8885 -9.4 -1.2526
3 16 1.4142 -9 -1.4142 1.8885 -9.4 -1.2526 1.8478 -9 -0.7654
3 16 1.8478 -9 -0.7654 1.8885 -9.4 -1.2526 2.1448 -9.4 -0.4895
3 16 1.8478 -9 -0.7654 2.1448 -9.4 -0.4895 2 -9 0
3 16 2 -9 0 2.1448 -9.4 -0.4895 2.245 -9.4 0.3092
3 16 2 -9 0 2.245 -9.4 0.3092 1.8478 -9 0.7654
3 16 1.8478 -9 0.7654 2.245 -9.4 0.3092 2.1568 -9.4 0.6955
3 16 1.8478 -9 0.7654 2.1568 -9.4 0.6955 1.72 -9.4 1.3717
3 16 1.8478 -9 0.7654 1.72 -9.4 1.3717 1.4142 -9 1.4142
3 16 1.4142 -9 1.4142 1.72 -9.4 1.3717 1.158 -9.4 1.948
3 16 1.4142 -9 1.4142 1.158 -9.4 1.948 0.7654 -9 1.8478
3 16 0.7654 -9 1.8478 1.158 -9.4 1.948 0.801 -9.4 2.1199
3 16 0.7654 -9 1.8478 0.801 -9.4 2.1199 0 -9 2
3 16 0 -9 2 0.801 -9.4 2.1199 0 -9.4 2.2
3 16 0 -9 2 0 -9.4 2.2 -0.801 -9.4 2.1199
3 16 0 -9 2 -0.801 -9.4 2.1199 -0.7654 -9 1.8478
3 16 -0.7654 -9 1.8478 -0.801 -9.4 2.1199 -1.158 -9.4 1.948
3 16 -0.7654 -9 1.8478 -1.158 -9.4 1.948 -1.4142 -9 1.4142
3 16 -1.4142 -9 1.4142 -1.158 -9.4 1.948 -1.72 -9.4 1.3717
3 16 -1.4142 -9 1.4142 -1.72 -9.4 1.3717 -1.8478 -9 0.7654
3 16 -1.8478 -9 0.7654 -1.72 -9.4 1.3717 -2.1568 -9.4 0.6955
3 16 -1.8478 -9 0.7654 -2.1568 -9.4 0.6955 -2.245 -9.4 0.3092
3 16 -1.8478 -9 0.7654 -2.245 -9.4 0.3092 -2 -9 0
3 16 -2 -9 0 -2.245 -9.4 0.3092 -2.1448 -9.4 -0.4895
3 16 -2 -9 0 -2.1448 -9.4 -0.4895 -1.8478 -9 -0.7654
4 16 -1.5308 -8 -3.6956 0 -8 -4 -0.2663 -8 -5.6212 -2.3864 -8 -4.9553
4 16 -2.8284 -8 -2.8284 -1.5308 -8 -3.6956 -2.3864 -8 -4.9553 -4.2288 -8 -3.713
4 16 -2.8284 -8 -2.8284 -4.2288 -8 -3.713 -4.5609 -8 -3.2966 -3.6956 -8 -1.5308
4 16 -3.6956 -8 -1.5308 -4.5609 -8 -3.2966 -5.3621 -8 -1.2239 -4 -8 0
4 16 -4 -8 0 -5.3621 -8 -1.2239 -5.5395 -8 0.9912 -5.421 -8 1.5105
4 16 -3.6956 -8 1.5308 -4 -8 0 -5.421 -8 1.5105 -4.3001 -8 3.4292
4 16 -2.8284 -8 2.8284 -3.6956 -8 1.5308 -4.3001 -8 3.4292 -2.6789 -8 4.949
4 16 -1.5308 -8 3.6956 -2.8284 -8 2.8284 -2.6789 -8 4.949 -2.199 -8 5.1801
4 16 0 -8 4 -1.5308 -8 3.6956 -2.199 -8 5.1801 0 -8 5.5
4 16 1.5308 -8 3.6956 0 -8 4 0 -8 5.5 2.199 -8 5.1801
4 16 1.5308 -8 3.6956 2.199 -8 5.1801 2.6789 -8 4.949 2.8284 -8 2.8284
4 16 2.8284 -8 2.8284 2.6789 -8 4.949 4.3001 -8 3.4292 5.421 -8 1.5105
4 16 3.6956 -8 1.5308 2.8284 -8 2.8284 5.421 -8 1.5105 5.5395 -8 0.9912
4 16 4 -8 0 3.6956 -8 1.5308 5.5395 -8 0.9912 5.3621 -8 -1.2239
4 16 3.6956 -8 -1.5308 4 -8 0 5.3621 -8 -1.2239 4.5609 -8 -3.2966
4 16 2.8284 -8 -2.8284 3.6956 -8 -1.5308 4.5609 -8 -3.2966 4.2288 -8 -3.713
4 16 2.8284 -8 -2.8284 4.2288 -8 -3.713 2.3864 -8 -4.9553 1.5308 -8 -3.6956
4 16 1.5308 -8 -3.6956 2.3864 -8 -4.9553 0.2663 -8 -5.6212 0 -8 -4
3 16 -0.2663 -8 -5.6212 0 -8 -4 0.2663 -8 -5.6212
3 16 -4.5881 -12.71 7.8797 -3.6489 -12.22 6.4912 -4.4936 -12.0189 7.6384
3 16 -4.4936 -12.0189 7.6384 -4.4474 -9.3102 7.3826 -5.6203 -12.73 8.8308
3 16 -4.4936 -12.0189 7.6384 -4.3474 -11.226 7.3826 -4.4474 -9.3102 7.3826
3 16 -4.4474 -9.3102 7.3826 -4.3474 -11.226 7.3826 -3.2895 -10.206 5.9476
