0 BFC CERTIFY CCW
1 16 20 4 0 1 0 0 0 -1 0 0 0 -1 p/stud4.dat
1 16 0 4 0 1 0 0 0 -1 0 0 0 -1 p/stud4.dat
1 16 -20 4 0 1 0 0 0 -1 0 0 0 -1 p/stud4.dat
0 BFC INVERTNEXT
1 16 0 8 0 36 0 0 0 -4 0 0 0 16 p/box5.dat
4 16 39 8 19 36 8 16 -36 8 16 -39 8 19
4 16 -39 8 19 -36 8 16 -36 8 -16 -39 8 -19
4 16 -39 8 -19 -36 8 -16 36 8 -16 39 8 -19
4 16 39 8 -19 36 8 -16 36 8 16 39 8 19
1 16 0 8 0 39 0 0 0 -1 0 0 0 19 p/box4.dat
4 16 40 7 20 39 7 19 -39 7 19 -40 7 20
4 16 -40 7 20 -39 7 19 -39 7 -19 -40 7 -20
4 16 -40 7 -20 -39 7 -19 39 7 -19 40 7 -20
4 16 40 7 -20 39 7 -19 39 7 19 40 7 20
1 16 0 7 0 40 0 0 0 -7 0 0 0 20 p/box5.dat
1 16 -20 0 0 1 0 0 0 1 0 0 0 1 p/stud5.dat
1 16 20 0 0 1 0 0 0 1 0 0 0 1 p/stud5.dat
