0 BFC CERTIFY CCW
1 16 0 0 0 0 0 -1 0 1 0 1 0 0 parts/s/33037s01.dat
1 16 0 0 0 0 0 -1 0 1 0 1 0 0 parts/s/33037s02.dat
1 16 0 20 -75 0 0 -1 1 0 0 0 -1 0 parts/s/33037s03.dat
4 16 81.5 40 -20 20 40 -20 20 40 -16 78.5 40 -16
4 16 -20 0 -60 20 0 -60 20 0 -20 -20 0 20
1 16 30.75 20 -20 0 0 -50.75 -20 0 0 0 40 0 p/box2-7.dat
0 BFC INVERTNEXT
1 16 50.75 20 -40 0 0 -30.75 -20 0 0 0 20 0 p/box2-7.dat
4 16 16 40 -16 16 40 -20 -16 40 -20 -16 40 -16
3 16 -16 40 -20 -20 40 -20 -16 40 -16
4 16 16 40 -20 20 40 -20 20 40 -60 16 40 -56
4 16 -20 40 -60 -20 40 -20 -16 40 -20 -16 40 -56
1 16 0 20 -60 20 0 0 0 0 -20 0 1 0 p/recte3.dat
0 BFC INVERTNEXT
1 16 0 22 -56 16 0 0 0 0 -18 0 36 0 p/box4-1.dat
4 16 20 40 -16 20 40 -20 16 40 -20 16 40 -16
4 16 20 0 -20 81.5 0 -20 81.5 0 20 -20 0 20
1 16 0 0 0 -1 0 0 0 1 0 0 0 -1 p/stud5.dat
1 16 200 0 0 -1 0 0 0 1 0 0 0 -1 p/stud5.dat
