0 BFC CERTIFY CCW
1 16 0 0 0 20 0 0 0 1 0 0 0 20 4-4edge.dat
1 16 0 0 0 18 0 0 0 1 0 0 0 18 4-4edge.dat
1 16 0 1 0 18 0 0 0 1 0 0 0 18 4-4edge.dat
0 BFC INVERTNEXT
1 16 0 1 0 -18 0 0 0 -1 0 0 0 18 4-4cyli.dat
1 16 0 0 0 2 0 0 0 1 0 0 0 2 4-4ring9.dat
1 16 0 2 0 -20 0 0 0 1 0 0 0 20 4-4edge.dat
1 16 0 2 0 20 0 0 0 -2 0 0 0 20 4-4cyli.dat
0 BFC INVERTNEXT
1 16 0 8 0 -8 0 0 0 -1 0 0 0 8 4-4edge.dat
1 16 0 7 0 -2 0 0 0 1 0 0 0 2 4-4con4.dat
1 16 0 2 0 -10 0 0 0 5 0 0 0 10 4-4con1.dat
1 16 0 6 0 4 0 0 0 1 0 0 0 4 4-4ring1.dat
1 16 0 6 0 6 0 0 0 1 0 0 0 6 4-4edge.dat
1 16 0 0 0 1 0 0 0 1 0 0 0 1 stud2a.dat
1 16 0 0 0 6 0 0 0 6 0 0 0 6 4-4cyli.dat
0 BFC INVERTNEXT
1 16 0 4 0 4 0 0 0 2 0 0 0 4 4-4con2.dat
0 BFC INVERTNEXT
1 16 0 1 0 0 0 6 0 3 0 6 0 0 4-4con2.dat
1 16 9.899 -4 9.9 4.24264 0 4.24264 0 1 0 -4.24264 0 4.24264 2-4edge.dat
1 16 9.899 0 9.9 5.54328 0 2.2961 0 1 0 -2.2961 0 5.54328 3-8edge.dat
1 16 9.899 -4 9.9 4.24264 0 4.24264 0 4 0 -4.24264 0 4.24264 2-4cyli.dat
0 BFC INVERTNEXT
1 16 9.899 -4 9.9 -2.82843 0 2.82843 0 5 0 2.82843 0 2.82843 2-4cyli.dat
1 16 9.899 -4 9.9 2.82843 0 2.82843 0 1 0 -2.82843 0 2.82843 2-4edge.dat
1 16 9.899 -4 9.9 1.41421 0 1.41421 0 1 0 -1.41421 0 1.41421 2-4ring2.dat
0 BFC INVERTNEXT
1 16 9.899 1 9.9 2.82843 0 2.82843 0 1.7199 0 -2.82843 0 2.82843 1-4cyls2.dat
0 BFC INVERTNEXT
1 16 9.899 1 9.9 -2.82843 0 2.82843 0 1.7199 0 2.82843 0 2.82843 1-4cyls2.dat
1 16 9.899 2.72 9.9 -2.82843 0 2.82843 0 1 -1.7199 2.82843 0 2.82843 2-4edge.dat
0 BFC INVERTNEXT
1 16 0 -4 19.799 -5.65685 0 5.65685 0 6.3842 0 -5.65685 0 -5.65685 1-4cyli.dat
1 16 0 -4 19.799 -5.65685 0 5.65685 0 6 0 -5.65685 0 -5.65685 1-4edge.dat
1 16 0 -4 19.799 -7.07107 0 7.07107 0 6.7199 0 -7.07107 0 -7.07107 1-4cyli.dat
1 16 0 -4 19.799 -7.07107 0 7.07107 0 6 0 -7.07107 0 -7.07107 1-4edge.dat
1 16 0 -4 19.799 -1.41421 0 1.41421 0 6 0 -1.41421 0 -1.41421 1-4ring4.dat
3 16 -5.65685 2.3842 14.1421 -3.06142 2.3842 12.408 -3.06142 3.61 12.408
4 16 -3.06142 3.61 12.408 -3.06142 2.3842 12.408 0 2.3842 11.7989 0 4.1005 11.7989
4 16 0 4.1005 11.7989 0 2.3842 11.7989 3.06142 2.3842 12.408 3.06142 3.61 12.408
3 16 3.06142 3.61 12.408 3.06142 2.3842 12.408 5.65685 2.3842 14.1421
4 16 5.65685 2.3842 14.1421 5.65685 0 14.1421 7.60338 0 15.4428 7.60338 1.3934 15.4428
4 16 7.60338 1.3934 15.4428 7.60338 0 15.4428 8.70328 0 15.779 8.70328 1 15.779
4 16 15.4428 1.3934 7.60338 15.4428 0 7.60338 14.1421 0 5.65685 14.1421 2.3842 5.65685
4 16 15.779 1 8.70328 15.779 0 8.70328 15.4428 0 7.60338 15.4428 1.3934 7.60338
3 16 -7.07107 2.7199 12.7279 -3.82686 4.3839 10.5602 -3.82686 2.7199 10.5602
4 16 -3.82686 4.3839 10.5602 0 5.1005 9.79894 0 2.7199 9.79894 -3.82686 2.7199 10.5602
4 16 0 5.1005 9.79894 3.82686 4.3839 10.5602 3.82686 2.7199 10.5602 0 2.7199 9.79894
3 16 3.82686 4.3839 10.5602 7.07107 2.7199 12.7279 3.82686 2.7199 10.5602
1 16 9.9 -4 -9.899 -4.24264 0 4.24264 0 1 0 -4.24264 0 -4.24264 2-4edge.dat
1 16 9.9 0 -9.899 -2.2961 0 5.54328 0 1 0 -5.54328 0 -2.2961 3-8edge.dat
1 16 9.9 -4 -9.899 -4.24264 0 4.24264 0 4 0 -4.24264 0 -4.24264 2-4cyli.dat
0 BFC INVERTNEXT
1 16 9.9 -4 -9.899 2.82843 0 2.82843 0 5 0 2.82843 0 -2.82843 2-4cyli.dat
1 16 9.9 -4 -9.899 -2.82843 0 2.82843 0 1 0 -2.82843 0 -2.82843 2-4edge.dat
1 16 9.9 -4 -9.899 -1.41421 0 1.41421 0 1 0 -1.41421 0 -1.41421 2-4ring2.dat
0 BFC INVERTNEXT
1 16 9.9 1 -9.899 -2.82843 0 2.82843 0 1.7199 0 -2.82843 0 -2.82843 1-4cyls2.dat
0 BFC INVERTNEXT
1 16 9.9 1 -9.899 2.82843 0 2.82843 0 1.7199 0 2.82843 0 -2.82843 1-4cyls2.dat
1 16 9.9 2.72 -9.899 2.82843 0 2.82843 0 1 -1.7199 2.82843 0 -2.82843 2-4edge.dat
0 BFC INVERTNEXT
1 16 19.799 -4 0 -5.65685 0 -5.65685 0 6.3842 0 5.65685 0 -5.65685 1-4cyli.dat
1 16 19.799 -4 0 -5.65685 0 -5.65685 0 6 0 5.65685 0 -5.65685 1-4edge.dat
1 16 19.799 -4 0 -7.07107 0 -7.07107 0 6.7199 0 7.07107 0 -7.07107 1-4cyli.dat
1 16 19.799 -4 0 -7.07107 0 -7.07107 0 6 0 7.07107 0 -7.07107 1-4edge.dat
1 16 19.799 -4 0 -1.41421 0 -1.41421 0 6 0 1.41421 0 -1.41421 1-4ring4.dat
3 16 14.1421 2.3842 5.65685 12.408 2.3842 3.06142 12.408 3.61 3.06142
4 16 12.408 3.61 3.06142 12.408 2.3842 3.06142 11.7989 2.3842 0 11.7989 4.1005 0
4 16 11.7989 4.1005 0 11.7989 2.3842 0 12.408 2.3842 -3.06142 12.408 3.61 -3.06142
3 16 12.408 3.61 -3.06142 12.408 2.3842 -3.06142 14.1421 2.3842 -5.65685
4 16 14.1421 2.3842 -5.65685 14.1421 0 -5.65685 15.4428 0 -7.60338 15.4428 1.3934 -7.60338
4 16 15.4428 1.3934 -7.60338 15.4428 0 -7.60338 15.779 0 -8.70328 15.779 1 -8.70328
4 16 7.60338 1.3934 -15.4428 7.60338 0 -15.4428 5.65685 0 -14.1421 5.65685 2.3842 -14.1421
4 16 8.70328 1 -15.779 8.70328 0 -15.779 7.60338 0 -15.4428 7.60338 1.3934 -15.4428
3 16 12.7279 2.7199 7.07107 10.5602 4.3839 3.82686 10.5602 2.7199 3.82686
4 16 10.5602 4.3839 3.82686 9.79894 5.1005 0 9.79894 2.7199 0 10.5602 2.7199 3.82686
4 16 9.79894 5.1005 0 10.5602 4.3839 -3.82686 10.5602 2.7199 -3.82686 9.79894 2.7199 0
3 16 10.5602 4.3839 -3.82686 12.7279 2.7199 -7.07107 10.5602 2.7199 -3.82686
1 16 -9.899 -4 -9.9 -4.24264 0 -4.24264 0 1 0 4.24264 0 -4.24264 2-4edge.dat
1 16 -9.899 0 -9.9 -5.54328 0 -2.2961 0 1 0 2.2961 0 -5.54328 3-8edge.dat
1 16 -9.899 -4 -9.9 -4.24264 0 -4.24264 0 4 0 4.24264 0 -4.24264 2-4cyli.dat
0 BFC INVERTNEXT
1 16 -9.899 -4 -9.9 2.82843 0 -2.82843 0 5 0 -2.82843 0 -2.82843 2-4cyli.dat
1 16 -9.899 -4 -9.9 -2.82843 0 -2.82843 0 1 0 2.82843 0 -2.82843 2-4edge.dat
1 16 -9.899 -4 -9.9 -1.41421 0 -1.41421 0 1 0 1.41421 0 -1.41421 2-4ring2.dat
0 BFC INVERTNEXT
1 16 -9.899 1 -9.9 -2.82843 0 -2.82843 0 1.7199 0 2.82843 0 -2.82843 1-4cyls2.dat
0 BFC INVERTNEXT
1 16 -9.899 1 -9.9 2.82843 0 -2.82843 0 1.7199 0 -2.82843 0 -2.82843 1-4cyls2.dat
1 16 -9.899 2.72 -9.9 2.82843 0 -2.82843 0 1 -1.7199 -2.82843 0 -2.82843 2-4edge.dat
0 BFC INVERTNEXT
1 16 0 -4 -19.799 5.65685 0 -5.65685 0 6.3842 0 5.65685 0 5.65685 1-4cyli.dat
1 16 0 -4 -19.799 5.65685 0 -5.65685 0 6 0 5.65685 0 5.65685 1-4edge.dat
1 16 0 -4 -19.799 7.07107 0 -7.07107 0 6.7199 0 7.07107 0 7.07107 1-4cyli.dat
1 16 0 -4 -19.799 7.07107 0 -7.07107 0 6 0 7.07107 0 7.07107 1-4edge.dat
1 16 0 -4 -19.799 1.41421 0 -1.41421 0 6 0 1.41421 0 1.41421 1-4ring4.dat
3 16 5.65685 2.3842 -14.1421 3.06142 2.3842 -12.408 3.06142 3.61 -12.408
4 16 3.06142 3.61 -12.408 3.06142 2.3842 -12.408 0 2.3842 -11.7989 0 4.1005 -11.7989
4 16 0 4.1005 -11.7989 0 2.3842 -11.7989 -3.06142 2.3842 -12.408 -3.06142 3.61 -12.408
3 16 -3.06142 3.61 -12.408 -3.06142 2.3842 -12.408 -5.65685 2.3842 -14.1421
4 16 -5.65685 2.3842 -14.1421 -5.65685 0 -14.1421 -7.60338 0 -15.4428 -7.60338 1.3934 -15.4428
4 16 -7.60338 1.3934 -15.4428 -7.60338 0 -15.4428 -8.70328 0 -15.779 -8.70328 1 -15.779
4 16 -15.4428 1.3934 -7.60338 -15.4428 0 -7.60338 -14.1421 0 -5.65685 -14.1421 2.3842 -5.65685
4 16 -15.779 1 -8.70328 -15.779 0 -8.70328 -15.4428 0 -7.60338 -15.4428 1.3934 -7.60338
3 16 7.07107 2.7199 -12.7279 3.82686 4.3839 -10.5602 3.82686 2.7199 -10.5602
4 16 3.82686 4.3839 -10.5602 0 5.1005 -9.79894 0 2.7199 -9.79894 3.82686 2.7199 -10.5602
4 16 0 5.1005 -9.79894 -3.82686 4.3839 -10.5602 -3.82686 2.7199 -10.5602 0 2.7199 -9.79894
3 16 -3.82686 4.3839 -10.5602 -7.07107 2.7199 -12.7279 -3.82686 2.7199 -10.5602
1 16 -9.9 -4 9.899 4.24264 0 -4.24264 0 1 0 4.24264 0 4.24264 2-4edge.dat
1 16 -9.9 0 9.899 2.2961 0 -5.54328 0 1 0 5.54328 0 2.2961 3-8edge.dat
1 16 -9.9 -4 9.899 4.24264 0 -4.24264 0 4 0 4.24264 0 4.24264 2-4cyli.dat
0 BFC INVERTNEXT
1 16 -9.9 -4 9.899 -2.82843 0 -2.82843 0 5 0 -2.82843 0 2.82843 2-4cyli.dat
1 16 -9.9 -4 9.899 2.82843 0 -2.82843 0 1 0 2.82843 0 2.82843 2-4edge.dat
1 16 -9.9 -4 9.899 1.41421 0 -1.41421 0 1 0 1.41421 0 1.41421 2-4ring2.dat
0 BFC INVERTNEXT
1 16 -9.9 1 9.899 2.82843 0 -2.82843 0 1.7199 0 2.82843 0 2.82843 1-4cyls2.dat
0 BFC INVERTNEXT
1 16 -9.9 1 9.899 -2.82843 0 -2.82843 0 1.7199 0 -2.82843 0 2.82843 1-4cyls2.dat
1 16 -9.9 2.72 9.899 -2.82843 0 -2.82843 0 1 -1.7199 -2.82843 0 2.82843 2-4edge.dat
0 BFC INVERTNEXT
1 16 -19.799 -4 0 5.65685 0 5.65685 0 6.3842 0 -5.65685 0 5.65685 1-4cyli.dat
1 16 -19.799 -4 0 5.65685 0 5.65685 0 6 0 -5.65685 0 5.65685 1-4edge.dat
1 16 -19.799 -4 0 7.07107 0 7.07107 0 6.7199 0 -7.07107 0 7.07107 1-4cyli.dat
1 16 -19.799 -4 0 7.07107 0 7.07107 0 6 0 -7.07107 0 7.07107 1-4edge.dat
1 16 -19.799 -4 0 1.41421 0 1.41421 0 6 0 -1.41421 0 1.41421 1-4ring4.dat
3 16 -14.1421 2.3842 -5.65685 -12.408 2.3842 -3.06142 -12.408 3.61 -3.06142
4 16 -12.408 3.61 -3.06142 -12.408 2.3842 -3.06142 -11.7989 2.3842 0 -11.7989 4.1005 0
4 16 -11.7989 4.1005 0 -11.7989 2.3842 0 -12.408 2.3842 3.06142 -12.408 3.61 3.06142
3 16 -12.408 3.61 3.06142 -12.408 2.3842 3.06142 -14.1421 2.3842 5.65685
4 16 -14.1421 2.3842 5.65685 -14.1421 0 5.65685 -15.4428 0 7.60338 -15.4428 1.3934 7.60338
4 16 -15.4428 1.3934 7.60338 -15.4428 0 7.60338 -15.779 0 8.70328 -15.779 1 8.70328
4 16 -7.60338 1.3934 15.4428 -7.60338 0 15.4428 -5.65685 0 14.1421 -5.65685 2.3842 14.1421
4 16 -8.70328 1 15.779 -8.70328 0 15.779 -7.60338 0 15.4428 -7.60338 1.3934 15.4428
3 16 -12.7279 2.7199 -7.07107 -10.5602 4.3839 -3.82686 -10.5602 2.7199 -3.82686
4 16 -10.5602 4.3839 -3.82686 -9.79894 5.1005 0 -9.79894 2.7199 0 -10.5602 2.7199 -3.82686
4 16 -9.79894 5.1005 0 -10.5602 4.3839 3.82686 -10.5602 2.7199 3.82686 -9.79894 2.7199 0
3 16 -10.5602 4.3839 3.82686 -12.7279 2.7199 7.07107 -10.5602 2.7199 3.82686
1 16 0 8 0 8 0 0 0 99 0 0 0 -8 4-4cyli.dat
0 BFC INVERTNEXT
1 16 0 0 0 4 0 0 0 117 0 0 0 4 4-4cyli.dat
1 16 0 104 0 -8 0 0 0 -1 0 0 0 8 4-4edge.dat
1 16 0 112 0 -8 0 0 0 -8 0 0 0 8 t04ounit.dat
1 16 0 112 0 0 0 8 0 -8 0 8 0 0 t04ounit.dat
1 16 0 112 0 8 0 0 0 -8 0 0 0 -8 t04ounit.dat
1 16 0 112 0 0 0 -8 0 -8 0 -8 0 0 t04ounit.dat
1 16 0 112 0 -16 0 0 0 -1 0 0 0 16 4-4edge.dat
1 16 0 121 0 20 0 0 0 -7.5 0 0 0 -20 4-4con1.dat
1 16 0 113.5 0 0 0 -4 0 -1.5 0 -4 0 0 4-4con4.dat
1 16 0 121 0 -40 0 0 0 -1 0 0 0 40 4-4edge.dat
1 16 0 119 0 -8 0 0 0 -1 0 0 0 8 4-4edge.dat
1 16 0 117 0 -8 0 0 0 -1 0 0 0 8 4-4edge.dat
0 BFC INVERTNEXT
1 16 0 117 0 8 0 0 0 2 0 0 0 8 4-4cyli.dat
1 16 0 117 0 -4 0 0 0 -1 0 0 0 4 4-4edge.dat
1 16 0 117 0 -4 0 0 0 1 0 0 0 4 4-4ring1.dat
1 16 0 123 0 40 0 0 0 -2 0 0 0 40 4-4cyli.dat
1 16 0 123 0 -4 0 0 0 -1 0 0 0 4 1-4ring9.dat
1 16 0 123 0 0 0 4 0 -1 0 4 0 0 1-4ring9.dat
1 16 0 123 0 0 0 -4 0 -1 0 -4 0 0 1-4ring9.dat
1 16 0 123 0 4 0 0 0 -1 0 0 0 -4 1-4ring9.dat
1 16 0 123 0 36 0 0 0 -1 0 0 0 -36 4-4edge.dat
0 BFC INVERTNEXT
1 16 0 120.143 0 8 0 0 0 -1.1429 0 0 0 -8 4-4con1.dat
0 BFC INVERTNEXT
1 16 0 123 0 12 0 0 0 -1.7142 0 0 0 -12 4-4con2.dat
0 BFC INVERTNEXT
1 16 0 121.286 0 0 0 -8 0 -1.1429 0 -8 0 0 4-4con2.dat
1 16 0 124 -20 -1 0 0 0 -1 0 0 0 1 stud4a.dat
0 BFC INVERTNEXT
1 16 0 124 -20 6 0 0 0 -2.25 0 0 0 -6 4-4cyli.dat
1 16 0 124 -20 8 0 0 0 -2 0 0 0 -8 4-4cyli.dat
1 16 0 122 -20 0 0 -8 0 -1.25 0 -8 0 0 2-4cyls.dat
1 16 0 122 -20 0 0 8 0 -1.25 0 -8 0 0 2-4cyls.dat
0 BFC INVERTNEXT
1 16 0 122 -20 0 0 -6 0 -1 0 -6 0 0 2-4cyls.dat
0 BFC INVERTNEXT
1 16 0 122 -20 0 0 6 0 -1 0 -6 0 0 2-4cyls.dat
1 16 -20 124 0 0 0 1 0 -1 0 1 0 0 stud4a.dat
0 BFC INVERTNEXT
1 16 -20 124 0 0 0 -6 0 -2.25 0 -6 0 0 4-4cyli.dat
1 16 -20 124 0 0 0 -8 0 -2 0 -8 0 0 4-4cyli.dat
1 16 -20 122 0 -8 0 0 0 -1.25 0 0 0 8 2-4cyls.dat
1 16 -20 122 0 -8 0 0 0 -1.25 0 0 0 -8 2-4cyls.dat
0 BFC INVERTNEXT
1 16 -20 122 0 -6 0 0 0 -1 0 0 0 6 2-4cyls.dat
0 BFC INVERTNEXT
1 16 -20 122 0 -6 0 0 0 -1 0 0 0 -6 2-4cyls.dat
1 16 0 124 20 1 0 0 0 -1 0 0 0 -1 stud4a.dat
0 BFC INVERTNEXT
1 16 0 124 20 -6 0 0 0 -2.25 0 0 0 6 4-4cyli.dat
1 16 0 124 20 -8 0 0 0 -2 0 0 0 8 4-4cyli.dat
1 16 0 122 20 0 0 8 0 -1.25 0 8 0 0 2-4cyls.dat
1 16 0 122 20 0 0 -8 0 -1.25 0 8 0 0 2-4cyls.dat
0 BFC INVERTNEXT
1 16 0 122 20 0 0 6 0 -1 0 6 0 0 2-4cyls.dat
0 BFC INVERTNEXT
1 16 0 122 20 0 0 -6 0 -1 0 6 0 0 2-4cyls.dat
1 16 20 124 0 0 0 -1 0 -1 0 -1 0 0 stud4a.dat
0 BFC INVERTNEXT
1 16 20 124 0 0 0 6 0 -2.25 0 6 0 0 4-4cyli.dat
1 16 20 124 0 0 0 8 0 -2 0 8 0 0 4-4cyli.dat
1 16 20 122 0 8 0 0 0 -1.25 0 0 0 -8 2-4cyls.dat
1 16 20 122 0 8 0 0 0 -1.25 0 0 0 8 2-4cyls.dat
0 BFC INVERTNEXT
1 16 20 122 0 6 0 0 0 -1 0 0 0 -6 2-4cyls.dat
0 BFC INVERTNEXT
1 16 20 122 0 6 0 0 0 -1 0 0 0 6 2-4cyls.dat
4 16 -20.611 128 -31.9247 -21.5243 128 -32.838 -21.5243 123 -32.838 -20.611 123 -31.9247
4 16 -21.5243 128 -32.838 -15.3089 128 -36.9605 -15.3089 123 -36.9605 -21.5243 123 -32.838
4 16 -20.611 128 -31.9247 -20.611 123 -31.9247 -14.5452 123 -35.1079 -14.5452 128 -35.1079
0 BFC INVERTNEXT
1 16 0 123 0 -14.542 0 35.1074 0 5 0 -35.1074 0 -14.542 1-8cyli.dat
4 16 -20.611 128 -31.9247 -14.5452 128 -35.1079 -15.3089 128 -36.9605 -21.5243 128 -32.838
1 16 0 128 0 -0.765367 0 1.84776 0 -1 0 -1.84776 0 -0.765367 1-8rin19.dat
1 16 0 128 0 -15.3073 0 36.9552 0 5 0 -36.9552 0 -15.3073 1-8edge.dat
1 16 0 128 0 -14.542 0 35.1074 0 5 0 -35.1074 0 -14.542 1-8edge.dat
1 16 0 123 0 -14.542 0 35.1074 0 5 0 -35.1074 0 -14.542 1-8edge.dat
4 16 20.611 128 -31.9247 20.611 123 -31.9247 21.5243 123 -32.838 21.5243 128 -32.838
4 16 21.5243 128 -32.838 21.5243 123 -32.838 15.3089 123 -36.9605 15.3089 128 -36.9605
1 16 0 123 0 -15.3073 0 36.9552 0 5 0 -36.9552 0 -15.3073 1-8cyli.dat
4 16 20.611 128 -31.9247 14.5452 128 -35.1079 14.5452 123 -35.1079 20.611 123 -31.9247
4 16 20.611 128 -31.9247 21.5243 128 -32.838 15.3089 128 -36.9605 14.5452 128 -35.1079
4 16 31.9247 128 -20.611 32.838 128 -21.5243 32.838 123 -21.5243 31.9247 123 -20.611
4 16 32.838 128 -21.5243 36.9605 128 -15.3089 36.9605 123 -15.3089 32.838 123 -21.5243
4 16 31.9247 128 -20.611 31.9247 123 -20.611 35.1079 123 -14.5452 35.1079 128 -14.5452
0 BFC INVERTNEXT
1 16 0 123 0 35.1074 0 14.542 0 5 0 -14.542 0 35.1074 1-8cyli.dat
4 16 31.9247 128 -20.611 35.1079 128 -14.5452 36.9605 128 -15.3089 32.838 128 -21.5243
1 16 0 128 0 1.84776 0 0.765367 0 -1 0 -0.765367 0 1.84776 1-8rin19.dat
1 16 0 128 0 36.9552 0 15.3073 0 5 0 -15.3073 0 36.9552 1-8edge.dat
1 16 0 128 0 35.1074 0 14.542 0 5 0 -14.542 0 35.1074 1-8edge.dat
1 16 0 123 0 35.1074 0 14.542 0 5 0 -14.542 0 35.1074 1-8edge.dat
4 16 31.9247 128 20.611 31.9247 123 20.611 32.838 123 21.5243 32.838 128 21.5243
4 16 32.838 128 21.5243 32.838 123 21.5243 36.9605 123 15.3089 36.9605 128 15.3089
1 16 0 123 0 36.9552 0 15.3073 0 5 0 -15.3073 0 36.9552 1-8cyli.dat
4 16 31.9247 128 20.611 35.1079 128 14.5452 35.1079 123 14.5452 31.9247 123 20.611
4 16 31.9247 128 20.611 32.838 128 21.5243 36.9605 128 15.3089 35.1079 128 14.5452
4 16 20.611 128 31.9247 21.5243 128 32.838 21.5243 123 32.838 20.611 123 31.9247
4 16 21.5243 128 32.838 15.3089 128 36.9605 15.3089 123 36.9605 21.5243 123 32.838
4 16 20.611 128 31.9247 20.611 123 31.9247 14.5452 123 35.1079 14.5452 128 35.1079
0 BFC INVERTNEXT
1 16 0 123 0 14.542 0 -35.1074 0 5 0 35.1074 0 14.542 1-8cyli.dat
4 16 20.611 128 31.9247 14.5452 128 35.1079 15.3089 128 36.9605 21.5243 128 32.838
1 16 0 128 0 0.765367 0 -1.84776 0 -1 0 1.84776 0 0.765367 1-8rin19.dat
1 16 0 128 0 15.3073 0 -36.9552 0 5 0 36.9552 0 15.3073 1-8edge.dat
1 16 0 128 0 14.542 0 -35.1074 0 5 0 35.1074 0 14.542 1-8edge.dat
1 16 0 123 0 14.542 0 -35.1074 0 5 0 35.1074 0 14.542 1-8edge.dat
4 16 -20.611 128 31.9247 -20.611 123 31.9247 -21.5243 123 32.838 -21.5243 128 32.838
4 16 -21.5243 128 32.838 -21.5243 123 32.838 -15.3089 123 36.9605 -15.3089 128 36.9605
1 16 0 123 0 15.3073 0 -36.9552 0 5 0 36.9552 0 15.3073 1-8cyli.dat
4 16 -20.611 128 31.9247 -14.5452 128 35.1079 -14.5452 123 35.1079 -20.611 123 31.9247
4 16 -20.611 128 31.9247 -21.5243 128 32.838 -15.3089 128 36.9605 -14.5452 128 35.1079
4 16 -31.9247 128 20.611 -32.838 128 21.5243 -32.838 123 21.5243 -31.9247 123 20.611
4 16 -32.838 128 21.5243 -36.9605 128 15.3089 -36.9605 123 15.3089 -32.838 123 21.5243
4 16 -31.9247 128 20.611 -31.9247 123 20.611 -35.1079 123 14.5452 -35.1079 128 14.5452
0 BFC INVERTNEXT
1 16 0 123 0 -35.1074 0 -14.542 0 5 0 14.542 0 -35.1074 1-8cyli.dat
4 16 -31.9247 128 20.611 -35.1079 128 14.5452 -36.9605 128 15.3089 -32.838 128 21.5243
1 16 0 128 0 -1.84776 0 -0.765367 0 -1 0 0.765367 0 -1.84776 1-8rin19.dat
1 16 0 128 0 -36.9552 0 -15.3073 0 5 0 15.3073 0 -36.9552 1-8edge.dat
1 16 0 128 0 -35.1074 0 -14.542 0 5 0 14.542 0 -35.1074 1-8edge.dat
1 16 0 123 0 -35.1074 0 -14.542 0 5 0 14.542 0 -35.1074 1-8edge.dat
4 16 -31.9247 128 -20.611 -31.9247 123 -20.611 -32.838 123 -21.5243 -32.838 128 -21.5243
4 16 -32.838 128 -21.5243 -32.838 123 -21.5243 -36.9605 123 -15.3089 -36.9605 128 -15.3089
1 16 0 123 0 -36.9552 0 -15.3073 0 5 0 15.3073 0 -36.9552 1-8cyli.dat
4 16 -31.9247 128 -20.611 -35.1079 128 -14.5452 -35.1079 123 -14.5452 -31.9247 123 -20.611
4 16 -31.9247 128 -20.611 -32.838 128 -21.5243 -36.9605 128 -15.3089 -35.1079 128 -14.5452
