0 BFC CERTIFY CCW
3 16 -156 4 -156 -40 4 -40 156 4 -40
3 16 -40 4 -40 -156 4 -156 -40 4 156
0 BFC INVERTNEXT
1 16 156 24 -156 -312 0 0 0 -20 0 0 0 116 p/tri3a4.dat
0 BFC INVERTNEXT
1 16 -156 24 156 116 0 0 0 -20 0 0 0 -312 p/tri3a4.dat
3 16 -40 0 -40 -160 0 -160 160 0 -40
3 16 -160 0 -160 -40 0 -40 -40 0 160
1 16 160 24 -160 -320 0 0 0 -24 0 0 0 120 p/tri3a4.dat
1 16 -160 24 160 120 0 0 0 -24 0 0 0 -320 p/tri3a4.dat
4 16 160 24 -160 -160 24 -160 -156 24 -156 156 24 -156
4 16 -160 24 -160 -160 24 160 -156 24 156 -156 24 -156
4 16 160 24 -40 160 24 -160 156 24 -156 156 24 -40
4 16 -160 24 160 -40 24 160 -40 24 156 -156 24 156
1 16 40 0 40 0 0 -1 0 1 0 1 0 0 parts/s/6162s02.dat
1 16 40 0 40 1 0 0 0 1 0 0 0 -1 parts/s/6162s02.dat
1 16 -80 0 -80 -1 0 0 0 1 0 0 0 -1 p/stug-8x8.dat
1 16 -80 0 80 -1 0 0 0 1 0 0 0 -1 p/stug-8x8.dat
1 16 80 0 -80 -1 0 0 0 1 0 0 0 -1 p/stug-8x8.dat
1 16 50 0 50 -1 0 0 0 1 0 0 0 -1 p/stug-5x5.dat
1 16 120 0 20 -1 0 0 0 1 0 0 0 -1 p/stug-2x2.dat
1 16 20 0 120 -1 0 0 0 1 0 0 0 -1 p/stug-2x2.dat
1 16 50 0 110 -1 0 0 0 1 0 0 0 -1 p/stud.dat
1 16 70 0 110 -1 0 0 0 1 0 0 0 -1 p/stud.dat
1 16 110 0 70 -1 0 0 0 1 0 0 0 -1 p/stud.dat
1 16 110 0 50 -1 0 0 0 1 0 0 0 -1 p/stud.dat
1 16 -140 4 -140 1 0 0 0 -5 0 0 0 1 p/stud4.dat
1 16 -100 4 -140 1 0 0 0 -5 0 0 0 1 p/stud4.dat
1 16 -60 4 -140 1 0 0 0 -5 0 0 0 1 p/stud4.dat
1 16 -20 4 -140 1 0 0 0 -5 0 0 0 1 p/stud4.dat
1 16 20 4 -140 1 0 0 0 -5 0 0 0 1 p/stud4.dat
1 16 60 4 -140 1 0 0 0 -5 0 0 0 1 p/stud4.dat
1 16 100 4 -140 1 0 0 0 -5 0 0 0 1 p/stud4.dat
1 16 140 4 -140 1 0 0 0 -5 0 0 0 1 p/stud4.dat
1 16 -140 4 -100 1 0 0 0 -5 0 0 0 1 p/stud4.dat
1 16 -100 4 -100 1 0 0 0 -5 0 0 0 1 p/stud4.dat
1 16 -60 4 -100 1 0 0 0 -5 0 0 0 1 p/stud4.dat
1 16 -20 4 -100 1 0 0 0 -5 0 0 0 1 p/stud4.dat
1 16 20 4 -100 1 0 0 0 -5 0 0 0 1 p/stud4.dat
1 16 60 4 -100 1 0 0 0 -5 0 0 0 1 p/stud4.dat
1 16 100 4 -100 1 0 0 0 -5 0 0 0 1 p/stud4.dat
1 16 140 4 -100 1 0 0 0 -5 0 0 0 1 p/stud4.dat
1 16 -140 4 -60 1 0 0 0 -5 0 0 0 1 p/stud4.dat
1 16 -100 4 -60 1 0 0 0 -5 0 0 0 1 p/stud4.dat
1 16 -60 4 -60 1 0 0 0 -5 0 0 0 1 p/stud4.dat
1 16 -20 4 -60 1 0 0 0 -5 0 0 0 1 p/stud4.dat
1 16 20 4 -60 1 0 0 0 -5 0 0 0 1 p/stud4.dat
1 16 60 4 -60 1 0 0 0 -5 0 0 0 1 p/stud4.dat
1 16 100 4 -60 1 0 0 0 -5 0 0 0 1 p/stud4.dat
1 16 140 4 -60 1 0 0 0 -5 0 0 0 1 p/stud4.dat
1 16 -140 4 -20 1 0 0 0 -5 0 0 0 1 p/stud4.dat
1 16 -100 4 -20 1 0 0 0 -5 0 0 0 1 p/stud4.dat
1 16 -60 4 -20 1 0 0 0 -5 0 0 0 1 p/stud4.dat
1 16 -20 4 -20 1 0 0 0 -5 0 0 0 1 p/stud4.dat
1 16 20 4 -20 1 0 0 0 -5 0 0 0 1 p/stud4.dat
1 16 60 4 -20 1 0 0 0 -5 0 0 0 1 p/stud4.dat
1 16 100 4 -20 1 0 0 0 -5 0 0 0 1 p/stud4.dat
1 16 140 4 -20 1 0 0 0 -5 0 0 0 1 p/stud4.dat
1 16 -140 4 20 1 0 0 0 -5 0 0 0 1 p/stud4.dat
1 16 -100 4 20 1 0 0 0 -5 0 0 0 1 p/stud4.dat
1 16 -60 4 20 1 0 0 0 -5 0 0 0 1 p/stud4.dat
1 16 -20 4 20 1 0 0 0 -5 0 0 0 1 p/stud4.dat
1 16 20 4 20 1 0 0 0 -5 0 0 0 1 p/stud4.dat
1 16 60 4 20 1 0 0 0 -5 0 0 0 1 p/stud4.dat
1 16 100 4 20 1 0 0 0 -5 0 0 0 1 p/stud4.dat
1 16 -140 4 60 1 0 0 0 -5 0 0 0 1 p/stud4.dat
1 16 -100 4 60 1 0 0 0 -5 0 0 0 1 p/stud4.dat
1 16 -60 4 60 1 0 0 0 -5 0 0 0 1 p/stud4.dat
1 16 -20 4 60 1 0 0 0 -5 0 0 0 1 p/stud4.dat
1 16 20 4 60 1 0 0 0 -5 0 0 0 1 p/stud4.dat
1 16 60 4 60 1 0 0 0 -5 0 0 0 1 p/stud4.dat
1 16 100 4 60 1 0 0 0 -5 0 0 0 1 p/stud4.dat
1 16 -140 4 100 1 0 0 0 -5 0 0 0 1 p/stud4.dat
1 16 -100 4 100 1 0 0 0 -5 0 0 0 1 p/stud4.dat
1 16 -60 4 100 1 0 0 0 -5 0 0 0 1 p/stud4.dat
1 16 -20 4 100 1 0 0 0 -5 0 0 0 1 p/stud4.dat
1 16 20 4 100 1 0 0 0 -5 0 0 0 1 p/stud4.dat
1 16 60 4 100 1 0 0 0 -5 0 0 0 1 p/stud4.dat
1 16 -140 4 140 1 0 0 0 -5 0 0 0 1 p/stud4.dat
1 16 -100 4 140 1 0 0 0 -5 0 0 0 1 p/stud4.dat
1 16 -60 4 140 1 0 0 0 -5 0 0 0 1 p/stud4.dat
1 16 -20 4 140 1 0 0 0 -5 0 0 0 1 p/stud4.dat
1 16 -120 4 -120 1 0 0 0 1 0 0 0 1 parts/s/33230s01.dat
1 16 -80 4 -120 1 0 0 0 1 0 0 0 1 parts/s/33230s01.dat
1 16 -40 4 -120 1 0 0 0 1 0 0 0 1 parts/s/33230s01.dat
1 16 0 4 -120 1 0 0 0 1 0 0 0 1 parts/s/33230s01.dat
1 16 40 4 -120 1 0 0 0 1 0 0 0 1 parts/s/33230s01.dat
1 16 80 4 -120 1 0 0 0 1 0 0 0 1 parts/s/33230s01.dat
1 16 120 4 -120 1 0 0 0 1 0 0 0 1 parts/s/33230s01.dat
1 16 -120 4 -80 1 0 0 0 1 0 0 0 1 parts/s/33230s01.dat
1 16 -80 4 -80 1 0 0 0 1 0 0 0 1 parts/s/33230s01.dat
1 16 -40 4 -80 1 0 0 0 1 0 0 0 1 parts/s/33230s01.dat
1 16 0 4 -80 1 0 0 0 1 0 0 0 1 parts/s/33230s01.dat
1 16 40 4 -80 1 0 0 0 1 0 0 0 1 parts/s/33230s01.dat
1 16 80 4 -80 1 0 0 0 1 0 0 0 1 parts/s/33230s01.dat
1 16 120 4 -80 1 0 0 0 1 0 0 0 1 parts/s/33230s01.dat
1 16 -120 4 -40 1 0 0 0 1 0 0 0 1 parts/s/33230s01.dat
1 16 -80 4 -40 1 0 0 0 1 0 0 0 1 parts/s/33230s01.dat
1 16 -40 4 -40 1 0 0 0 1 0 0 0 1 parts/s/33230s01.dat
1 16 0 4 -40 1 0 0 0 1 0 0 0 1 parts/s/33230s01.dat
1 16 40 4 -40 1 0 0 0 1 0 0 0 1 parts/s/33230s01.dat
1 16 80 4 -40 1 0 0 0 1 0 0 0 1 parts/s/33230s01.dat
1 16 120 4 -40 1 0 0 0 1 0 0 0 1 parts/s/33230s01.dat
1 16 -120 4 0 1 0 0 0 1 0 0 0 1 parts/s/33230s01.dat
1 16 -80 4 0 1 0 0 0 1 0 0 0 1 parts/s/33230s01.dat
1 16 -40 4 0 1 0 0 0 1 0 0 0 1 parts/s/33230s01.dat
1 16 0 4 0 1 0 0 0 1 0 0 0 1 parts/s/33230s01.dat
1 16 40 4 0 1 0 0 0 1 0 0 0 1 parts/s/33230s01.dat
1 16 80 4 0 1 0 0 0 1 0 0 0 1 parts/s/33230s01.dat
1 16 120 4 0 1 0 0 0 1 0 0 0 1 parts/s/33230s01.dat
1 16 -120 4 40 1 0 0 0 1 0 0 0 1 parts/s/33230s01.dat
1 16 -80 4 40 1 0 0 0 1 0 0 0 1 parts/s/33230s01.dat
1 16 -40 4 40 1 0 0 0 1 0 0 0 1 parts/s/33230s01.dat
1 16 0 4 40 1 0 0 0 1 0 0 0 1 parts/s/33230s01.dat
1 16 40 4 40 1 0 0 0 1 0 0 0 1 parts/s/33230s01.dat
1 16 80 4 40 1 0 0 0 1 0 0 0 1 parts/s/33230s01.dat
1 16 120 4 40 1 0 0 0 1 0 0 0 1 parts/s/33230s01.dat
1 16 -120 4 80 1 0 0 0 1 0 0 0 1 parts/s/33230s01.dat
1 16 -80 4 80 1 0 0 0 1 0 0 0 1 parts/s/33230s01.dat
1 16 -40 4 80 1 0 0 0 1 0 0 0 1 parts/s/33230s01.dat
1 16 0 4 80 1 0 0 0 1 0 0 0 1 parts/s/33230s01.dat
1 16 40 4 80 1 0 0 0 1 0 0 0 1 parts/s/33230s01.dat
1 16 80 4 80 1 0 0 0 1 0 0 0 1 parts/s/33230s01.dat
1 16 -120 4 120 1 0 0 0 1 0 0 0 1 parts/s/33230s01.dat
1 16 -80 4 120 1 0 0 0 1 0 0 0 1 parts/s/33230s01.dat
1 16 -40 4 120 1 0 0 0 1 0 0 0 1 parts/s/33230s01.dat
1 16 0 4 120 1 0 0 0 1 0 0 0 1 parts/s/33230s01.dat
1 16 40 4 120 1 0 0 0 1 0 0 0 1 parts/s/33230s01.dat
1 16 -120 4 -148 0 0 -1 0 10 0 8 0 0 p/box3u5p.dat
1 16 -80 4 -148 0 0 -1 0 10 0 8 0 0 p/box3u5p.dat
1 16 -40 4 -148 0 0 -1 0 10 0 8 0 0 p/box3u5p.dat
1 16 0 4 -148 0 0 -1 0 10 0 8 0 0 p/box3u5p.dat
1 16 40 4 -148 0 0 -1 0 10 0 8 0 0 p/box3u5p.dat
1 16 80 4 -148 0 0 -1 0 10 0 8 0 0 p/box3u5p.dat
1 16 120 4 -148 0 0 -1 0 10 0 8 0 0 p/box3u5p.dat
1 16 -148 4 -120 8 0 0 0 10 0 0 0 1 p/box3u5p.dat
1 16 -148 4 -80 8 0 0 0 10 0 0 0 1 p/box3u5p.dat
1 16 -148 4 -40 8 0 0 0 10 0 0 0 1 p/box3u5p.dat
1 16 -148 4 0 8 0 0 0 10 0 0 0 1 p/box3u5p.dat
1 16 -148 4 40 8 0 0 0 10 0 0 0 1 p/box3u5p.dat
1 16 -148 4 80 8 0 0 0 10 0 0 0 1 p/box3u5p.dat
1 16 -148 4 120 8 0 0 0 10 0 0 0 1 p/box3u5p.dat
1 16 148 4 -120 -8 0 0 0 10 0 0 0 -1 p/box3u5p.dat
1 16 148 4 -80 -8 0 0 0 10 0 0 0 -1 p/box3u5p.dat
1 16 148 4 -40 -8 0 0 0 10 0 0 0 -1 p/box3u5p.dat
1 16 -120 4 148 0 0 1 0 10 0 -8 0 0 p/box3u5p.dat
1 16 -80 4 148 0 0 1 0 10 0 -8 0 0 p/box3u5p.dat
1 16 -40 4 148 0 0 1 0 10 0 -8 0 0 p/box3u5p.dat
1 16 0 4 146 0 0 1 0 10 0 -6 0 0 p/box3u5p.dat
1 16 80 4 108 0 0 1 0 10 0 -8 0 0 p/box3u5p.dat
1 16 120 4 67.5 0 0 1 0 10 0 -7.5 0 0 p/box3u5p.dat
1 16 146 4 0 -6 0 0 0 10 0 0 0 -1 p/box3u5p.dat
1 16 108 4 80 -8 0 0 0 10 0 0 0 -1 p/box3u5p.dat
1 16 67.5 4 120 -7.5 0 0 0 10 0 0 0 -1 p/box3u5p.dat
