0 BFC CERTIFY CCW
1 16 0 0 0 1 0 0 0 1 0 0 0 1 parts/s/3385s01.dat
1 16 0 0 0 -1 0 0 0 1 0 0 0 -1 parts/s/3385s01.dat
1 16 0 0 70 0 0 1 0 1 0 -1 0 0 p/stug-6x1.dat
1 16 0 0 90 0 0 1 0 1 0 -1 0 0 p/stug-4x1.dat
1 16 30 0 110 0 0 1 0 1 0 -1 0 0 p/stud.dat
1 16 -30 0 110 0 0 1 0 1 0 -1 0 0 p/stud.dat
1 16 0 0 -70 0 0 1 0 1 0 -1 0 0 p/stug-6x1.dat
1 16 0 0 -90 0 0 1 0 1 0 -1 0 0 p/stug-4x1.dat
1 16 30 0 -110 0 0 1 0 1 0 -1 0 0 p/stud.dat
1 16 -30 0 -110 0 0 1 0 1 0 -1 0 0 p/stud.dat
1 16 0 16 50 0 0 1 0 1 0 -1 0 0 p/stug2-5x1.dat
1 16 0 16 30 0 0 1 0 1 0 -1 0 0 p/stug2-5x1.dat
1 16 0 16 10 0 0 1 0 1 0 -1 0 0 p/stug2-5x1.dat
1 16 0 16 -10 0 0 1 0 1 0 -1 0 0 p/stug2-5x1.dat
1 16 0 16 -30 0 0 1 0 1 0 -1 0 0 p/stug2-5x1.dat
1 16 0 16 -50 0 0 1 0 1 0 -1 0 0 p/stug2-5x1.dat
