0 BFC CERTIFY CW
1 16 0 -4 0 8 0 0 0 1 0 0 0 8 p/4-4edge.dat
0 BFC INVERTNEXT
1 16 0 -4 0 8 0 0 0 -4 0 0 0 8 p/4-4cyli.dat
0 BFC INVERTNEXT
1 16 0 -8 0 7.5 0 0 0 -8 0 0 0 7.5 p/4-4cyli.dat
1 16 0 -8 0 7.5 0 0 0 1 0 0 0 7.5 p/4-4edge.dat
1 16 0 -8 0 8 0 0 0 1 0 0 0 8 p/4-4edge.dat
0 BFC INVERTNEXT
1 16 0 -16 0 8 0 0 0 -4 0 0 0 8 p/4-4cyli.dat
1 16 0 -16 0 7.5 0 0 0 1 0 0 0 7.5 p/4-4edge.dat
1 16 0 -16 0 8 0 0 0 1 0 0 0 8 p/4-4edge.dat
1 16 0 -20 0 8 0 0 0 1 0 0 0 8 p/4-4edge.dat
1 16 0 -8 0 0.5 0 0 0 -1 0 0 0 0.5 p/4-4rin15.dat
1 16 0 -16 0 0.5 0 0 0 1 0 0 0 0.5 p/4-4rin15.dat
1 16 0 -4 0 8 0 0 0 -1 0 0 0 8 p/4-4ndis.dat
4 16 -10 -4 10 -8 -4 8 8 -4 8 10 -4 10
4 16 -10 -4 -10 -8 -4 -8 -8 -4 8 -10 -4 10
4 16 10 -4 -10 8 -4 -8 -8 -4 -8 -10 -4 -10
4 16 10 -4 10 8 -4 8 8 -4 -8 10 -4 -10
1 16 0 -20 0 -8 0 0 0 1 0 0 0 8 p/4-4ndis.dat
4 16 10 -20 10 8 -20 8 -8 -20 8 -10 -20 10
4 16 10 -20 -10 8 -20 -8 8 -20 8 10 -20 10
4 16 -10 -20 -10 -8 -20 -8 8 -20 -8 10 -20 -10
4 16 -10 -20 10 -8 -20 8 -8 -20 -8 -10 -20 -10
1 16 0 -4 0 10 0 0 0 -8 0 0 0 10 p/box4.dat
1 16 -30 -16 0 1 0 0 0 -1 0 0 0 1 p/stud3.dat
0 BFC INVERTNEXT
1 16 -30 -12 0 16 0 0 0 -4 0 0 0 6 p/box5.dat
4 16 -50 -12 10 -46 -12 6 -14 -12 6 -10 -12 10
4 16 -50 -12 -10 -46 -12 -6 -46 -12 6 -50 -12 10
4 16 -10 -12 -10 -14 -12 -6 -46 -12 -6 -50 -12 -10
4 16 -10 -12 10 -14 -12 6 -14 -12 -6 -10 -12 -10
1 16 -30 -12 0 0 0 -20 0 -8 0 10 0 0 p/box4-4a.dat
1 16 -20 -20 0 1 0 0 0 1 0 0 0 1 p/stud.dat
1 16 -40 -20 0 1 0 0 0 1 0 0 0 1 p/stud.dat
1 16 0 -16 -30 0 0 -1 0 -1 0 1 0 0 p/stud3.dat
0 BFC INVERTNEXT
1 16 0 -12 -30 0 0 -6 0 -4 0 16 0 0 p/box5.dat
4 16 -10 -12 -50 -6 -12 -46 -6 -12 -14 -10 -12 -10
4 16 10 -12 -50 6 -12 -46 -6 -12 -46 -10 -12 -50
4 16 10 -12 -10 6 -12 -14 6 -12 -46 10 -12 -50
4 16 -10 -12 -10 -6 -12 -14 6 -12 -14 10 -12 -10
1 16 0 -12 -30 -10 0 0 0 -8 0 0 0 -20 p/box4-4a.dat
1 16 0 -20 -20 0 0 -1 0 1 0 1 0 0 p/stud.dat
1 16 0 -20 -40 0 0 -1 0 1 0 1 0 0 p/stud.dat
1 16 30 -16 0 -1 0 0 0 -1 0 0 0 -1 p/stud3.dat
0 BFC INVERTNEXT
1 16 30 -12 0 -16 0 0 0 -4 0 0 0 -6 p/box5.dat
4 16 50 -12 -10 46 -12 -6 14 -12 -6 10 -12 -10
4 16 50 -12 10 46 -12 6 46 -12 -6 50 -12 -10
4 16 10 -12 10 14 -12 6 46 -12 6 50 -12 10
4 16 10 -12 -10 14 -12 -6 14 -12 6 10 -12 10
1 16 30 -12 0 0 0 20 0 -8 0 -10 0 0 p/box4-4a.dat
1 16 20 -20 0 1 0 0 0 1 0 0 0 1 p/stud.dat
1 16 40 -20 0 1 0 0 0 1 0 0 0 1 p/stud.dat
1 16 0 -16 30 0 0 1 0 -1 0 -1 0 0 p/stud3.dat
0 BFC INVERTNEXT
1 16 0 -12 30 0 0 6 0 -4 0 -16 0 0 p/box5.dat
4 16 10 -12 50 6 -12 46 6 -12 14 10 -12 10
4 16 -10 -12 50 -6 -12 46 6 -12 46 10 -12 50
4 16 -10 -12 10 -6 -12 14 -6 -12 46 -10 -12 50
4 16 10 -12 10 6 -12 14 -6 -12 14 -10 -12 10
1 16 0 -12 30 10 0 0 0 -8 0 0 0 20 p/box4-4a.dat
1 16 0 -20 20 0 0 -1 0 1 0 1 0 0 p/stud.dat
1 16 0 -20 40 0 0 -1 0 1 0 1 0 0 p/stud.dat
