0 BFC CERTIFY CCW
1 16 10 4 0 1 0 0 0 -1 0 0 0 1 p/stud4.dat
1 16 -10 4 0 1 0 0 0 -1 0 0 0 1 p/stud4.dat
0 BFC INVERTNEXT
1 16 0 8 0 26 0 0 0 -4 0 0 0 16 p/box5.dat
4 16 30 8 20 26 8 16 -26 8 16 -30 8 20
4 16 -30 8 -20 -26 8 -16 26 8 -16 30 8 -20
4 16 30 8 -20 26 8 -16 26 8 16 30 8 20
4 16 -30 8 20 -26 8 16 -26 8 -16 -30 8 -20
1 16 0 8 0 30 0 0 0 -8 0 0 0 20 p/box5.dat
1 16 20 0 0 1 0 0 0 1 0 0 0 1 p/stug-2x1.dat
1 16 -20 0 0 1 0 0 0 1 0 0 0 1 p/stug-2x1.dat
1 16 0 -4 10 4.242641 0 4.242641 0 4 0 -4.242641 0 4.242641 p/3-4cylc.dat
1 16 0 -4 -10 -4.242641 0 -4.242641 0 4 0 4.242641 0 -4.242641 p/3-4cylc.dat
3 16 0 -4 10 -4.2426 -4 5.7574 4.2426 -4 5.7574
3 16 -4.2426 -4 -5.7574 0 -4 -10 4.2426 -4 -5.7574
1 16 0 0 0 3.75 0 0 0 1 0 0 0 3.75 p/4-4edge.dat
1 16 0 -8 0 7.5 0 0 0 1 0 0 0 7.5 p/4-4edge.dat
1 16 0 -8 0 8 0 0 0 1 0 0 0 8 p/4-4edge.dat
1 16 0 0 0 8 0 0 0 1 0 0 0 8 p/4-4edge.dat
1 16 0 -8 0 .5 0 0 0 1 0 0 0 .5 p/4-4rin15.dat
1 16 0 -8 0 8 0 0 0 8 0 0 0 8 p/4-4cyli.dat
1 16 0 -4 0 3.061467 0 -7.391036 0 1 0 7.391036 0 3.061467 p/1-8edge.dat
1 16 0 -4 0 -3.061467 0 7.391036 0 1 0 -7.391036 0 -3.061467 p/1-8edge.dat
0 BFC INVERTNEXT
1 16 0 -8 0 3.75 0 0 0 8 0 0 0 3.75 p/4-4cyli.dat
1 16 0 -16 0 0 0 7.5 0 8 0 -7.5 0 0 p/3-16cyli.dat
1 16 0 -20 0 0 0 8.125 0 4 0 -8.125 0 0 p/3-16cyli.dat
0 BFC INVERTNEXT
1 16 0 -20 0 0 0 3.75 0 12 0 -3.75 0 0 p/3-16cyli.dat
1 16 0 -20 0 0 0 3.75 0 1 0 -3.75 0 0 p/3-16ndis.dat
1 16 0 -20 0 0 0 8.125 0 1 0 -8.125 0 0 p/3-16chrd.dat
1 16 0 -16 0 0 0 .625 0 -1 0 -.625 0 0 p/3-16ring12.dat
3 16 0 -20 -3.75 0 -20 -8.125 3.75 -20 -3.75
3 16 3.75 -20 -3.75 0 -20 -8.125 7.5067 -20 -3.1094
3 16 3.75 -20 -3.75 7.5067 -20 -3.1094 3.4646 -20 -1.4351
1 16 0 -16 0 0 0 7.5 0 1 0 -7.5 0 0 p/3-16edge.dat
1 16 0 -16 0 0 0 8.125 0 1 0 -8.125 0 0 p/3-16edge.dat
1 16 0 -20 0 0 0 8.125 0 1 0 -8.125 0 0 p/3-16edge.dat
1 16 0 -20 0 0 0 3.75 0 1 0 -3.75 0 0 p/3-16edge.dat
1 16 0 -16 0 0 0 7.5 0 8 0 7.5 0 0 p/3-16cyli.dat
1 16 0 -20 0 0 0 8.125 0 4 0 8.125 0 0 p/3-16cyli.dat
0 BFC INVERTNEXT
1 16 0 -20 0 0 0 3.75 0 12 0 3.75 0 0 p/3-16cyli.dat
1 16 0 -20 0 0 0 3.75 0 1 0 3.75 0 0 p/3-16ndis.dat
1 16 0 -20 0 0 0 8.125 0 1 0 8.125 0 0 p/3-16chrd.dat
3 16 0 -20 8.125 0 -20 3.75 3.75 -20 3.75
3 16 0 -20 8.125 3.75 -20 3.75 7.5067 -20 3.1094
3 16 7.5067 -20 3.1094 3.75 -20 3.75 3.4646 -20 1.4351
1 16 0 -16 0 0 0 .625 0 -1 0 .625 0 0 p/3-16ring12.dat
1 16 0 -16 0 0 0 7.5 0 1 0 7.5 0 0 p/3-16edge.dat
1 16 0 -16 0 0 0 8.125 0 1 0 8.125 0 0 p/3-16edge.dat
1 16 0 -20 0 0 0 8.125 0 1 0 8.125 0 0 p/3-16edge.dat
1 16 0 -20 0 0 0 3.75 0 1 0 3.75 0 0 p/3-16edge.dat
1 16 0 -16 0 -5.303301 0 -5.303301 0 8 0 5.303301 0 -5.303301 p/1-4cyli.dat
1 16 0 -20 0 -5.745243 0 -5.745243 0 4 0 5.745243 0 -5.745243 p/1-4cyli.dat
0 BFC INVERTNEXT
1 16 0 -20 0 -3.464548 0 -1.435063 0 12 0 1.435063 0 -3.464548 p/1-8cyli.dat
1 16 0 -20 0 -3.464548 0 -1.435063 0 1 0 1.435063 0 -3.464548 p/1-8ndis.dat
1 16 0 -16 0 -.441942 0 -.441942 0 -1 0 .441942 0 -.441942 p/1-4rin12.dat
1 16 0 -20 0 -5.745243 0 -5.745243 0 1 0 5.745243 0 -5.745243 p/1-4chrd.dat
1 16 0 -16 0 -5.303301 0 -5.303301 0 1 0 5.303301 0 -5.303301 p/1-4edge.dat
1 16 0 -16 0 -5.745243 0 -5.745243 0 1 0 5.745243 0 -5.745243 p/1-4edge.dat
1 16 0 -20 0 -5.745243 0 -5.745243 0 1 0 5.745243 0 -5.745243 p/1-4edge.dat
1 16 0 -20 0 -3.464548 0 -1.435063 0 1 0 1.435063 0 -3.464548 p/1-8edge.dat
4 16 -2.8247 -20 -2.3926 -3.4645 -20 -1.435 -4.8996 -20 -2.0295 -5.7452 -20 -5.7452
3 16 -5.7452 -20 -5.7452 -4.8996 -20 -2.0295 -5.7452 -20 5.7452
3 16 -5.7452 -20 5.7452 -4.8996 -20 -2.0295 -3.4645 -20 1.4351
3 16 -5.7452 -20 5.7452 -3.4645 -20 1.4351 -2.8247 -20 2.3926
4 16 7.25 -8 1.25 6.9293 -8 2.8703 6.9293 -16 2.8703 7.2513 -16 1.25
4 16 6.9293 -8 -2.8703 7.25 -8 -1.25 7.2513 -16 -1.25 6.9293 -16 -2.8703
4 16 7.2513 -16 1.25 6.9293 -16 2.8703 7.5067 -16 3.1094 7.8763 -16 1.25
4 16 6.9293 -16 -2.8703 7.2513 -16 -1.25 7.8763 -16 -1.25 7.5067 -16 -3.1094
4 16 7.8763 -16 1.25 7.5067 -16 3.1094 7.5067 -20 3.1094 7.8763 -20 1.25
4 16 7.5067 -16 -3.1094 7.8763 -16 -1.25 7.8763 -20 -1.25 7.5067 -20 -3.1094
4 16 7.25 -10 1.25 7.2513 -16 1.25 3.5 -20 1.25 3.5011 -10 1.25
4 16 7.8763 -20 1.25 3.5 -20 1.25 7.2513 -16 1.25 7.8763 -16 1.25
4 16 7.8763 -20 1.25 7.5067 -20 3.1094 3.4646 -20 1.4351 3.5 -20 1.25
4 16 7.5067 -20 -3.1094 7.8763 -20 -1.25 3.5 -20 -1.25 3.4646 -20 -1.4351
4 16 7.8763 -16 -1.25 7.2513 -16 -1.25 3.5 -20 -1.25 7.8763 -20 -1.25
4 16 3.5 -20 -1.25 7.2513 -16 -1.25 7.25 -10 -1.25 3.5 -10 -1.25
4 16 3.4646 -20 1.4351 3.4646 -8 1.4351 3.5011 -10 1.25 3.5 -20 1.25
3 16 3.4646 -8 1.4351 3.5013 -8 1.25 3.5011 -10 1.25
3 16 3.5 -10 -1.25 3.5 -8 -1.25 3.4646 -8 -1.4351
4 16 3.5 -20 -1.25 3.5 -10 -1.25 3.4646 -8 -1.4351 3.4646 -20 -1.4351
1 16 7.5 -10 0 0 -1 -.25 2 0 0 0 0 -1.25 p/1-4ndis.dat
1 16 7.5 -10 0 0 -1 -.25 2 0 0 0 0 1.25 p/1-4ndis.dat
1 16 3.75 -10 0 0 1 -.25 2 0 0 0 0 -1.25 p/1-4ndis.dat
1 16 3.75 -10 0 0 1 -.25 2 0 0 0 0 1.25 p/1-4ndis.dat
0 BFC INVERTNEXT
1 16 7.5 -10 0 0 -3.75 -.25 2 0 0 0 0 -1.25 p/1-4cylo.dat
0 BFC INVERTNEXT
1 16 7.5 -10 0 0 -3.75 -.25 2 0 0 0 0 1.25 p/1-4cylo.dat
4 16 -3.4646 -8 -1.4351 -3.4645 -20 -1.435 -2.8247 -20 -2.3926 -2.8247 -10 -2.3926
3 16 -3.4646 -8 -1.4351 -2.8247 -10 -2.3926 -2.7658 -9.2346 -2.4808
4 16 -2.6516 -8 -2.6516 -3.4646 -8 -1.4351 -2.7658 -9.2346 -2.4808 -2.6516 -8.7933 -2.6516
3 16 -2.6516 -8.7933 -2.6516 -2.5794 -8.5858 -2.6999 -2.6516 -8 -2.6516
3 16 -2.6516 -8 -2.6516 -2.5794 -8.5858 -2.6999 -2.2415 -8.1522 -2.9257
3 16 -2.6516 -8 -2.6516 -2.2415 -8.1522 -2.9257 -1.8429 -8 -3.1921
3 16 -1.8429 -8 -3.1921 -1.4447 -8.1522 -3.4591 -1.4351 -8 -3.4646
3 16 -1.4351 -8 -3.4646 -1.4447 -8.1522 -3.4591 -1.0266 -8.5858 -3.5459
3 16 -1.4351 -8 -3.4646 -1.0266 -8.5858 -3.5459 0 -8 -3.75
3 16 0 -8 -3.75 -1.0266 -8.5858 -3.5459 -.7459 -9.2346 -3.6017
3 16 0 -8 -3.75 -.7459 -9.2346 -3.6017 -.6474 -10 -3.6213
4 16 0 -8 -3.75 -.6474 -10 -3.6213 -.6474 -20 -3.6213 0 -20 -3.75
4 16 0 -20 -3.75 -.6474 -20 -3.6213 -2.9132 -20 -7.5457 0 -20 -8.125
4 16 0 -16 -8.125 0 -20 -8.125 -2.9132 -20 -7.5457 -2.9132 -16 -7.5457
4 16 0 -16 -7.5 0 -16 -8.125 -2.9132 -16 -7.5457 -2.5895 -16 -6.9851
4 16 0 -16 -7.5 -2.5895 -16 -6.9851 -2.5895 -10 -6.9851 0 -8 -7.5
3 16 0 -8 -7.5 -2.5895 -10 -6.9851 -2.688 -9.2346 -6.9655
3 16 0 -8 -7.5 -2.688 -9.2346 -6.9655 -2.8703 -8.8134 -6.9293
3 16 0 -8 -7.5 -2.8703 -8.8134 -6.9293 -2.8703 -8 -6.9293
3 16 -2.8703 -8 -6.9293 -2.8703 -8.8134 -6.9293 -2.9494 -8.5858 -6.8763
3 16 -2.8703 -8 -6.9293 -2.9494 -8.5858 -6.8763 -3.2873 -8.1522 -6.6505
3 16 -2.8703 -8 -6.9293 -3.2873 -8.1522 -6.6505 -3.6859 -8 -6.3841
3 16 -5.3033 -8 -5.3033 -3.6859 -8 -6.3841 -4.0845 -8.1522 -6.1178
3 16 -5.3033 -8 -5.3033 -4.0845 -8.1522 -6.1178 -4.4223 -8.5858 -5.892
3 16 -5.3033 -8 -5.3033 -4.4223 -8.5858 -5.892 -4.6481 -9.2346 -5.7411
3 16 -5.3033 -8 -5.3033 -4.6481 -9.2346 -5.7411 -4.7274 -10 -5.6881
4 16 -5.3033 -16 -5.3033 -5.3033 -8 -5.3033 -4.7274 -10 -5.6881 -4.7274 -16 -5.6881
4 16 -5.3033 -16 -5.3033 -4.7274 -16 -5.6881 -5.0345 -16 -6.2201 -5.7452 -16 -5.7452
4 16 -5.7452 -20 -5.7452 -5.7452 -16 -5.7452 -5.0345 -16 -6.2201 -5.0345 -20 -6.2201
3 16 -5.7452 -20 -5.7452 -5.0345 -20 -6.2201 -2.8247 -20 -2.3926
4 16 -5.0345 -16 -6.2201 -4.7274 -16 -5.6881 -2.8247 -20 -2.3926 -5.0345 -20 -6.2201
4 16 -2.8247 -10 -2.3926 -2.8247 -20 -2.3926 -4.7274 -16 -5.6881 -4.7274 -10 -5.6881
4 16 -4.7274 -10 -5.6881 -4.6481 -9.2346 -5.7411 -2.7658 -9.2346 -2.4808 -2.8247 -10 -2.3926
4 16 -2.7658 -9.2346 -2.4808 -4.6481 -9.2346 -5.7411 -4.4223 -8.5858 -5.892 -2.6516 -8.7933 -2.6516
3 16 -2.5794 -8.5858 -2.6999 -2.6516 -8.7933 -2.6516 -4.4223 -8.5858 -5.892
4 16 -2.2415 -8.1522 -2.9257 -2.5794 -8.5858 -2.6999 -4.4223 -8.5858 -5.892 -4.0845 -8.1522 -6.1178
4 16 -4.0845 -8.1522 -6.1178 -3.6859 -8 -6.3841 -1.8429 -8 -3.1921 -2.2415 -8.1522 -2.9257
4 16 -3.6859 -8 -6.3841 -3.2873 -8.1522 -6.6505 -1.4447 -8.1522 -3.4591 -1.8429 -8 -3.1921
4 16 -1.4447 -8.1522 -3.4591 -3.2873 -8.1522 -6.6505 -2.9494 -8.5858 -6.8763 -1.0266 -8.5858 -3.5459
3 16 -2.9494 -8.5858 -6.8763 -2.8703 -8.8134 -6.9293 -1.0266 -8.5858 -3.5459
4 16 -2.8703 -8.8134 -6.9293 -2.688 -9.2346 -6.9655 -.7459 -9.2346 -3.6017 -1.0266 -8.5858 -3.5459
4 16 -2.688 -9.2346 -6.9655 -2.5895 -10 -6.9851 -.6474 -10 -3.6213 -.7459 -9.2346 -3.6017
4 16 -.6474 -10 -3.6213 -2.5895 -10 -6.9851 -2.5895 -16 -6.9851 -.6474 -20 -3.6213
4 16 -2.9132 -20 -7.5457 -.6474 -20 -3.6213 -2.5895 -16 -6.9851 -2.9132 -16 -7.5457
4 16 -2.8247 -20 2.3926 -3.4645 -20 1.4351 -3.4646 -8 1.4351 -2.8247 -10 2.3926
3 16 -2.8247 -10 2.3926 -3.4646 -8 1.4351 -2.7658 -9.2346 2.4808
4 16 -3.4646 -8 1.4351 -2.6516 -8 2.6516 -2.6516 -8.7933 2.6516 -2.7658 -9.2346 2.4808
3 16 -2.5794 -8.5858 2.6999 -2.6516 -8.7933 2.6516 -2.6516 -8 2.6516
3 16 -2.5794 -8.5858 2.6999 -2.6516 -8 2.6516 -2.2415 -8.1522 2.9257
3 16 -2.2415 -8.1522 2.9257 -2.6516 -8 2.6516 -1.8429 -8 3.1921
3 16 -1.4447 -8.1522 3.4591 -1.8429 -8 3.1921 -1.4351 -8 3.4646
3 16 -1.4447 -8.1522 3.4591 -1.4351 -8 3.4646 -1.0266 -8.5858 3.5459
3 16 -1.0266 -8.5858 3.5459 -1.4351 -8 3.4646 0 -8 3.75
3 16 -1.0266 -8.5858 3.5459 0 -8 3.75 -.7459 -9.2346 3.6017
3 16 -.7459 -9.2346 3.6017 0 -8 3.75 -.6474 -10 3.6213
4 16 0 -8 3.75 0 -20 3.75 -.6474 -20 3.6213 -.6474 -10 3.6213
4 16 -2.9132 -20 7.5457 -.6474 -20 3.6213 0 -20 3.75 0 -20 8.125
4 16 -2.9132 -20 7.5457 0 -20 8.125 0 -16 8.125 -2.9132 -16 7.5457
4 16 -2.9132 -16 7.5457 0 -16 8.125 0 -16 7.5 -2.5895 -16 6.9851
4 16 -2.5895 -10 6.9851 -2.5895 -16 6.9851 0 -16 7.5 0 -8 7.5
3 16 -2.5895 -10 6.9851 0 -8 7.5 -2.688 -9.2346 6.9655
3 16 -2.688 -9.2346 6.9655 0 -8 7.5 -2.8703 -8.8134 6.9293
3 16 -2.8703 -8.8134 6.9293 0 -8 7.5 -2.8703 -8 6.9293
3 16 -2.8703 -8.8134 6.9293 -2.8703 -8 6.9293 -2.9494 -8.5858 6.8763
3 16 -2.9494 -8.5858 6.8763 -2.8703 -8 6.9293 -3.2873 -8.1522 6.6505
3 16 -3.2873 -8.1522 6.6505 -2.8703 -8 6.9293 -3.6859 -8 6.3841
3 16 -3.6859 -8 6.3841 -5.3033 -8 5.3033 -4.0845 -8.1522 6.1178
3 16 -4.0845 -8.1522 6.1178 -5.3033 -8 5.3033 -4.4223 -8.5858 5.892
3 16 -4.4223 -8.5858 5.892 -5.3033 -8 5.3033 -4.6481 -9.2346 5.7411
3 16 -4.6481 -9.2346 5.7411 -5.3033 -8 5.3033 -4.7274 -10 5.6881
4 16 -4.7274 -10 5.6881 -5.3033 -8 5.3033 -5.3033 -16 5.3033 -4.7274 -16 5.6881
4 16 -5.0345 -16 6.2201 -4.7274 -16 5.6881 -5.3033 -16 5.3033 -5.7452 -16 5.7452
4 16 -5.0345 -16 6.2201 -5.7452 -16 5.7452 -5.7452 -20 5.7452 -5.0345 -20 6.2201
3 16 -5.0345 -20 6.2201 -5.7452 -20 5.7452 -2.8247 -20 2.3926
3 16 -5.0345 -16 6.2201 -5.0345 -20 6.2201 -4.7274 -16 5.6881
3 16 -2.8247 -20 2.3926 -4.7274 -16 5.6881 -5.0345 -20 6.2201
4 16 -4.7274 -16 5.6881 -2.8247 -20 2.3926 -2.8247 -10 2.3926 -4.7274 -10 5.6881
4 16 -4.7274 -10 5.6881 -2.8247 -10 2.3926 -2.7658 -9.2346 2.4808 -4.6481 -9.2346 5.7411
4 16 -2.7658 -9.2346 2.4808 -2.6516 -8.7933 2.6516 -4.4223 -8.5858 5.892 -4.6481 -9.2346 5.7411
3 16 -2.6516 -8.7933 2.6516 -2.5794 -8.5858 2.6999 -4.4223 -8.5858 5.892
4 16 -4.4223 -8.5858 5.892 -2.5794 -8.5858 2.6999 -2.2415 -8.1522 2.9257 -4.0845 -8.1522 6.1178
4 16 -1.8429 -8 3.1921 -3.6859 -8 6.3841 -4.0845 -8.1522 6.1178 -2.2415 -8.1522 2.9257
4 16 -1.4447 -8.1522 3.4591 -3.2873 -8.1522 6.6505 -3.6859 -8 6.3841 -1.8429 -8 3.1921
4 16 -1.0266 -8.5858 3.5459 -2.9494 -8.5858 6.8763 -3.2873 -8.1522 6.6505 -1.4447 -8.1522 3.4591
3 16 -2.8703 -8.8134 6.9293 -2.9494 -8.5858 6.8763 -1.0266 -8.5858 3.5459
4 16 -.7459 -9.2346 3.6017 -2.688 -9.2346 6.9655 -2.8703 -8.8134 6.9293 -1.0266 -8.5858 3.5459
4 16 -.6474 -10 3.6213 -2.5895 -10 6.9851 -2.688 -9.2346 6.9655 -.7459 -9.2346 3.6017
4 16 -2.5895 -16 6.9851 -2.5895 -10 6.9851 -.6474 -10 3.6213 -.6474 -20 3.6213
4 16 -2.5895 -16 6.9851 -.6474 -20 3.6213 -2.9132 -20 7.5457 -2.9132 -16 7.5457
