0 BFC CERTIFY CCW
1 16 0 4 0 1 0 0 0 -1 0 0 0 1 p/stud3.dat
0 BFC INVERTNEXT
1 16 0 8 0 16 0 0 0 -4 0 0 0 6 p/box5.dat
4 16 20 8 10 16 8 6 -16 8 6 -20 8 10
4 16 -20 8 10 -16 8 6 -16 8 -6 -20 8 -10
4 16 -20 8 -10 -16 8 -6 16 8 -6 20 8 -10
4 16 20 8 -10 16 8 -6 16 8 6 20 8 10
1 16 0 8 0 20 0 0 0 -8 0 0 0 10 p/box5.dat
1 16 40 4 30 0 1 0 8 0 0 0 0 8 p/48/4-4edge.dat
1 16 40 4 30 0 -1 0 2 0 0 0 0 2 p/4-4ring3.dat
1 16 -40 4 30 0 1 0 2 0 0 0 0 2 p/4-4ring3.dat
1 16 40 4 30 0 -1 0 8 0 0 0 0 8 p/48/4-4aring.dat
1 16 -40 4 30 0 1 0 8 0 0 0 0 8 p/48/4-4aring.dat
1 16 -40 4 30 0 1 0 8 0 0 0 0 8 p/48/4-4edge.dat
1 16 16 4 30 0 24 0 4 0 0 0 0 4 p/48/4-4con2.dat
1 16 -16 4 30 0 -24 0 4 0 0 0 0 -4 p/48/4-4con2.dat
0 BFC INVERTNEXT
1 16 -40 4 30 0 80 0 6 0 0 0 0 6 p/4-4cylo.dat
1 16 16 4 30 0 -32 0 12 0 0 0 0 12 p/48/4-4cylo.dat
1 16 0 0 0 1 0 0 0 1 0 0 0 1 p/stug-1x2.dat
4 16 16 2 18.18946 16 2 18 16 6 18 16 6 18.18946
4 16 16 6 18 16 2 18 20 2 10 20 6 10
4 16 -16 6 18 -16 2 18 -16 2 18.18946 -16 6 18.18946
4 16 -20 2 10 -16 2 18 -16 6 18 -20 6 10
1 16 0 2 18.09473 16 0 0 0 1 0 0 0 0.09472938 p/rect3.dat
4 16 -20 2 10 20 2 10 16 2 18 -16 2 18
4 16 -16 6 18 16 6 18 20 6 10 -20 6 10
4 16 16 6 18 -16 6 18 -16 6 18.18946 16 6 18.18946
