0 BFC CERTIFY CCW
1 16 280 0 160 1 0 0 0 1 0 0 0 1 p/stug-16x16.dat
1 16 280 0 -160 1 0 0 0 1 0 0 0 1 p/stug-16x16.dat
1 16 -280 0 160 1 0 0 0 1 0 0 0 1 p/stug-16x16.dat
1 16 -280 0 -160 1 0 0 0 1 0 0 0 1 p/stug-16x16.dat
1 16 0 0 200 1 0 0 0 1 0 0 0 1 p/stug-12x12.dat
1 16 0 0 -200 1 0 0 0 1 0 0 0 1 p/stug-12x12.dat
1 16 60 0 0 1 0 0 0 1 0 0 0 1 p/stug-6x6.dat
1 16 -60 0 0 1 0 0 0 1 0 0 0 1 p/stug-6x6.dat
1 16 0 0 70 1 0 0 0 1 0 0 0 1 p/stug-1x12.dat
1 16 0 0 -70 1 0 0 0 1 0 0 0 1 p/stug-1x12.dat
1 16 -433 4 313 0 0 -2 0 -1 0 2 0 0 p/1-4chrd.dat
1 16 433 4 313 0 0 2 0 -1 0 2 0 0 p/1-4chrd.dat
1 16 -433 4 -313 0 0 -2 0 -1 0 -2 0 0 p/1-4chrd.dat
1 16 433 4 -313 0 0 2 0 -1 0 -2 0 0 p/1-4chrd.dat
1 16 434 0 -314 0 0 6 0 48 0 -6 0 0 p/1-4cylo.dat
1 16 434 0 -314 0 0 6 0 1 0 -6 0 0 p/1-4chrd.dat
1 16 434 48 -314 0 0 3 0 -1 0 -3 0 0 p/1-4ring1.dat
0 BFC INVERTNEXT
1 16 434 42 -314 0 0 3 0 6 0 -3 0 0 p/1-4cylo.dat
1 16 434 42 -314 0 0 3 0 -1 0 -3 0 0 p/1-4chrd.dat
0 BFC INVERTNEXT
1 16 433 4 -313 0 0 2 0 38 0 -2 0 0 p/1-4cylo.dat
1 16 433 42 -313 0 0 2 0 -1 0 -2 0 0 p/1-4ndis.dat
3 16 434 42 -317 433 42 -315 435 42 -315
3 16 434 42 -317 435 42 -315 437 42 -314
3 16 437 42 -314 435 42 -315 435 42 -313
1 16 434 0 314 0 0 6 0 48 0 6 0 0 p/1-4cylo.dat
1 16 434 0 314 0 0 6 0 1 0 6 0 0 p/1-4chrd.dat
1 16 434 48 314 0 0 3 0 -1 0 3 0 0 p/1-4ring1.dat
0 BFC INVERTNEXT
1 16 434 42 314 0 0 3 0 6 0 3 0 0 p/1-4cylo.dat
1 16 434 42 314 0 0 3 0 -1 0 3 0 0 p/1-4chrd.dat
0 BFC INVERTNEXT
1 16 433 4 313 0 0 2 0 38 0 2 0 0 p/1-4cylo.dat
1 16 433 42 313 0 0 2 0 -1 0 2 0 0 p/1-4ndis.dat
3 16 433 42 315 434 42 317 435 42 315
3 16 435 42 315 434 42 317 437 42 314
3 16 435 42 315 437 42 314 435 42 313
1 16 438.5 45 0 0 0 -1.5 0 3 0 314 0 0 p/box2-9p.dat
4 16 437 42 -314 435 42 -313 435 42 313 437 42 314
1 16 435 23 0 0 1 0 0 0 -19 -313 0 0 p/rect2p.dat
1 16 0 45 -318.5 434 0 0 0 3 0 0 0 1.5 p/box2-9p.dat
4 16 -434 42 -317 -433 42 -315 433 42 -315 434 42 -317
1 16 0 23 -315 -433 0 0 0 0 -19 0 -1 0 p/rect2p.dat
1 16 0 24 -320 0 0 434 -24 0 0 0 1 0 p/rect1.dat
1 16 -434 0 314 0 0 -6 0 48 0 6 0 0 p/1-4cylo.dat
1 16 -434 0 314 0 0 -6 0 1 0 6 0 0 p/1-4chrd.dat
1 16 -434 48 314 0 0 -3 0 -1 0 3 0 0 p/1-4ring1.dat
0 BFC INVERTNEXT
1 16 -434 42 314 0 0 -3 0 6 0 3 0 0 p/1-4cylo.dat
1 16 -434 42 314 0 0 -3 0 -1 0 3 0 0 p/1-4chrd.dat
0 BFC INVERTNEXT
1 16 -433 4 313 0 0 -2 0 38 0 2 0 0 p/1-4cylo.dat
1 16 -433 42 313 0 0 -2 0 -1 0 2 0 0 p/1-4ndis.dat
3 16 -434 42 317 -433 42 315 -435 42 315
3 16 -434 42 317 -435 42 315 -437 42 314
3 16 -437 42 314 -435 42 315 -435 42 313
1 16 -434 0 -314 0 0 -6 0 48 0 -6 0 0 p/1-4cylo.dat
1 16 -434 0 -314 0 0 -6 0 1 0 -6 0 0 p/1-4chrd.dat
1 16 -434 48 -314 0 0 -3 0 -1 0 -3 0 0 p/1-4ring1.dat
0 BFC INVERTNEXT
1 16 -434 42 -314 0 0 -3 0 6 0 -3 0 0 p/1-4cylo.dat
1 16 -434 42 -314 0 0 -3 0 -1 0 -3 0 0 p/1-4chrd.dat
0 BFC INVERTNEXT
1 16 -433 4 -313 0 0 -2 0 38 0 -2 0 0 p/1-4cylo.dat
1 16 -433 42 -313 0 0 -2 0 -1 0 -2 0 0 p/1-4ndis.dat
3 16 -433 42 -315 -434 42 -317 -435 42 -315
3 16 -435 42 -315 -434 42 -317 -437 42 -314
3 16 -435 42 -315 -437 42 -314 -435 42 -313
1 16 -438.5 45 0 0 0 1.5 0 3 0 -314 0 0 p/box2-9p.dat
4 16 -437 42 314 -435 42 313 -435 42 -313 -437 42 -314
1 16 -435 23 0 0 -1 0 0 0 -19 313 0 0 p/rect2p.dat
1 16 0 45 318.5 -434 0 0 0 3 0 0 0 -1.5 p/box2-9p.dat
4 16 434 42 317 433 42 315 -433 42 315 -434 42 317
1 16 0 23 315 433 0 0 0 0 -19 0 1 0 p/rect2p.dat
1 16 0 24 320 0 0 -434 -24 0 0 0 -1 0 p/rect1.dat
1 16 0 48 0 0 0 440 0 -48 0 314 0 0 p/box3u8p.dat
4 16 -440 0 -314 -434 0 -320 434 0 -320 440 0 -314
4 16 435 4 -313 433 4 -315 -433 4 -315 -435 4 -313
4 16 434 0 320 -434 0 320 -440 0 314 440 0 314
4 16 -433 4 315 433 4 315 435 4 313 -435 4 313
4 16 -435 4 -313 -435 4 313 435 4 313 435 4 -313
1 16 0 4 -281.5 -399 0 0 0 44 0 0 0 2.5 p/box3u8p.dat
1 16 -399 4 -279 0 0 -5 0 44 0 -5 0 0 p/1-4cylo.dat
1 16 -399 48 -279 0 0 -5 0 -1 0 -5 0 0 p/1-4chrd.dat
1 16 -401.5 4 0 0 0 2.5 0 44 0 279 0 0 p/box3u8p.dat
3 16 -399 48 -279 -399 48 -284 -404 48 -279
1 16 -399 4 279 0 0 -5 0 44 0 5 0 0 p/1-4cylo.dat
1 16 -399 48 279 0 0 -5 0 -1 0 5 0 0 p/1-4chrd.dat
3 16 -399 48 284 -399 48 279 -404 48 279
1 16 0 4 281.5 399 0 0 0 44 0 0 0 -2.5 p/box3u8p.dat
1 16 399 4 279 0 0 5 0 44 0 5 0 0 p/1-4cylo.dat
1 16 399 48 279 0 0 5 0 -1 0 5 0 0 p/1-4chrd.dat
1 16 401.5 4 0 0 0 -2.5 0 44 0 -279 0 0 p/box3u8p.dat
3 16 399 48 279 399 48 284 404 48 279
1 16 399 4 -279 0 0 5 0 44 0 -5 0 0 p/1-4cylo.dat
1 16 399 48 -279 0 0 5 0 -1 0 -5 0 0 p/1-4chrd.dat
3 16 399 48 -284 399 48 -279 404 48 -279
4 16 70 45 2.5 -70 45 2.5 -84 42 2.5 83 42 2.5
4 16 102 32 2.5 83 42 2.5 -84 42 2.5 -102 32 2.5
4 16 115 29 2.5 102 32 2.5 -102 32 2.5 -115 29 2.5
1 16 0 16.5 2.5 -399 0 0 0 0 -12.5 0 -1 0 p/rect3.dat
4 16 -84 42 -2.5 -70 45 -2.5 70 45 -2.5 83 42 -2.5
4 16 -84 42 -2.5 83 42 -2.5 102 32 -2.5 -102 32 -2.5
4 16 -102 32 -2.5 102 32 -2.5 115 29 -2.5 -115 29 -2.5
1 16 0 16.5 -2.5 399 0 0 0 0 -12.5 0 1 0 p/rect3.dat
4 16 83 42 2.5 83 42 -2.5 70 45 -2.5 70 45 2.5
4 16 102 32 2.5 102 32 -2.5 83 42 -2.5 83 42 2.5
4 16 115 29 2.5 115 29 -2.5 102 32 -2.5 102 32 2.5
4 16 399 29 2.5 399 29 -2.5 115 29 -2.5 115 29 2.5
4 16 -115 29 2.5 -115 29 -2.5 -399 29 -2.5 -399 29 2.5
4 16 -102 32 2.5 -102 32 -2.5 -115 29 -2.5 -115 29 2.5
4 16 -84 42 2.5 -84 42 -2.5 -102 32 -2.5 -102 32 2.5
4 16 -70 45 2.5 -70 45 -2.5 -84 42 -2.5 -84 42 2.5
4 16 70 45 2.5 70 45 -2.5 -70 45 -2.5 -70 45 2.5
4 16 2.5 27 -85 2.5 37 -66 2.5 37 67 2.5 27 85
4 16 2.5 24 -98 2.5 27 -85 2.5 27 85 2.5 24 98
1 16 2.5 14 0 0 -1 0 0 0 -10 279 0 0 p/rect3.dat
4 16 -2.5 37 67 -2.5 37 -66 -2.5 27 -85 -2.5 27 85
4 16 -2.5 27 85 -2.5 27 -85 -2.5 24 -98 -2.5 24 98
1 16 -2.5 14 0 0 1 0 0 0 -10 -279 0 0 p/rect3.dat
4 16 2.5 27 -85 -2.5 27 -85 -2.5 37 -66 2.5 37 -66
4 16 2.5 24 -98 -2.5 24 -98 -2.5 27 -85 2.5 27 -85
4 16 2.5 24 -279 -2.5 24 -279 -2.5 24 -98 2.5 24 -98
4 16 2.5 24 98 -2.5 24 98 -2.5 24 279 2.5 24 279
4 16 2.5 27 85 -2.5 27 85 -2.5 24 98 2.5 24 98
4 16 2.5 37 67 -2.5 37 67 -2.5 27 85 2.5 27 85
1 16 0 37 0.5 -2.5 0 0 0 -1 0 0 0 66.5 p/rect.dat
