0 BFC CERTIFY CCW
1 16 0 0 0 1 0 0 0 -1 0 0 0 -1 parts/s/32269s01.dat
1 16 0 0 0 0 1 0 1 0 0 0 0 -1 parts/s/32269s01.dat
1 16 0 0 0 -1 0 0 0 1 0 0 0 -1 parts/s/32269s01.dat
1 16 0 0 0 0 -1 0 -1 0 0 0 0 -1 parts/s/32269s01.dat
1 16 0 0 0 1 0 0 0 0 -1 0 1 0 p/connhole.dat
1 16 0 0 -2 9 0 0 0 0 9 0 1 0 p/4-4ring1.dat
1 16 0 0 -10 9 0 0 0 0 9 0 8 0 p/4-4cylo.dat
0 BFC INVERTNEXT
1 16 0 0 -10 17 0 0 0 0 17 0 8 0 p/48/4-4cylo.dat
1 16 0 0 -10 1.4167 0 0 0 0 1.4167 0 1 0 p/48/4-4rin12.dat
1 16 0 0 2 9 0 0 0 0 9 0 -1 0 p/4-4ring1.dat
1 16 0 0 10 9 0 0 0 0 9 0 -8 0 p/4-4cylo.dat
0 BFC INVERTNEXT
1 16 0 0 10 17 0 0 0 0 17 0 -8 0 p/48/4-4cylo.dat
1 16 0 0 10 1.4167 0 0 0 0 1.4167 0 -1 0 p/48/4-4rin12.dat
1 16 0 0 0 1 0 0 0 -1 0 0 0 -1 parts/s/35185s01.dat
1 16 0 0 0 0 1 0 1 0 0 0 0 -1 parts/s/35185s01.dat
1 16 0 0 0 -1 0 0 0 1 0 0 0 -1 parts/s/35185s01.dat
1 16 0 0 0 0 -1 0 -1 0 0 0 0 -1 parts/s/35185s01.dat
1 16 0 0 0 1 0 0 0 -1 0 0 0 1 parts/s/35185s01.dat
1 16 0 0 0 0 1 0 1 0 0 0 0 1 parts/s/35185s01.dat
1 16 0 0 0 -1 0 0 0 1 0 0 0 1 parts/s/35185s01.dat
1 16 0 0 0 0 -1 0 -1 0 0 0 0 1 parts/s/35185s01.dat
