0 BFC CERTIFY CCW
1 16 0 0 0 1 0 0 0 1 0 0 0 1 parts/s/3587s01.dat
1 16 2 -70 64 0 -1 0 -10 0 0 0 0 10 p/1-4chrd.dat
3 16 2 -16 30 2 0 -30 2 0 30
4 16 2 -80 64 2 -77.717 52.519 2 -71.213 42.787 2 -70 74
4 16 2 -71.213 42.787 2 0 -30 2 -16 30 2 -70 74
3 16 2 -70 74 2 -16 30 2 -16 70
1 16 -2 -70 64 0 1 0 -10 0 0 0 0 10 p/1-4chrd.dat
3 16 -2 -16 30 -2 0 30 -2 0 -30
4 16 -2 -77.717 52.519 -2 -80 64 -2 -70 74 -2 -71.213 42.787
4 16 -2 -71.213 42.787 -2 -70 74 -2 -16 30 -2 0 -30
3 16 -2 -70 74 -2 -16 70 -2 -16 30
