0 BFC CERTIFY CCW
1 16 0 4 20 1 0 0 0 -1 0 0 0 1 p/stud4.dat
1 16 0 4 0 1 0 0 0 -1 0 0 0 1 p/stud4.dat
1 16 0 4 -20 1 0 0 0 -1 0 0 0 1 p/stud4.dat
0 BFC INVERTNEXT
1 16 0 8 0 16 0 0 0 -4 0 0 0 36 p/box5.dat
1 16 0 8 0 20 0 0 0 -8 0 0 0 40 p/box4o4a.dat
1 16 0 0 -24 2 0 0 0 -4 0 0 0 4 p/box4o4a.dat
4 16 20 8 40 16 8 36 -16 8 36 -20 8 40
4 16 -20 8 40 -16 8 36 -16 8 -36 -20 8 -40
4 16 -20 8 -40 -16 8 -36 16 8 -36 20 8 -40
4 16 20 8 -40 16 8 -36 16 8 36 20 8 40
1 16 20 -4 -24 0 1 0 0 0 4 4 0 0 p/2-4edge.dat
1 16 16 -4 -24 0 1 0 0 0 4 4 0 0 p/2-4edge.dat
1 16 2 -4 -24 0 1 0 0 0 -4 4 0 0 p/2-4edge.dat
1 16 -2 -4 -24 0 1 0 0 0 -4 4 0 0 p/2-4edge.dat
1 16 -16 -4 -24 0 1 0 0 0 4 4 0 0 p/2-4edge.dat
1 16 -20 -4 -24 0 1 0 0 0 4 4 0 0 p/2-4edge.dat
1 16 0 0 16 20 0 0 0 1 0 0 0 24 p/rect3.dat
1 16 0 0 -24 -16 0 0 0 1 0 0 0 -16 p/rect3.dat
1 16 20 -4 -24 0 -1 0 0 0 4 4 0 0 p/2-4ndis.dat
4 16 20 0 -16 20 -14 -16 20 -8 -20 20 0 -20
4 16 20 0 -28 20 -8 -28 20 -14 -32 20 0 -32
1 16 16 -4 -24 0 1 0 0 0 4 4 0 0 p/2-4ndis.dat
4 16 -20 0 -32 -20 -14 -32 -20 -8 -28 -20 0 -28
4 16 -20 0 -20 -20 -8 -20 -20 -14 -16 -20 0 -16
1 16 2 -4 -24 0 -1 0 0 0 -4 4 0 0 p/2-4disc.dat
1 16 -2 -4 -24 0 1 0 0 0 -4 4 0 0 p/2-4disc.dat
1 16 -16 -4 -24 0 -1 0 0 0 4 4 0 0 p/2-4ndis.dat
4 16 -16 0 -16 -16 -14 -16 -16 -8 -20 -16 0 -20
4 16 -16 0 -28 -16 -8 -28 -16 -14 -32 -16 0 -32
1 16 -20 -4 -24 0 1 0 0 0 4 4 0 0 p/2-4ndis.dat
4 16 16 0 -32 16 -14 -32 16 -8 -28 16 0 -28
4 16 16 0 -20 16 -8 -20 16 -14 -16 16 0 -16
0 BFC INVERTNEXT
1 16 20 -4 -24 0 -4 0 0 0 4 4 0 0 p/2-4cyli.dat
1 16 2 -4 -24 0 -4 0 0 0 -4 4 0 0 p/2-4cyli.dat
0 BFC INVERTNEXT
1 16 -20 -4 -24 0 4 0 0 0 4 4 0 0 p/2-4cyli.dat
1 16 -20 0 -32 0 4 0 -14 0 0 0 0 -8 p/1-4cyli.dat
1 16 -20 0 -32 0 1 0 -14 0 0 0 0 -8 p/1-4edge.dat
1 16 -16 0 -32 0 1 0 -14 0 0 0 0 -8 p/1-4edge.dat
1 16 -16 0 -32 0 -1 0 -14 0 0 0 0 -8 p/1-4disc.dat
1 16 -20 0 -32 0 1 0 -14 0 0 0 0 -8 p/1-4disc.dat
1 16 -16 0 -16 0 -4 0 -14 0 0 0 0 8 p/1-4cyli.dat
1 16 -16 0 -16 0 -1 0 -14 0 0 0 0 8 p/1-4edge.dat
1 16 -20 0 -16 0 -1 0 -14 0 0 0 0 8 p/1-4edge.dat
1 16 -20 0 -16 0 1 0 -14 0 0 0 0 8 p/1-4disc.dat
1 16 -16 0 -16 0 -1 0 -14 0 0 0 0 8 p/1-4disc.dat
1 16 16 0 -32 0 4 0 -14 0 0 0 0 -8 p/1-4cyli.dat
1 16 16 0 -32 0 1 0 -14 0 0 0 0 -8 p/1-4edge.dat
1 16 20 0 -32 0 1 0 -14 0 0 0 0 -8 p/1-4edge.dat
1 16 20 0 -32 0 -1 0 -14 0 0 0 0 -8 p/1-4disc.dat
1 16 16 0 -32 0 1 0 -14 0 0 0 0 -8 p/1-4disc.dat
1 16 20 0 -16 0 -4 0 -14 0 0 0 0 8 p/1-4cyli.dat
1 16 20 0 -16 0 -1 0 -14 0 0 0 0 8 p/1-4edge.dat
1 16 16 0 -16 0 -1 0 -14 0 0 0 0 8 p/1-4edge.dat
1 16 16 0 -16 0 1 0 -14 0 0 0 0 8 p/1-4disc.dat
1 16 20 0 -16 0 -1 0 -14 0 0 0 0 8 p/1-4disc.dat
4 16 20 -8 -20 20 -14 -16 16 -14 -16 16 -8 -20
4 16 -16 -8 -20 -16 -14 -16 -20 -14 -16 -20 -8 -20
4 16 16 -8 -28 16 -14 -32 20 -14 -32 20 -8 -28
4 16 -20 -8 -28 -20 -14 -32 -16 -14 -32 -16 -8 -28
1 16 0 0 20 1 0 0 0 1 0 0 0 1 p/stug2.dat
1 16 18 -6 -28 -2 0 0 0 0 -2 0 -1 0 p/rect3.dat
1 16 -18 -6 -28 -2 0 0 0 0 -2 0 -1 0 p/rect3.dat
1 16 -18 -6 -20 2 0 0 0 0 -2 0 1 0 p/rect3.dat
1 16 18 -6 -20 2 0 0 0 0 -2 0 1 0 p/rect3.dat
