0 BFC CERTIFY CW
1 16 0 0 -10 1 0 0 0 0 1 0 20 0 p/axlehole.dat
1 16 0 0 -10 1 0 0 0 0 1 0 20 0 p/axlehol2.dat
1 16 0 0 10 1 0 0 0 0 1 0 20 0 p/axlehol2.dat
1 16 0 0 -10 1 0 0 0 0 1 0 1 0 p/4-4ring6.dat
1 16 0 0 -10 0.5 0 0 0 0 0.5 0 1 0 p/4-4rin14.dat
1 16 0 0 10 1 0 0 0 0 1 0 -1 0 p/4-4ring6.dat
1 16 0 0 10 0.5 0 0 0 0 0.5 0 -1 0 p/4-4rin14.dat
1 16 0 0 -10 7.5 0 0 0 0 7.5 0 1 0 p/4-4edge.dat
1 16 0 0 10 7.5 0 0 0 0 7.5 0 1 0 p/4-4edge.dat
1 16 0 0 -10 7.5 0 0 0 0 7.5 0 20 0 p/4-4cyli.dat
1 16 0 -7 0 1 0 0 0 -1 0 0 0 1 p/tooth8.dat
1 16 -4.95 -4.95 0 0.707 -0.707 0 -0.707 -0.707 0 0 0 1 p/tooth8.dat
1 16 -7 0 0 0 -1 0 -1 0 0 0 0 1 p/tooth8.dat
1 16 -4.95 4.95 0 -0.707 -0.707 0 -0.707 0.707 0 0 0 1 p/tooth8.dat
1 16 0 7 0 -1 0 0 0 1 0 0 0 1 p/tooth8.dat
1 16 4.95 4.95 0 -0.707 0.707 0 0.707 0.707 0 0 0 1 p/tooth8.dat
1 16 7 0 0 0 1 0 1 0 0 0 0 1 p/tooth8.dat
1 16 4.95 -4.95 0 0.707 0.707 0 0.707 -0.707 0 0 0 1 p/tooth8.dat
