0 BFC CERTIFY CCW
1 16 10 8 -10 1 0 0 0 -4 0 0 0 1 p/stud4a.dat
1 16 10 18 -30 1 0 0 0 -1.5 0 0 0 1 p/stud4a.dat
1 16 30 18 -30 1 0 0 0 -1.5 0 0 0 1 p/stud4a.dat
1 16 10 4 -10 -6 0 0 0 1 0 0 0 6 p/1-4edge.dat
1 16 10 4 -10 -6 0 0 0 1 3 0 0 -6 p/3-8edge.dat
1 16 10 4 -10 0 0 6 0 1 3 6 0 0 p/3-8edge.dat
1 16 10 4 -10 -8 0 0 0 1 0 0 0 8 p/1-4edge.dat
1 16 10 4 -10 -8 0 0 -0 1 4 0 0 -8 p/3-8edge.dat
1 16 10 4 -10 0 0 8 0 1 4 8 0 0 p/3-8edge.dat
0 BFC INVERTNEXT
1 16 10 7 -10 0 0 -6 0 -3 0 -6 0 0 p/1-4cyls.dat
0 BFC INVERTNEXT
1 16 10 7 -10 6 0 0 0 -3 0 0 0 -6 p/1-8cyls.dat
0 BFC INVERTNEXT
1 16 10 7 -10 0 0 6 0 -3 0 -6 0 0 p/1-8cyls.dat
0 BFC INVERTNEXT
1 16 10 7 -10 6 0 0 0 -3 0 0 0 6 p/1-4cyls.dat
0 BFC INVERTNEXT
1 16 10 4 -10 -6 0 0 0 3 0 0 0 6 p/1-4cyli.dat
0 BFC INVERTNEXT
1 16 10 7 -10 -6 0 0 0 1 0 0 0 -6 p/4-4cyli.dat
1 16 10 8 -10 0 0 -8 0 -4 0 -8 0 0 p/1-4cyls.dat
1 16 10 8 -10 8 0 0 0 -4 0 0 0 8 p/1-4cyls.dat
1 16 10 8 -10 0 0 8 0 -4 0 -8 0 0 p/1-8cyls.dat
1 16 10 8 -10 8 0 0 0 -4 0 0 0 -8 p/1-8cyls.dat
1 16 10 4 -10 -8 0 0 0 4 0 0 0 8 p/1-4cyli.dat
1 16 30 14 -30 -6 0 0 0 1 -3 0 0 6 p/1-8edge.dat
1 16 30 14 -30 0 0 -6 0 1 -3 6 0 0 p/1-8edge.dat
1 16 30 14 -30 -6 0 0 0 1 3 0 0 -6 p/3-8edge.dat
1 16 30 14 -30 0 0 6 0 1 3 6 0 0 p/3-8edge.dat
1 16 30 14 -30 -8 0 0 0 1 -4 0 0 8 p/1-8edge.dat
1 16 30 14 -30 0 0 -8 0 1 -4 8 0 0 p/1-8edge.dat
1 16 30 14 -30 -8 0 0 -0 1 4 0 0 -8 p/3-8edge.dat
1 16 30 14 -30 0 0 8 0 1 4 8 0 0 p/3-8edge.dat
0 BFC INVERTNEXT
1 16 30 17 -30 0 0 -6 0 -3 0 -6 0 0 p/1-4cyls.dat
0 BFC INVERTNEXT
1 16 30 17 -30 6 0 0 0 -3 0 0 0 -6 p/1-8cyls.dat
0 BFC INVERTNEXT
1 16 30 14 -30 0 0 -6 0 -3 0 -6 0 0 p/1-8cyls2.dat
0 BFC INVERTNEXT
1 16 30 14 -30 6 0 0 0 -3 0 0 0 6 p/1-8cyls2.dat
0 BFC INVERTNEXT
1 16 30 17 -30 0 0 6 0 -3 0 -6 0 0 p/1-8cyls.dat
0 BFC INVERTNEXT
1 16 30 17 -30 6 0 0 0 -3 0 0 0 6 p/1-4cyls.dat
0 BFC INVERTNEXT
1 16 30 14 -30 -6 0 0 0 3 0 0 0 6 p/1-4cyli.dat
0 BFC INVERTNEXT
1 16 30 17 -30 -6 0 0 0 1 0 0 0 -6 p/4-4cyli.dat
0 BFC INVERTNEXT
1 16 10 17 -30 -6 0 0 0 1 0 0 0 -6 p/4-4cyli.dat
1 16 30 18 -10 0 0 -1 0 -1.5 0 1 0 0 p/stud4a.dat
0 BFC INVERTNEXT
1 16 30 17 -10 0 0 6 0 1 0 -6 0 0 p/4-4cyli.dat
1 16 30 14 -10 0 0 6 0 1 3 6 0 0 p/4-4edge.dat
1 16 30 14 -10 0 0 8 0 1 4 8 0 0 p/4-4edge.dat
0 BFC INVERTNEXT
1 16 30 17 -10 6 0 0 0 -3 0 0 0 6 p/2-4cyls.dat
0 BFC INVERTNEXT
1 16 30 17 -10 6 0 0 0 -3 0 0 0 -6 p/2-4cyls.dat
1 16 30 18 -10 8 0 0 0 -4 0 0 0 8 p/2-4cyls.dat
1 16 30 18 -10 8 0 0 0 -4 0 0 0 -8 p/2-4cyls.dat
1 16 30 18 -30 0 0 -8 0 -4 0 -8 0 0 p/1-4cyls.dat
1 16 30 18 -30 8 0 0 0 -4 0 0 0 8 p/1-4cyls.dat
1 16 30 18 -30 0 0 8 0 -4 0 -8 0 0 p/1-8cyls.dat
1 16 30 18 -30 8 0 0 0 -4 0 0 0 -8 p/1-8cyls.dat
1 16 30 14 -30 0 0 -8 0 -4 0 -8 0 0 p/1-8cyls2.dat
1 16 30 14 -30 8 0 0 0 -4 0 0 0 8 p/1-8cyls2.dat
1 16 30 14 -30 -8 0 0 0 4 0 0 0 8 p/1-4cyli.dat
1 16 10 14 -30 6 0 0 0 1 3 0 0 -6 p/4-4edge.dat
1 16 10 14 -30 8 0 0 0 1 4 0 0 -8 p/4-4edge.dat
0 BFC INVERTNEXT
1 16 10 17 -30 0 0 6 0 -3 0 -6 0 0 p/2-4cyls.dat
0 BFC INVERTNEXT
1 16 10 17 -30 0 0 -6 0 -3 0 -6 0 0 p/2-4cyls.dat
1 16 10 18 -30 0 0 8 0 -4 0 -8 0 0 p/2-4cyls.dat
1 16 10 18 -30 0 0 -8 0 -4 0 -8 0 0 p/2-4cyls.dat
4 16 50 24 10 46 24 6 -6 24 6 -10 24 10
4 16 -10 24 10 -6 24 6 -6 24 -46 -10 24 -50
4 16 -10 24 -50 -6 24 -46 46 24 -46 50 24 -50
4 16 50 24 -50 46 24 -46 46 24 6 50 24 10
4 16 10 4 -10 -6 4 -10 -6 4 6 10 4 6
4 16 -10 0 10 -10 0 -10 10 0 -10 10 0 10
4 16 46 20 -46 46 20 6 46 24 6 46 24 -46
4 16 -6 24 -46 -6 20 -46 46 20 -46 46 24 -46
4 16 50 24 10 50 20 10 50 20 -50 50 24 -50
4 16 50 20 -50 -10 20 -50 -10 24 -50 50 24 -50
4 16 10 4 -10 42 20 -42 -6 20 -42 -6 4 -10
4 16 -6 4 -10 -6 20 -42 -6 24 6 -6 4 6
4 16 -6 20 -46 -6 24 -46 -6 24 6 -6 20 -42
4 16 -6 4 6 -6 24 6 42 20 6 10 4 6
4 16 42 20 6 -6 24 6 46 24 6 46 20 6
4 16 10 4 6 42 20 6 42 20 -42 10 4 -10
4 16 -10 20 -50 50 20 -50 10 0 -10 -10 0 -10
3 16 -10 24 -50 -10 20 -50 -10 0 -10
4 16 -10 24 10 -10 24 -50 -10 0 -10 -10 0 10
4 16 50 24 10 -10 24 10 -10 0 10 10 0 10
3 16 10 0 10 50 20 10 50 24 10
4 16 50 20 -50 50 20 10 10 0 10 10 0 -10
1 16 0 0 0 1 0 0 0 1 0 0 0 1 p/stud.dat
4 16 -6 20 -42 42 20 -42 46 20 -46 -6 20 -46
4 16 42 20 6 46 20 6 46 20 -46 42 20 -42
