0 BFC CERTIFY CCW
1 16 0 6 -10 -1.5 0 0 0 0 2 0 4 0 p/box4-1.dat
0 BFC INVERTNEXT
1 16 0 8 -2 6 0 0 0 -4 0 0 0 8 p/box5-1.dat
1 16 0 8 0 10 0 0 0 1 0 0 0 10 p/recte3.dat
4 16 10 8 10 6 8 6 -6 8 6 -10 8 10
4 16 -10 8 10 -6 8 6 -6 8 -10 -10 8 -10
4 16 10 8 -10 6 8 -10 6 8 6 10 8 10
4 16 8 20 -10 6 8 -10 10 8 -10 10 18 -10
4 16 8 20 -10 -8 20 -10 -6 8 -10 6 8 -10
4 16 -10 18 -14 -10 0 -14 -10 8 -10 -10 18 -10
1 16 0 4 10 -10 0 0 0 0 -4 0 -1 0 p/rect3.dat
4 16 10 18 -10 10 8 -10 10 0 -14 10 18 -14
4 16 10 8 10 10 0 10 10 0 -14 10 8 -10
4 16 -10 8 10 -10 8 -10 -10 0 -14 -10 0 10
1 16 0 9 -2 -10 0 0 0 -9 0 0 0 -12 p/box2-7.dat
1 16 -8 18 -14 -2 0 0 0 0 2 0 4 0 p/1-4cylo.dat
1 16 8 18 -14 0 0 2 2 0 0 0 4 0 p/1-4cylo.dat
1 16 -8 18 -10 -2 0 0 0 0 2 0 -1 0 p/1-4chrd.dat
1 16 8 18 -10 0 0 2 2 0 0 0 -1 0 p/1-4chrd.dat
1 16 -8 18 -14 -2 0 0 0 0 2 0 1 0 p/1-4chrd.dat
1 16 8 18 -14 0 0 2 2 0 0 0 1 0 p/1-4chrd.dat
1 16 0 20 -12 8 0 0 0 -1 0 0 0 -2 p/rect2p.dat
4 16 10 18 -14 -10 18 -14 -8 20 -14 8 20 -14
4 16 -10 8 -10 -6 8 -10 -8 20 -10 -10 18 -10
1 16 0 0 0 0 0 -1 0 1 0 1 0 0 p/stud.dat
1 16 0 10 -14 0 0 1 1 0 0 0 1 0 p/stud2.dat
