0 BFC CERTIFY CCW
1 16 0 0 0 40 0 0 0 8 0 0 0 20 p/box4.dat
0 BFC INVERTNEXT
1 16 0 4 0 36 0 0 0 4 0 0 0 16 p/box4.dat
1 16 20 4 0 1 0 0 0 -1 0 0 0 1 p/stud4a.dat
1 16 0 4 0 1 0 0 0 -1 0 0 0 1 p/stud4a.dat
1 16 -20 4 0 1 0 0 0 -1 0 0 0 1 p/stud4a.dat
1 16 20 4 0 8 0 0 0 1 0 0 0 8 p/4-4edge.dat
1 16 0 4 0 8 0 0 0 1 0 0 0 8 p/4-4edge.dat
1 16 -20 4 0 8 0 0 0 1 0 0 0 8 p/4-4edge.dat
1 16 20 0 0 6 0 0 0 1 0 0 0 6 p/4-4edge.dat
1 16 0 0 0 6 0 0 0 1 0 0 0 6 p/4-4edge.dat
1 16 -20 0 0 6 0 0 0 1 0 0 0 6 p/4-4edge.dat
0 BFC INVERTNEXT
1 16 20 0 0 6 0 0 0 4 0 0 0 6 p/4-4cyli.dat
0 BFC INVERTNEXT
1 16 0 0 0 6 0 0 0 4 0 0 0 6 p/4-4cyli.dat
0 BFC INVERTNEXT
1 16 -20 0 0 6 0 0 0 4 0 0 0 6 p/4-4cyli.dat
4 16 40 8 20 36 8 16 -36 8 16 -40 8 20
4 16 -40 8 20 -36 8 16 -36 8 -16 -40 8 -20
4 16 -40 8 -20 -36 8 -16 36 8 -16 40 8 -20
4 16 40 8 -20 36 8 -16 36 8 16 40 8 20
1 16 20 4 0 8 0 0 0 -1 0 0 0 8 p/4-4ndis.dat
1 16 0 4 0 8 0 0 0 -1 0 0 0 8 p/4-4ndis.dat
1 16 -20 4 0 8 0 0 0 -1 0 0 0 8 p/4-4ndis.dat
4 16 36 4 16 28 4 8 -28 4 8 -36 4 16
4 16 -36 4 16 -28 4 8 -28 4 -8 -36 4 -16
4 16 -36 4 -16 -28 4 -8 28 4 -8 36 4 -16
4 16 36 4 -16 28 4 -8 28 4 8 36 4 16
4 16 12 4 8 12 4 -8 8 4 -8 8 4 8
4 16 -8 4 8 -8 4 -8 -12 4 -8 -12 4 8
1 16 20 0 0 6 0 0 0 1 0 0 0 6 p/4-4ndis.dat
1 16 0 0 0 6 0 0 0 1 0 0 0 6 p/4-4ndis.dat
1 16 -20 0 0 6 0 0 0 1 0 0 0 6 p/4-4ndis.dat
4 16 40 0 -20 26 0 -6 -26 0 -6 -40 0 -20
4 16 -40 0 -20 -26 0 -6 -26 0 6 -40 0 20
4 16 -40 0 20 -26 0 6 26 0 6 40 0 20
4 16 40 0 20 26 0 6 26 0 -6 40 0 -20
4 16 14 0 -6 14 0 6 6 0 6 6 0 -6
4 16 -6 0 -6 -6 0 6 -14 0 6 -14 0 -6
1 16 30 0 10 1 0 0 0 1 0 0 0 1 p/stud.dat
1 16 10 0 10 1 0 0 0 1 0 0 0 1 p/stud.dat
1 16 -10 0 10 1 0 0 0 1 0 0 0 1 p/stud.dat
1 16 -30 0 10 1 0 0 0 1 0 0 0 1 p/stud.dat
1 16 30 0 -10 1 0 0 0 1 0 0 0 1 p/stud.dat
1 16 10 0 -10 1 0 0 0 1 0 0 0 1 p/stud.dat
1 16 -10 0 -10 1 0 0 0 1 0 0 0 1 p/stud.dat
1 16 -30 0 -10 1 0 0 0 1 0 0 0 1 p/stud.dat
