0 BFC CERTIFY CCW
1 16 0 0 0 1 0 0 0 1 0 0 0 1 parts/s/37191s01.dat
1 16 0 0 0 -1 0 0 0 1 0 0 0 1 parts/s/37191s01.dat
1 16 0 24 14 0 0 1 1 0 0 0 -1 0 p/stug4-1x2.dat
0 BFC INVERTNEXT
1 16 0 24 18 0 0 16 26 0 0 0 -4 0 p/box5.dat
4 16 20 -6 18 16 -2 18 -16 -2 18 -20 -6 18
4 16 -20 54 18 -16 50 18 16 50 18 20 54 18
1 16 0 24 -14 0 0 20 30 0 0 0 1 0 p/rect.dat
4 16 -20 -6 18 -13 -6 13 13 -6 13 20 -6 18
4 16 -20 -6 -14 20 -6 -14 13 -6 -13 -13 -6 -13
1 16 0 54 14 0 0 20 0 -1 0 4 0 0 p/rect.dat
1 16 0 54 -12 -20 0 0 0 -1 0 0 0 2 p/rect3.dat
1 16 10 24 -14 0 0 1 1 0 0 0 1 0 p/stug-1x3.dat
1 16 -10 24 -14 0 0 1 1 0 0 0 1 0 p/stug-1x3.dat
1 16 0 44 10 0 0 -20 -10 0 0 0 1 0 p/rect1.dat
3 16 18 34 9 0 4 9 -18 34 9
3 16 18 34 -10 -18 34 -10 0 4 -10
4 16 -20 54 -10 -18 34 -10 18 34 -10 20 54 -10
4 16 20 34 10 18 34 9 -18 34 9 -20 34 10
1 16 0 -6 0 13 0 0 0 1 0 0 0 13 p/4-4edge.dat
1 16 0 -6 0 13 0 0 0 1 0 0 0 13 p/4-4ndis.dat
1 16 0 -13 0 6 0 0 0 13 0 0 0 6 p/4-4cylc.dat
1 16 0 0 0 2 0 0 0 1 0 0 0 2 p/4-4ring3.dat
0 BFC INVERTNEXT
1 16 0 0 0 8 0 0 0 -3 0 0 0 8 p/4-4cylo.dat
0 BFC INVERTNEXT
1 16 0 -6 0 8 0 0 0 4.8 0 0 0 8 p/t04o6250.dat
0 BFC INVERTNEXT
1 16 0 -6 0 -8 0 0 0 4.8 0 0 0 8 p/t04o6250.dat
0 BFC INVERTNEXT
1 16 0 -6 0 -8 0 0 0 4.8 0 0 0 -8 p/t04o6250.dat
0 BFC INVERTNEXT
1 16 0 -6 0 8 0 0 0 4.8 0 0 0 -8 p/t04o6250.dat
