0 BFC CERTIFY CCW
1 16 16 18 6 0 1 0 0 0 -12 -12 0 0 p/1-4chrd.dat
1 16 -16 18 6 0 -1 0 0 0 -12 -12 0 0 p/1-4chrd.dat
0 BFC INVERTNEXT
1 16 16 18 6 0 -32 0 0 0 -12 -12 0 0 p/1-4cylo.dat
1 16 5 13 -5.5 0 0 1.5 0 11 0 -0.5 0 0 p/box3u4p.dat
3 16 3.5 24 -5 5 24 -3.5 6.5 24 -5
1 16 5 17.5 -5 0 -0.75 0.75 6.5 0 0 0 0.75 0.75 p/box2-9.dat
1 16 0 21 -6 0 0 -3.5 3 0 0 0 -1 0 p/rect1.dat
1 16 -5 13 -5.5 0 0 1.5 0 11 0 -0.5 0 0 p/box3u4p.dat
3 16 -6.5 24 -5 -5 24 -3.5 -3.5 24 -5
1 16 -5 17.5 -5 0 -0.75 0.75 6.5 0 0 0 0.75 0.75 p/box2-9.dat
1 16 -5 6 5.5 0 0 -1.5 0 18 0 0.5 0 0 p/box3u4p.dat
3 16 -3.5 24 5 -5 24 3.5 -6.5 24 5
1 16 -5 15 5 0 0.75 -0.75 9 0 0 0 -0.75 -0.75 p/box2-9.dat
1 16 0 15 6 3.5 0 0 0 0 -9 0 1 0 p/rect2p.dat
1 16 5 6 5.5 0 0 -1.5 0 18 0 0.5 0 0 p/box3u4p.dat
3 16 6.5 24 5 5 24 3.5 3.5 24 5
1 16 5 15 5 0 0.75 -0.75 9 0 0 0 -0.75 -0.75 p/box2-9.dat
4 16 16 6 6 16 24 6 16 24 -6 16 18 -6
1 16 11.25 15 6 0 0 4.75 9 0 0 0 1 0 p/rect3.dat
1 16 11.25 21 -6 4.75 0 0 0 0 3 0 -1 0 p/rect2a.dat
4 16 -16 18 -6 -16 24 -6 -16 24 6 -16 6 6
1 16 -11.25 21 -6 0 0 -4.75 3 0 0 0 -1 0 p/rect2a.dat
1 16 -11.25 15 6 0 0 -4.75 -9 0 0 0 1 0 p/rect3.dat
3 16 20 24 10 16 24 6 6.5 24 6
3 16 20 24 10 6.5 24 6 3.5 24 6
4 16 20 24 10 3.5 24 6 -3.5 24 6 -20 24 10
3 16 -3.5 24 6 -6.5 24 6 -20 24 10
3 16 -6.5 24 6 -16 24 6 -20 24 10
4 16 -20 24 10 -16 24 6 -16 24 -6 -20 24 -10
3 16 -20 24 -10 -16 24 -6 -6.5 24 -6
3 16 -20 24 -10 -6.5 24 -6 -3.5 24 -6
4 16 -20 24 -10 -3.5 24 -6 3.5 24 -6 20 24 -10
3 16 3.5 24 -6 6.5 24 -6 20 24 -10
3 16 6.5 24 -6 16 24 -6 20 24 -10
4 16 20 24 -10 16 24 -6 16 24 6 20 24 10
1 16 20 20 10 0 -1 0 0 0 -20 -20 0 0 p/1-4chrd.dat
1 16 -20 20 10 0 1 0 0 0 -20 -20 0 0 p/1-4chrd.dat
1 16 20 20 10 0 -40 0 0 0 -20 -20 0 0 p/1-4cylo.dat
1 16 0 12 10 -20 0 0 0 0 -12 0 -1 0 p/rect.dat
4 16 -20 24 10 -20 24 -10 -20 20 -10 -20 0 10
1 16 0 22 -10 -20 0 0 0 0 2 0 1 0 p/rect3.dat
4 16 20 24 -10 20 24 10 20 0 10 20 20 -10
