0 BFC CERTIFY CCW
1 16 -10 0 0 0 -40 0 0 0 1 -1 0 0 p/axlehol5.dat
1 16 0 0 0 0 -1 0 1 0 0 0 0 1 parts/s/3739a.dat
1 16 0 0 0 0 -1 0 0.5 0 -0.866025 0.866025 0 0.5 parts/s/3739a.dat
1 16 0 0 0 0 -1 0 -0.5 0 0.866025 0.866025 0 0.5 parts/s/3739a.dat
1 16 0 0 0 0 -1 0 -1 0 0 0 0 1 parts/s/3739a.dat
1 16 0 0 0 0 -1 0 -0.5 0 -0.866025 -0.866025 0 0.5 parts/s/3739a.dat
1 16 0 0 0 0 -1 0 0.5 0 -0.866025 -0.866025 0 -0.5 parts/s/3739a.dat
1 16 0 0 0 0 -1 0 1 0 0 0 0 -1 parts/s/3739a.dat
1 16 0 0 0 0 -1 0 0.5 0 0.866025 0.866025 0 -0.5 parts/s/3739a.dat
1 16 0 0 0 0 -1 0 -0.5 0 -0.866025 0.866025 0 -0.5 parts/s/3739a.dat
1 16 0 0 0 0 -1 0 -1 0 0 0 0 -1 parts/s/3739a.dat
1 16 0 0 0 0 -1 0 -0.5 0 0.866025 -0.866025 0 -0.5 parts/s/3739a.dat
1 16 0 0 0 0 -1 0 0.5 0 0.866025 -0.866025 0 0.5 parts/s/3739a.dat
1 16 0 0 0 1 0 0 0 1 0 0 0 1 parts/s/3739b.dat
1 16 0 0 0 1 0 0 0 -1 0 0 0 -1 parts/s/3739b.dat
