0 BFC CERTIFY CCW
1 16 0 2 0 2 0 0 0 1 0 0 0 2 p/4-4edge.dat
1 16 0 2 6.97 4.935 0 0 0 1 0 0 0 4.935 p/2-4edge.dat
1 16 6.74 2 3.84 1.805 0 3.126 0 1 0 -3.126 0 1.805 p/2-4edge.dat
1 16 6.08 2 -3.55 -2.467 0 4.301 0 1 0 -4.301 0 -2.467 p/2-4edge.dat
1 16 0 2 -7.86 -3.61 0 0 0 1 0 0 0 -3.61 p/2-4edge.dat
1 16 -6.08 2 -3.55 -2.467 0 -4.301 0 1 0 4.301 0 -2.467 p/2-4edge.dat
1 16 -6.74 2 3.84 -1.805 0 -3.126 0 1 0 -3.126 0 1.805 p/2-4edge.dat
1 16 0 0 0 6 0 0 0 1 0 0 0 6 p/4-4edge.dat
1 16 0 0 6.97 4.935 0 0 0 1 0 0 0 4.935 p/2-4edge.dat
1 16 6.74 0 3.84 1.805 0 3.126 0 1 0 -3.126 0 1.805 p/2-4edge.dat
1 16 6.08 0 -3.55 -2.467 0 4.301 0 1 0 -4.301 0 -2.467 p/2-4edge.dat
1 16 0 0 -7.86 -3.61 0 0 0 1 0 0 0 -3.61 p/2-4edge.dat
1 16 -6.08 0 -3.55 -2.467 0 -4.301 0 1 0 4.301 0 -2.467 p/2-4edge.dat
1 16 -6.74 0 3.84 -1.805 0 -3.126 0 1 0 -3.126 0 1.805 p/2-4edge.dat
1 16 0 -4 0 2 0 0 0 1 0 0 0 2 p/4-4edge.dat
1 16 0 -4 0 6 0 0 0 1 0 0 0 6 p/4-4edge.dat
1 16 0 2 0 2 0 0 0 -1 0 0 0 2 p/4-4ndis.dat
4 16 -4.935 2 6.97 4.935 2 6.97 2 2 2 -2 2 2
3 16 2 2 2 4.935 2 6.966 8.545 2 0.714
4 16 2 2 2 8.545 2 0.714 3.61 2 -7.86 2 2 -2
4 16 -2 2 -2 2 2 -2 3.61 2 -7.86 -3.61 2 -7.86
4 16 -2 2 -2 -3.61 2 -7.86 -8.545 2 0.714 -2 2 2
3 16 -8.545 2 0.714 -4.935 2 6.966 -2 2 2
1 16 0 2 6.97 -4.935 0 0 0 -1 0 0 0 4.935 p/2-4disc.dat
1 16 6.74 2 3.84 -1.805 0 3.126 0 -1 0 3.126 0 1.805 p/2-4disc.dat
1 16 6.08 2 -3.55 2.467 0 4.301 0 -1 0 4.301 0 -2.467 p/2-4disc.dat
1 16 0 2 -7.86 3.61 0 0 0 -1 0 0 0 -3.61 p/2-4disc.dat
1 16 -6.08 2 -3.55 2.467 0 -4.301 0 -1 0 -4.301 0 -2.467 p/2-4disc.dat
1 16 -6.74 2 3.84 1.805 0 -3.126 0 -1 0 3.126 0 1.805 p/2-4disc.dat
0 BFC INVERTNEXT
1 16 0 -4 0 2 0 0 0 6 0 0 0 2 p/4-4cyli.dat
1 16 0 2 6.97 4.935 0 0 0 -2 0 0 0 4.935 p/2-4cyli.dat
1 16 6.74 2 3.84 1.805 0 3.126 0 -2 0 -3.126 0 1.805 p/2-4cyli.dat
1 16 6.08 2 -3.55 -2.467 0 4.301 0 -2 0 -4.301 0 -2.467 p/2-4cyli.dat
1 16 0 2 -7.86 -3.61 0 0 0 -2 0 0 0 -3.61 p/2-4cyli.dat
1 16 -6.08 2 -3.55 -2.467 0 -4.301 0 -2 0 4.301 0 -2.467 p/2-4cyli.dat
1 16 -6.74 2 3.84 -1.805 0 -3.126 0 -2 0 -3.126 0 1.805 p/2-4cyli.dat
1 16 0 0 0 4.35 0 0 0 1 0 0 0 4.35 p/4-4ring1.dat
1 16 0 0 6.97 4.935 0 0 0 1 0 0 0 4.935 p/2-4disc.dat
1 16 6.74 0 3.84 1.805 0 3.126 0 1 0 -3.126 0 1.805 p/2-4disc.dat
1 16 6.08 0 -3.55 -2.467 0 4.301 0 1 0 -4.301 0 -2.467 p/2-4disc.dat
1 16 0 0 -7.86 -3.61 0 0 0 1 0 0 0 -3.61 p/2-4disc.dat
1 16 -6.08 0 -3.55 -2.467 0 -4.301 0 1 0 4.301 0 -2.467 p/2-4disc.dat
1 16 -6.74 0 3.84 -1.805 0 -3.126 0 1 0 -3.126 0 1.805 p/2-4disc.dat
1 16 0 -4 0 6 0 0 0 4 0 0 0 6 p/4-4cyli.dat
1 16 0 -4 0 2 0 0 0 1 0 0 0 2 p/4-4ring1.dat
1 16 0 -4 0 2 0 0 0 1 0 0 0 2 p/4-4ring2.dat
