0 BFC CERTIFY CCW
1 16 0 0 0 1 0 0 0 1 0 0 0 1 parts/s/37493s01.dat
1 16 0 0 0 -1 0 0 0 1 0 0 0 1 parts/s/37493s01.dat
4 16 -6 114 -80 -6 110 -80 6 110 -80 6 114 -80
4 16 -6 118 -80 -6 114 -80 6 114 -80 6 118 -80
4 16 -4 108 -84 -4 114 -84 4 114 -84 4 108 -84
4 16 -4 114 -84 -4 120 -84 4 120 -84 4 114 -84
4 16 -4 120 -84 -20 124 -84 20 124 -84 4 120 -84
4 16 4 108 -84 20 104 -84 -20 104 -84 -4 108 -84
4 16 20 152 -80 16 152 -84 -16 152 -84 -20 152 -80
1 16 0 107 -80 0 0 10 -3 0 0 0 -1 0 p/rect1.dat
4 16 -20 152 -80 -14 118 -80 14 118 -80 20 152 -80
1 16 0 140 -84 3 0 0 0 0 12 0 1 0 p/rect2p.dat
3 16 0 128 -90 -3 128 -84 3 128 -84
1 16 20 4 80 1 0 0 0 -1 0 0 0 1 p/stud4.dat
1 16 0 4 80 1 0 0 0 -1 0 0 0 1 p/stud4.dat
1 16 -20 4 80 1 0 0 0 -1 0 0 0 1 p/stud4.dat
4 16 40 8 100 40 8 96 -40 8 96 -40 8 100
1 16 0 6 96 40 0 0 0 0 -2 0 1 0 p/rect2p.dat
1 16 0 4 100 -40 0 0 0 0 -4 0 -1 0 p/rect2p.dat
4 16 -40 4 96 40 4 96 24 4 64 -24 4 64
1 16 0 6 60 -24 0 0 0 0 2 0 4 0 p/box4-1.dat
4 16 -20 0 60 20 0 60 40 0 100 -40 0 100
1 16 0 4 60 20 0 0 0 0 -4 0 1 0 p/rect3.dat
1 16 -20 10 48 0 40 0 -2 0 0 0 0 8 p/box4o8a.dat
1 16 30 0 70 0 0 -1 0 1 0 1 0 0 p/stug-1x3.dat
1 16 -30 0 70 0 0 -1 0 1 0 1 0 0 p/stug-1x3.dat
1 16 0 0 80 0 0 -1 0 1 0 1 0 0 p/stug-2x2.dat
1 16 0 8 50 0 0 -1 0 1 0 1 0 0 p/stug-2x1.dat
