0 BFC CERTIFY CCW
1 16 0 0 0 4 0 0 0 -8 0 0 0 4 4-4cylc.dat
1 16 -5.375 -20.063 -3.313 2.775 0 0 0 2.775 0 0 0 2.775 8-8sphe.dat
1 16 5.375 -20.063 -3.313 2.775 0 0 0 2.775 0 0 0 2.775 8-8sphe.dat
1 16 -4.875 -8.07 -4.5 1 0 0 0 1 0 0 0 1 s\37704s01.dat
1 16 -4.875 -8.07 4.5 1 0 0 0 1 0 0 0 -1 s\37704s01.dat
1 16 4.875 -8.07 -4.5 -1 0 0 0 1 0 0 0 1 s\37704s01.dat
1 16 4.875 -8.07 4.5 -1 0 0 0 1 0 0 0 -1 s\37704s01.dat
1 16 -13.654 -17.702 2.195 1 0 0 0 1 0 0 0 1 s\37704s02.dat
1 16 13.654 -17.702 2.195 -1 0 0 0 1 0 0 0 1 s\37704s02.dat
