0 BFC CERTIFY CCW
1 16 -30 0 0 0 0 1 0 1 0 -1 0 0 p/stug-1x2.dat
1 16 30 0 0 0 0 1 0 1 0 -1 0 0 p/stug-1x2.dat
1 16 0 8 0 0 0 1 0 1 0 -1 0 0 p/stug-2x2.dat
0 BFC INVERTNEXT
1 16 0 16 0 16 0 0 0 -4 0 0 0 16 p/box5.dat
1 16 18 16 0 2 0 0 0 -1 0 0 0 -16 p/rect1.dat
1 16 -18 16 0 -2 0 0 0 -1 0 0 0 16 p/rect1.dat
1 16 0 16 18 -40 0 0 0 -1 0 0 0 2 p/rect3.dat
1 16 0 16 -18 40 0 0 0 -1 0 0 0 -2 p/rect3.dat
1 16 30 4 0 6 0 0 0 -1 0 0 0 16 p/rect.dat
1 16 -30 4 0 6 0 0 0 -1 0 0 0 16 p/rect.dat
1 16 0 8 0 20 0 0 0 1 0 0 0 20 p/rect.dat
1 16 40 4 0 0 -20 0 0 0 -4 20 0 0 p/box4-4a.dat
1 16 -40 4 0 0 20 0 0 0 -4 20 0 0 p/box4-4a.dat
4 16 40 0 20 40 5 8 40 16 16 40 16 20
4 16 40 16 -20 40 16 -16 40 5 -8 40 0 -20
4 16 40 0 -20 40 5 -8 40 5 8 40 0 20
3 16 36 16 16 36 5 8 36 4 16
3 16 36 4 -16 36 5 -8 36 16 -16
4 16 36 4 16 36 5 8 36 5 -8 36 4 -16
1 16 24 5 0 0 -1 0 0 0 1 -16 0 0 p/rect3.dat
1 16 22 11 0 2 -5 0 -5 -2 0 0 0 -16 p/rect2p.dat
1 16 -24 5 0 0 1 0 0 0 1 16 0 0 p/rect3.dat
1 16 -22 11 0 -2 5 0 -5 -2 0 0 0 16 p/rect2p.dat
3 16 -36 4 16 -36 5 8 -36 16 16
3 16 -36 16 -16 -36 5 -8 -36 4 -16
4 16 -36 4 -16 -36 5 -8 -36 5 8 -36 4 16
4 16 -40 16 20 -40 16 16 -40 5 8 -40 0 20
4 16 -40 0 -20 -40 5 -8 -40 16 -16 -40 16 -20
4 16 -40 0 20 -40 5 8 -40 5 -8 -40 0 -20
1 16 0 12 20 0 0 40 -4 0 0 0 -1 0 p/rect2p.dat
4 16 36 16 16 36 4 16 24 4 16 20 16 16
4 16 -20 16 16 -24 4 16 -36 4 16 -36 16 16
4 16 20 16 -16 24 4 -16 36 4 -16 36 16 -16
4 16 -36 16 -16 -36 4 -16 -24 4 -16 -20 16 -16
1 16 0 12 -20 0 0 -40 -4 0 0 0 1 0 p/rect2p.dat
1 16 38 10.5 -12 -2 0 0 0 -8 -5.5 0 -11 4 p/rect3.dat
1 16 38 5 0 -2 0 0 0 -1 0 0 0 8 p/rect3.dat
1 16 38 10.5 12 0 0 2 5.5 -8 0 4 11 0 p/rect2p.dat
1 16 -38 5 0 2 0 0 0 -1 0 0 0 -8 p/rect.dat
1 16 -38 10.5 12 0 0 -2 -5.5 -8 0 -4 11 0 p/rect2p.dat
1 16 -38 10.5 -12 0 0 -2 5.5 -8 0 -4 -11 0 p/rect2p.dat
1 16 0 12 0 1 0 0 0 -1 0 0 0 1 p/stud4.dat
