0 BFC CERTIFY CCW
1 16 0 0 0 8 0 0 0 8 0 0 0 8 p/8-8sphe.dat
1 16 0 0 10 7 0 0 0 0 7 0 -2 0 p/4-4cylc.dat
1 16 0 0 10 4 0 0 0 0 4 0 1 0 p/4-4edge.dat
1 16 0 0 8 2.33333 0 0 0 0 2.33333 0 -2.33333 0 p/4-4con2.dat
1 16 0 0 12.5 4 0 0 0 0 4 0 6 0 p/4-4cylo.dat
1 16 0 0 21 4 0 0 0 0 4 0 2.5 0 p/4-4cylo.dat
1 16 0 0 23.5 2 0 0 0 0 2 0 6.3 0 p/4-4con1.dat
1 16 0 0 12.5 0.8 0 0 0 0 0.8 0 -0.9 0 p/4-4con4.dat
1 16 0 0 10 0.8 0 0 0 0 0.8 0 0.9 0 p/4-4con4.dat
1 16 0 0 10.9 3.2 0 0 0 0 3.2 0 0.7 0 p/4-4cyli.dat
1 16 0 0 21 0.8 0 0 0 0 0.8 0 -0.9 0 p/4-4con4.dat
1 16 0 0 18.5 0.8 0 0 0 0 0.8 0 0.9 0 p/4-4con4.dat
1 16 0 0 19.4 3.2 0 0 0 0 3.2 0 0.7 0 p/4-4cyli.dat
1 16 0 0 29.8 0.66667 0 0 0 0 0.66667 0 1 0 p/4-4con2.dat
1 16 0 0 30.8 1.33333 0 0 0 0 1.33333 0 0.5 0 p/4-4con0.dat
