0 BFC CERTIFY CCW
1 16 0 -2 0 14 0 0 0 1 0 0 0 14 p/48/4-4edge.dat
1 16 0 -2 0 14 0 0 0 4 0 0 0 14 p/48/4-4cyli.dat
1 16 0 2 0 14 0 0 0 1 0 0 0 14 p/48/4-4edge.dat
1 16 0 -2 0 12 0 0 0 1 0 0 0 12 p/48/4-4edge.dat
0 BFC INVERTNEXT
1 16 0 -2 0 12 0 0 0 4 0 0 0 12 p/48/4-4cyli.dat
1 16 0 -2 0 2 0 0 0 1 0 0 0 2 p/48/4-4ring6.dat
1 16 0 2 0 2 0 0 0 -1 0 0 0 2 p/48/4-4ring6.dat
1 16 0 2 0 12 0 0 0 1 0 0 0 12 p/48/4-4edge.dat
1 16 0 0 0 4 0 0 0 1 0 0 0 4 p/48/4-4edge.dat
1 16 0 0 0 2 0 0 0 1 0 0 0 2 p/48/4-4ring2.dat
1 16 0 6 0 2 0 0 0 -1 0 0 0 2 p/48/4-4ring2.dat
1 16 0 6 0 4 0 0 0 1 0 0 0 4 p/48/4-4edge.dat
0 BFC INVERTNEXT
1 16 0 0 0 4 0 0 0 6 0 0 0 4 p/48/4-4cyli.dat
1 16 0 0 0 1.55291 0 -5.79555 0 1 0 5.79555 0 1.55291 p/48/1-4edge.dat
1 16 0 0 0 -5.79555 0 1.55291 0 1 0 -1.55291 0 -5.79555 p/48/1-4edge.dat
1 16 0 0 0 4.24264 0 4.24264 0 1 0 -4.24264 0 4.24264 p/48/1-4edge.dat
1 16 0 0 0 1.55291 0 -5.79555 0 6 0 5.79555 0 1.55291 p/48/1-4cyli.dat
1 16 0 0 0 -5.79555 0 1.55291 0 6 0 -1.55291 0 -5.79555 p/48/1-4cyli.dat
1 16 0 0 0 4.24264 0 4.24264 0 6 0 -4.24264 0 4.24264 p/48/1-4cyli.dat
1 16 0 6 0 6 0 0 0 1 0 0 0 6 p/48/4-4edge.dat
4 16 -11.897 0 1.566 -5.795 0 1.553 -5.795 6 1.553 -11.897 2 1.566
4 16 -11.897 2 -1.566 -5.795 6 -1.553 -5.795 0 -1.553 -11.897 0 -1.566
4 16 -12 0 0 -6 0 0 -5.795 0 1.553 -11.897 0 1.566
4 16 -11.897 0 -1.566 -5.795 0 -1.553 -6 0 0 -12 0 0
4 16 -11.897 2 1.566 -5.795 6 1.553 -6 6 0 -12 2 0
4 16 -12 2 0 -6 6 0 -5.795 6 -1.553 -11.897 2 -1.566
4 16 4.592 0 -11.087 1.553 0 -5.795 1.553 6 -5.795 4.592 2 -11.087
4 16 7.306 2 -9.521 4.243 6 -4.243 4.243 0 -4.243 7.306 0 -9.521
4 16 6 0 -10.392 3 0 -5.196 1.553 0 -5.795 4.592 0 -11.087
4 16 7.306 0 -9.521 4.243 0 -4.243 3 0 -5.196 6 0 -10.392
4 16 4.592 2 -11.087 1.553 6 -5.795 3 6 -5.196 6 2 -10.392
4 16 6 2 -10.392 3 6 -5.196 4.243 6 -4.243 7.306 2 -9.521
4 16 7.306 0 9.521 4.243 0 4.243 4.243 6 4.243 7.306 2 9.521
4 16 4.592 2 11.087 1.553 6 5.795 1.553 0 5.795 4.592 0 11.087
4 16 6 0 10.392 3 0 5.196 4.243 0 4.243 7.306 0 9.521
4 16 4.592 0 11.087 1.553 0 5.795 3 0 5.196 6 0 10.392
4 16 7.306 2 9.521 4.243 6 4.243 3 6 5.196 6 2 10.392
4 16 6 2 10.392 3 6 5.196 1.553 6 5.795 4.592 2 11.087
