0 BFC CERTIFY CCW
1 16 20 4 10 1 0 0 0 -5 0 0 0 1 p/stud3.dat
4 16 6.765 24 4 7.392 24 3.064 7.392 8 3.064 6.765 8 4
4 16 3.064 24 7.392 4 24 6.765 4 8 6.765 3.064 8 7.392
4 16 3.064 8 7.392 0 8 8 0 24 8 3.064 24 7.392
4 16 8 8 0 7.392 8 3.064 7.392 24 3.064 8 24 0
3 16 36 24 4 7.392 24 3.064 6.765 24 4
1 16 0 8 0 4 0 0 0 1 0 0 0 4 p/4-4edge.dat
1 16 0 8 0 6 0 0 0 1 0 0 0 6 p/4-4edge.dat
1 16 0 8 0 8 0 0 0 1 0 0 0 8 p/4-4edge.dat
1 16 0 4 0 7.39104 0 -3.06147 0 1 0 3.06147 0 7.39104 p/1-8edge.dat
1 16 0 0 0 8 0 0 0 1 0 0 0 -8 p/3-4edge.dat
4 16 0 24 20 4 24 16 3.064 24 7.392 0 24 8
3 16 4 24 6.765 3.064 24 7.392 4 24 16
4 16 40 24 20 36 24 16 4 24 16 0 24 20
4 16 40 24 0 36 24 4 36 24 16 40 24 20
4 16 8 24 0 7.392 24 3.064 36 24 4 40 24 0
1 16 0 8 0 8 0 0 0 -1 0 0 0 8 p/4-4disc.dat
4 16 36 4 4 4 4 4 4 4 16 36 4 16
4 16 40 0 20 0 0 20 0 0 8 8 0 8
4 16 40 0 0 40 0 20 8 0 8 8 0 0
1 16 0 0 0 8 0 0 0 1 0 0 0 8 p/4-4disc.dat
1 16 0 0 0 8 0 0 0 1 0 0 0 8 p/1-4ndis.dat
4 16 6.765 24 4 6.765 4 4 36 4 4 36 24 4
4 16 4 24 16 4 4 16 4 4 6.765 4 24 6.765
1 16 0 0 0 0 0 -8 0 8 0 8 0 0 p/3-4cyli.dat
1 16 0 4 0 7.39104 0 -3.06147 0 4 0 3.06147 0 7.39104 p/1-8cyli.dat
1 16 0 8 0 0 0 1 0 -0.8 0 1 0 0 p/connect2.dat
1 16 10 0 10 1 0 0 0 1 0 0 0 1 p/stud.dat
1 16 30 0 10 1 0 0 0 1 0 0 0 1 p/stud.dat
1 16 20 12 10 0 0 20 12 0 0 0 10 0 p/box2-5.dat
1 16 24 12 0 0 0 -16 -12 0 0 0 1 0 p/rect3.dat
1 16 0 12 14 0 1 0 12 0 0 0 0 -6 p/rect3.dat
0 BFC INVERTNEXT
1 16 20 14 10 0 0 16 10 0 0 0 6 0 p/box2-5.dat
