0 BFC CERTIFY CCW
1 16 0 0 0 1 0 0 0 1 0 0 0 1 s\38340s01.dat
1 16 0 0 0 -.5 -.866025 0 .866025 -.5 0 0 0 1 s\38340s01.dat
1 16 0 0 0 -.5 .866025 0 -.866025 -.5 0 0 0 1 s\38340s01.dat
1 16 0 0 6 29 0 0 0 0 29 0 2 0 48\4-4cylo.dat
1 16 0 0 8 15 0 0 0 0 15 0 1 0 48\4-4edge.dat
1 16 0 0 8 15 0 0 0 0 15 0 -1 0 48\4-4aring.dat
1 16 0 0 8 0 0 15 15 0 0 0 -1 0 4-4disc.dat
1 16 0 0 7 1 0 0 0 0 1 0 1 0 48\4-4con15.dat
1 16 0 0 7 16 0 0 0 0 16 0 1 0 48\4-4edge.dat
1 16 0 0 6 0 0 1 -1 0 0 0 -.3125 0 48\1-4con28.dat
1 16 0 0 6 0 0 1 1 0 0 0 -.3125 0 48\1-4con28.dat
1 16 0 0 6 0 0 -1 -1 0 0 0 -.3125 0 48\1-4con28.dat
1 16 0 0 6 0 0 -1 1 0 0 0 -.3125 0 48\1-4con28.dat
1 16 0 0 5.6875 0 0 7 7 0 0 0 -2.1875 0 48\4-4con3.dat
1 16 0 0 3.5 21 0 0 0 0 -21 0 -5.5 0 48\4-4cylo.dat
1 16 0 0 -2 0 0 3 3 0 0 0 1 0 48\4-4ring6.dat
0 BFC INVERTNEXT
1 16 0 0 0 18 0 0 0 0 -18 0 -2 0 48\4-4cylo.dat
0 BFC INVERTNEXT
1 16 0 0 0 3 0 0 0 0 -3 0 5.5 0 48\4-4con5.dat
1 16 0 0 5.5 15 0 0 0 0 15 0 1 0 48\4-4edge.dat
1 16 0 0 5.5 15 0 0 0 0 15 0 1 0 48\4-4aring.dat
1 16 0 0 5.5 0 0 15 15 0 0 0 1 0 4-4disc.dat
1 16 0 0 -6 3.75 0 0 0 0 3.75 0 11.5 0 4-4cylc.dat
1 16 0 0 27.5 3.75 0 0 0 0 3.75 0 -19.5 0 4-4cylc.dat
1 16 0 0 7 8 0 0 0 0 8 0 -1 0 4-4ring2.dat
1 16 0 0 7 2 0 0 0 0 2 0 -1 0 4-4rin12.dat
