0 BFC CERTIFY CCW
1 16 0 -2 0 0 0 8 0 -8 0 -8 0 0 t04i2500.dat
1 16 0 -2 0 -8 0 0 0 -8 0 0 0 -8 t04i2500.dat
1 16 0 -2 0 0 0 8 0 -8 0 -8 0 0 t04o2500.dat
1 16 0 -2 0 0 0 -8 0 -8 0 -8 0 0 t04o2500.dat
1 16 8 -2 0 2 -0.75 0 0 0 -2 0 14 0 2-4cyli.dat
1 16 -8 -2 0 -2 0.75 0 0 0 -2 0 14 0 2-4cyli.dat
0 BFC INVERTNEXT
1 16 0 -2 0 6 0 0 0 2 0 0 0 -6 1-4cyli.dat
0 BFC INVERTNEXT
1 16 0 -2 0 0 0 -6 0 2 0 -6 0 0 1-4cyli.dat
4 16 5.25 -2 14 5.25 0 14 6 0 0 6 -2 0
4 16 -6 -2 0 -6 0 0 -5.25 0 14 -5.25 -2 14
1 16 0 -2 0 10 0 0 0 2 0 0 0 -10 1-4cyli.dat
1 16 0 -2 0 0 0 -10 0 2 0 -10 0 0 1-4cyli.dat
4 16 10 -2 0 10 0 0 9.25 0 14 9.25 -2 14
4 16 -9.25 -2 14 -9.25 0 14 -10 0 0 -10 -2 0
1 16 0 0 0 2 0 0 0 -1 0 0 0 -2 2-4ring3.dat
1 16 0 0 0 2 0 0 0 -1 0 0 0 -2 2-4ring4.dat
4 16 8 0 0 6 0 0 5.25 0 14 7.25 0 14
4 16 10 0 0 8 0 0 7.25 0 14 9.25 0 14
4 16 -6 0 0 -8 0 0 -7.25 0 14 -5.25 0 14
4 16 -8 0 0 -10 0 0 -9.25 0 14 -7.25 0 14
4 16 -6 0 0 -10 0 0 -9.25 0 14 -5.25 0 14
1 16 0 0 0 -6 0 0 0 1 0 0 0 -6 2-4edge.dat
1 16 0 0 0 -10 0 0 0 1 0 0 0 -10 2-4edge.dat
1 16 5.5 -2.25 4.75 1.25 0 0 0 2 0 0 0 1.25 4-4cyli.dat
1 16 5.5 -2.25 4.75 1.25 0 0 0 2 0 0 0 1.25 4-4disc.dat
1 16 5.5 -0.25 4.75 -1.25 0 0 0 -2 0 0 0 1.25 4-4disc.dat
1 16 -5.5 -2.25 4.75 1.25 0 0 0 2 0 0 0 1.25 4-4cyli.dat
1 16 -5.5 -2.25 4.75 1.25 0 0 0 2 0 0 0 1.25 4-4disc.dat
1 16 -5.5 -0.25 4.75 -1.25 0 0 0 -2 0 0 0 1.25 4-4disc.dat
1 16 7 -4 17 3.5 0 0 0 1 0 0 0 3.5 4-4disc.dat
1 16 7 -0.5 17 3.5 0 0 0 -3.5 0 0 0 3.5 r04o1000.dat
1 16 7 -0.5 17 0 0 -3.5 0 -3.5 0 3.5 0 0 r04o1000.dat
1 16 7 -0.5 17 -3.5 0 0 0 -3.5 0 0 0 -3.5 r04o1000.dat
1 16 7 -0.5 17 0 0 3.5 0 -3.5 0 -3.5 0 0 r04o1000.dat
1 16 7 -0.5 17 7 0 0 0 26 0 0 0 7 4-4cyli.dat
1 16 7 0 17 7 0 0 0 1 0 0 0 7 4-4edge.dat
1 16 7 25.5 17 7 0 0 0 1 0 0 0 7 4-4edge.dat
1 16 7 25.5 17 -1 0 0 0 -1 0 0 0 1 4-4ring6.dat
1 16 7 25.5 17 -1 0 0 0 -1 0 0 0 1 4-4RING5.DAT
1 16 7 25.5 17 -1 0 0 0 -1 0 0 0 1 4-4ring4.dat
0 BFC INVERTNEXT
1 16 7 25.5 17 1 0 0 0 6 0 0 0 1 stud3.dat
1 16 -7 -4 17 3.5 0 0 0 1 0 0 0 3.5 4-4disc.dat
1 16 -7 -0.5 17 3.5 0 0 0 -3.5 0 0 0 3.5 r04o1000.dat
1 16 -7 -0.5 17 0 0 -3.5 0 -3.5 0 3.5 0 0 r04o1000.dat
1 16 -7 -0.5 17 -3.5 0 0 0 -3.5 0 0 0 -3.5 r04o1000.dat
1 16 -7 -0.5 17 0 0 3.5 0 -3.5 0 -3.5 0 0 r04o1000.dat
1 16 -7 -0.5 17 7 0 0 0 26 0 0 0 7 4-4cyli.dat
1 16 -7 0 17 7 0 0 0 1 0 0 0 7 4-4edge.dat
1 16 -7 25.5 17 7 0 0 0 1 0 0 0 7 4-4edge.dat
1 16 -7 25.5 17 -1 0 0 0 -1 0 0 0 1 4-4ring6.dat
1 16 -7 25.5 17 -1 0 0 0 -1 0 0 0 1 4-4RING5.DAT
1 16 -7 25.5 17 -1 0 0 0 -1 0 0 0 1 4-4ring4.dat
0 BFC INVERTNEXT
1 16 -7 25.5 17 1 0 0 0 6 0 0 0 1 stud3.dat
4 16 -11.5 -7 15 -11.5 -3 15 11.5 -3 15 11.5 -7 15
4 16 11.5 -7 19 11.5 -3 19 -11.5 -3 19 -11.5 -7 19
4 16 11.5 -7 15 11.5 -3 15 11.5 -3 19 11.5 -7 19
4 16 -11.5 -7 19 -11.5 -3 19 -11.5 -3 15 -11.5 -7 15
1 16 11.5 -7 17 0 -23 0 0 0 -2 2 0 0 2-4cyli.dat
1 16 11.5 -7 17 0 -24 0 0 0 -2 2 0 0 2-4disc.dat
1 16 -11.5 -7 17 0 24 0 0 0 -2 -2 0 0 2-4disc.dat
1 16 11.5 -7 17 0 1 0 0 0 -2 -2 0 0 2-4edge.dat
1 16 -11.5 -7 17 0 1 0 0 0 -2 -2 0 0 2-4edge.dat
4 16 -11.5 -3 15 -0.4 0 15 0.4 0 15 11.5 -3 15
4 16 11.5 -3 19 0.4 0 19 -0.4 0 19 -11.5 -3 19
4 16 -0.4 0 15 -0.4 25.4 15 0.4 25.4 15 0.4 0 15
4 16 0.4 0 19 0.4 25.4 19 -0.4 25.4 19 -0.4 0 19
4 16 -0.4 25.4 15 -0.4 25.4 19 0.4 25.4 19 0.4 25.4 15
1 16 7 -4 18 0.5 0 0 0 -3 0 0 0 0.5 4-4con4.dat
1 16 7 -7 18 -2 0 0 0 3 0 0 0 2 4-4disc.dat
1 16 -7 -4 18 0.5 0 0 0 -3 0 0 0 0.5 4-4con4.dat
1 16 -7 -7 18 -2 0 0 0 3 0 0 0 2 4-4disc.dat
1 16 0 -10 17 -1.96 0 0.39 0 3 0 -0.39 0 -1.96 4-4cyli.dat
4 16 1.66 -10 18.11 1.66 -10.5 18.11 1.96 -10.5 17.39 1.96 -10 17.39
4 16 1.11 -10 18.66 1.11 -10.5 18.66 1.66 -10.5 18.11 1.66 -10 18.11
4 16 0.39 -10 18.96 0.39 -10.5 18.96 1.11 -10.5 18.66 1.11 -10 18.66
4 16 -1.11 -10 18.66 -1.11 -10.5 18.66 -0.39 -10.5 18.96 -0.39 -10 18.96
4 16 -1.66 -10 18.11 -1.66 -10.5 18.11 -1.11 -10.5 18.66 -1.11 -10 18.66
4 16 -1.96 -10 17.39 -1.96 -10.5 17.39 -1.66 -10.5 18.11 -1.66 -10 18.11
4 16 -1.66 -10 15.89 -1.66 -10.5 15.89 -1.96 -10.5 16.61 -1.96 -10 16.61
4 16 -1.11 -10 15.34 -1.11 -10.5 15.34 -1.66 -10.5 15.89 -1.66 -10 15.89
4 16 -0.39 -10 15.04 -0.39 -10.5 15.04 -1.11 -10.5 15.34 -1.11 -10 15.34
4 16 1.11 -10 15.34 1.11 -10.5 15.34 0.39 -10.5 15.04 0.39 -10 15.04
4 16 1.66 -10 15.89 1.66 -10.5 15.89 1.11 -10.5 15.34 1.11 -10 15.34
4 16 1.96 -10 16.61 1.96 -10.5 16.61 1.66 -10.5 15.89 1.66 -10 15.89
4 16 -0.39 -10 16.61 0.39 -10 16.61 0.39 -10 17.39 -0.39 -10 17.39
4 16 0.39 -10 16.61 1.96 -10 16.61 1.96 -10 17.39 0.39 -10 17.39
4 16 0.39 -10 18.96 -0.39 -10 18.96 -0.39 -10 17.39 0.39 -10 17.39
4 16 -0.39 -10 17.39 -1.96 -10 17.39 -1.96 -10 16.61 -0.39 -10 16.61
4 16 -0.39 -10 15.04 0.39 -10 15.04 0.39 -10 16.61 -0.39 -10 16.61
4 16 1.96 -10 17.39 1.96 -10.5 17.39 0.39 -10.5 17.39 0.39 -10 17.39
4 16 0.39 -10 17.39 0.39 -10.5 17.39 0.39 -10.5 18.96 0.39 -10 18.96
4 16 -0.39 -10 18.96 -0.39 -10.5 18.96 -0.39 -10.5 17.39 -0.39 -10 17.39
4 16 -0.39 -10 17.39 -0.39 -10.5 17.39 -1.96 -10.5 17.39 -1.96 -10 17.39
4 16 -1.96 -10 16.61 -1.96 -10.5 16.61 -0.39 -10.5 16.61 -0.39 -10 16.61
4 16 -0.39 -10 16.61 -0.39 -10.5 16.61 -0.39 -10.5 15.04 -0.39 -10 15.04
4 16 0.39 -10 15.04 0.39 -10.5 15.039 0.39 -10.5 16.61 0.39 -10 16.61
4 16 0.39 -10 16.61 0.39 -10.5 16.61 1.96 -10.5 16.61 1.96 -10 16.61
3 16 0.39 -10.5 17.39 1.96 -10.5 17.39 1.66 -10.5 18.11
3 16 0.39 -10.5 17.39 1.66 -10.5 18.11 1.11 -10.5 18.66
3 16 0.39 -10.5 18.96 0.39 -10.5 17.39 1.11 -10.5 18.66
3 16 -0.39 -10.5 17.39 -0.39 -10.5 18.96 -1.11 -10.5 18.66
3 16 -0.39 -10.5 17.39 -1.11 -10.5 18.66 -1.66 -10.5 18.11
3 16 -1.96 -10.5 17.39 -0.39 -10.5 17.39 -1.66 -10.5 18.11
3 16 -0.39 -10.5 16.61 -1.96 -10.5 16.61 -1.66 -10.5 15.89
3 16 -1.11 -10.5 15.34 -0.39 -10.5 16.61 -1.66 -10.5 15.89
3 16 -1.11 -10.5 15.34 -0.39 -10.5 15.04 -0.39 -10.5 16.61
3 16 0.39 -10.5 15.04 1.11 -10.5 15.34 0.39 -10.5 16.61
3 16 1.11 -10.5 15.34 1.66 -10.5 15.89 0.39 -10.5 16.61
3 16 1.66 -10.5 15.89 1.96 -10.5 16.61 0.39 -10.5 16.61
1 16 -9.5 -9.5 17 0.8 0 0 0 0.8 0 0 0 0.8 4-4cyli.dat
1 16 -9.5 -9.5 17 0.8 0 0 0 0.8 0 0 0 0.8 4-4disc.dat
1 16 -9.5 -9.5 17 0.8 0 0 0 0.8 0 0 0 0.8 4-4edge.dat
