0 BFC CERTIFY CCW
1 16 0 24 0 10 0 0 0 1 0 0 0 10 p/recte4.dat
4 16 10 24 10 6 24 6 -6 24 6 -10 24 10
4 16 -10 24 10 -6 24 6 -6 24 -6 -10 24 -10
4 16 -10 24 -10 -6 24 -6 6 24 -6 10 24 -10
4 16 10 24 -10 6 24 -6 6 24 6 10 24 10
0 BFC INVERTNEXT
1 16 0 24 0 6 0 0 0 -20 0 0 0 6 p/box5.dat
1 16 0 0 0 0 0 -1 0 1 0 -1 0 0 parts/s/38585s01.dat
1 16 0 0 0 1 0 0 0 1 0 0 0 1 parts/s/38585s01.dat
3 16 10 18 10 10 24 10 -10 24 10
4 16 10 18 10 -10 24 10 -10 0 10 10 8 10
3 16 20 0 10 10 8 10 -10 0 10
3 16 -10 24 10 -10 24 -10 -10 18 -10
4 16 -10 0 10 -10 24 10 -10 18 -10 -10 8 -10
3 16 -10 0 10 -10 8 -10 -10 0 -20
3 16 10 0 -10 10 0 -20 10 8 -10
3 16 10 0 -10 10 8 -10 20 0 -10
1 16 20 4 0 0 -1 0 0 0 4 -10 0 0 p/rect.dat
1 16 0 4 -20 -10 0 0 0 0 4 0 1 0 p/rect.dat
3 16 -10 0 -20 10 0 -20 10 0 -10
3 16 10 0 -10 20 0 -10 20 0 10
4 16 -10 0 -20 10 0 -10 20 0 10 -10 0 10
1 16 0 0 0 1 0 0 0 1 0 0 0 1 p/stud2.dat
