0 BFC CERTIFY CCW
1 16 0 24 0 10 0 0 0 1 0 0 0 10 p/recte4.dat
4 16 10 24 10 6 24 6 -6 24 6 -10 24 10
4 16 -10 24 10 -6 24 6 -6 24 -6 -10 24 -10
4 16 -10 24 -10 -6 24 -6 6 24 -6 10 24 -10
4 16 10 24 -10 6 24 -6 6 24 6 10 24 10
0 BFC INVERTNEXT
1 16 0 24 0 6 0 0 0 -20 0 0 0 6 p/box5.dat
1 16 0 0 0 -1 0 0 0 1 0 0 0 1 parts/s/38585s01.dat
1 16 0 0 0 1 0 0 0 1 0 0 0 1 parts/s/38585s01.dat
1 16 0 21 -10 0 0 10 3 0 0 0 1 0 p/rect2p.dat
4 16 10 18 -10 10 8 -10 -10 8 -10 -10 18 -10
1 16 0 21 10 0 0 -10 3 0 0 0 -1 0 p/rect2p.dat
4 16 -10 18 10 -10 8 10 10 8 10 10 18 10
4 16 20 0 10 10 8 10 -10 8 10 -20 0 10
4 16 -20 0 -10 -10 8 -10 10 8 -10 20 0 -10
1 16 0 8 0 0 0 20 0 -8 0 -10 0 0 p/box3u2p.dat
1 16 0 0 0 1 0 0 0 1 0 0 0 1 p/stud2.dat
