0 BFC CERTIFY CCW
0 BFC INVERTNEXT
1 16 2 22 0 0 14 0 0 0 -2 6 0 0 p/box4-2p.dat
0 BFC INVERTNEXT
1 16 -2 22 0 0 -14 0 0 0 -2 -6 0 0 p/box4-2p.dat
1 16 2 22 0 0 2 0 0 0 2 2 0 0 p/box4-2p.dat
1 16 -2 22 0 0 -2 0 0 0 2 2 0 0 p/box4-2p.dat
1 16 0 20 -4 0 0 2 0 4 0 -2 0 0 p/box3u8p.dat
1 16 0 20 4 0 0 2 0 4 0 -2 0 0 p/box3u8p.dat
4 16 2 24 2 2 24 -2 -2 24 -2 -2 24 2
4 16 16 24 6 -16 24 6 -20 24 10 20 24 10
4 16 -16 24 6 -16 24 -6 -20 24 -10 -20 24 10
4 16 -16 24 -6 16 24 -6 20 24 -10 -20 24 -10
4 16 16 24 -6 16 24 6 20 24 10 20 24 -10
1 16 0 22 -9 20 0 0 0 0 -2 0 -1 0 p/box2-5.dat
4 16 16 16 -8 -16 16 -8 -20 20 -8 20 20 -8
4 16 20 10 -8 16 10 -8 16 16 -8 20 20 -8
4 16 -16 10 -8 -20 10 -8 -20 20 -8 -16 16 -8
1 16 0 13 10 20 0 0 0 0 11 0 -1 0 p/rect.dat
0 BFC INVERTNEXT
1 16 0 9 -0.5 16 0 0 0 7 0 0 0 7.5 p/box2-5.dat
4 16 20 2 10 -20 2 10 -16 2 7 16 2 7
4 16 20 2 10 16 2 7 16 2 4.5 20 2 4.5
1 16 -2 10 0 0 4 0 0 0 -2 2 0 0 p/2-4cylo.dat
1 16 -2 10 0 0 1 0 0 0 -2 2 0 0 p/2-4chrd.dat
1 16 2 10 0 0 -1 0 0 0 -2 2 0 0 p/2-4chrd.dat
1 16 0 16 0 2 0 0 0 -6 0 0 0 2 p/box4o4a.dat
0 BFC INVERTNEXT
1 16 16 10 0 0 4 0 4 0 0 0 0 -4 p/5-16cylo.dat
0 BFC INVERTNEXT
1 16 16 10 0 0 4 0 4 0 0 0 0 4 p/5-16cylo.dat
1 16 18 4.7824 3.8368 0 0 2 2.7824 0 0 -0.6632 1 0 p/rect.dat
1 16 18 8.017 3.4346 0 0 2 0.4522 0 0 0.261 1 0 p/rect2p.dat
1 16 16 5.0505 -4.879 0 4 0 0 0 -1 1.1 0 0 p/8/3-8cylo.dat
1 16 16 5.0505 -4.879 0 1 0 0 0 -1 1.1 0 0 p/8/3-8chrd.dat
1 16 20 5.0505 -4.879 0 -1 0 0 0 -1 1.1 0 0 p/8/3-8chrd.dat
1 16 18 6.30765 -3.4763 2 0 0 0 0 1.25715 0 -1 0.3027 p/rect3.dat
1 16 18 8.017 -3.4346 0 0 -2 0.4522 0 0 -0.261 -1 0 p/rect2p.dat
4 16 20 8.4692 -3.6956 20 7.5648 -3.1736 20 5.0505 -3.779 20 8.4692 -4
4 16 16 8.4692 -3.6956 16 8.4692 -4 16 5.0505 -3.779 16 7.5648 -3.1736
1 16 20 10 0 0 -4 0 0 0 -8 -8 0 0 p/1-8cylo.dat
1 16 -20 10 0 0 4 0 0 0 -8 -8 0 0 p/1-8cylo.dat
1 16 20 10 0 0 -1 0 0 0 -8 -8 0 0 p/1-8chrd.dat
1 16 -20 10 0 0 1 0 0 0 -8 -8 0 0 p/1-8chrd.dat
1 16 16 10 0 0 1 0 0 0 -8 -8 0 0 p/1-8chrd.dat
1 16 -16 10 0 0 -1 0 0 0 -8 -8 0 0 p/1-8chrd.dat
1 16 20 10 0 0 -1 0 0 0 4 4 0 0 p/2-4ndis.dat
1 16 20 10 0 0 -1 0 0 0 -4 4 0 0 p/1-16tndis.dat
1 16 16 10 0 0 1 0 0 0 -4 4 0 0 p/1-16tndis.dat
1 16 20 10 0 0 -1 0 0 0 -4 -4 0 0 p/1-16tndis.dat
1 16 16 10 0 0 1 0 0 0 -4 -4 0 0 p/1-16tndis.dat
1 16 16 10 0 0 1 0 0 0 4 4 0 0 p/2-4ndis.dat
4 16 20 8.4692 -4 20 5.0505 -3.779 20 4.3434 -5.6568 20 10 -8
4 16 20 14 -4 20 8.4692 -4 20 10 -8 20 20 -8
4 16 20 24 -10 20 24 10 20 20 -8 20 20 -10
4 16 20 20 -8 20 24 10 20 14 4 20 14 -4
4 16 20 10 4 20 14 4 20 24 10 20 2 10
3 16 20 2 10 20 8.4692 4 20 10 4
4 16 20 8.4692 4 20 2 10 20 2 4.5 20 8.4692 3.6956
3 16 20 2 4.5 20 7.5648 3.1736 20 8.4692 3.6956
4 16 16 10 -8 16 8.4692 -4 16 14 -4 16 16 -8
4 16 16 4.34 -5.66 16 5.0505 -3.779 16 8.4692 -4 16 10 -8
4 16 16 14 4 16 16 7 16 16 -8 16 14 -4
3 16 16 8.4692 3.6956 16 7.5648 3.1736 16 2 4.5
4 16 16 2 4.5 16 2 7 16 8.4692 4 16 8.4692 3.6956
4 16 16 16 7 16 10 4 16 8.4692 4 16 2 7
3 16 16 16 7 16 14 4 16 10 4
1 16 -16 10 0 0 -1 0 0 0 4 4 0 0 p/2-4ndis.dat
4 16 -16 16 -8 -16 16 7 -16 14 4 -16 14 -4
1 16 -20 10 0 0 1 0 0 0 4 4 0 0 p/2-4ndis.dat
4 16 -20 20 -8 -20 24 10 -20 24 -10 -20 20 -10
4 16 -20 14 4 -20 24 10 -20 20 -8 -20 14 -4
4 16 -16 2 4.5 -16 2 7 -20 2 10 -20 2 4.5
0 BFC INVERTNEXT
1 16 -16 10 0 0 -4 0 4 0 0 0 0 -4 p/5-16cylo.dat
0 BFC INVERTNEXT
1 16 -16 10 0 0 -4 0 4 0 0 0 0 4 p/5-16cylo.dat
1 16 -18 4.7824 3.8368 -2 0 0 0 0 2.7824 0 1 -0.6632 p/rect.dat
1 16 -18 8.017 3.4346 0 0 -2 -0.4522 0 0 -0.261 1 0 p/rect2p.dat
1 16 -16 5.0505 -4.879 0 -4 0 0 0 -1 1.1 0 0 p/8/3-8cylo.dat
1 16 -16 5.0505 -4.879 0 -1 0 0 0 -1 1.1 0 0 p/8/3-8chrd.dat
1 16 -20 5.0505 -4.879 0 1 0 0 0 -1 1.1 0 0 p/8/3-8chrd.dat
1 16 -18 6.30765 -3.4763 2 0 0 0 0 1.25715 0 -1 0.3027 p/rect3.dat
1 16 -18 8.017 -3.4346 0 0 2 -0.4522 0 0 0.261 -1 0 p/rect2p.dat
4 16 -20 5.0505 -3.779 -20 7.5648 -3.1736 -20 8.4692 -3.6956 -20 8.4692 -4
4 16 -16 5.0505 -3.779 -16 8.4692 -4 -16 8.4692 -3.6956 -16 7.5648 -3.1736
1 16 -20 10 0 0 1 0 0 0 -4 4 0 0 p/1-16tndis.dat
1 16 -16 10 0 0 -1 0 0 0 -4 4 0 0 p/1-16tndis.dat
1 16 -20 10 0 0 1 0 0 0 -4 -4 0 0 p/1-16tndis.dat
1 16 -16 10 0 0 -1 0 0 0 -4 -4 0 0 p/1-16tndis.dat
4 16 -20 8.4692 -4 -20 10 -8 -20 4.3434 -5.6568 -20 5.0505 -3.779
4 16 -20 10 -8 -20 8.4692 -4 -20 14 -4 -20 20 -8
4 16 -20 24 10 -20 14 4 -20 10 4 -20 2 10
3 16 -20 8.4692 4 -20 2 10 -20 10 4
4 16 -20 2 4.5 -20 2 10 -20 8.4692 4 -20 8.4692 3.6956
3 16 -20 7.5648 3.1736 -20 2 4.5 -20 8.4692 3.6956
4 16 -16 14 -4 -16 8.4692 -4 -16 10 -8 -16 16 -8
4 16 -16 4.34 -5.66 -16 10 -8 -16 8.4692 -4 -16 5.0505 -3.779
3 16 -16 7.5648 3.1736 -16 8.4692 3.6956 -16 2 4.5
4 16 -16 8.4692 4 -16 2 7 -16 2 4.5 -16 8.4692 3.6956
4 16 -16 8.4692 4 -16 10 4 -16 16 7 -16 2 7
3 16 -16 14 4 -16 16 7 -16 10 4
