0 BFC CERTIFY CCW
1 16 0 12 0 1 0 0 0 -9 0 0 0 1 p/stud4a.dat
1 16 0 4 0 8 0 0 0 1 0 0 0 8 p/4-4edge.dat
1 16 0 4 0 8 0 0 0 8 0 0 0 8 p/4-4cyli.dat
1 16 0 12 0 1 0 0 0 1 0 0 0 1 p/axlehol3.dat
1 16 0 4 0 1 0 0 0 8 0 0 0 1 p/axlehole.dat
1 16 0 4 0 1 0 0 0 -1 0 0 0 1 p/axl5end.dat
1 16 0 4 0 1 0 0 0 1 0 0 0 1 p/axlehol2.dat
1 16 0 44 0 16 0 0 0 1 0 0 0 16 p/4-4edge.dat
1 16 0 44 0 20 0 0 0 1 0 0 0 20 p/4-4edge.dat
1 16 0 44 0 16 0 0 0 -1 0 0 0 16 p/1-4tang.dat
1 16 0 44 0 -16 0 0 0 -1 0 0 0 16 p/1-4tang.dat
1 16 0 44 0 16 0 0 0 -1 0 0 0 -16 p/1-4tang.dat
1 16 0 44 0 -16 0 0 0 -1 0 0 0 -16 p/1-4tang.dat
1 16 0 44 0 20 0 0 0 4 0 0 0 20 p/1-16cyli.dat
1 16 0 48 0 20 0 0 0 -1 0 0 0 20 p/1-16chrd.dat
1 16 0 48 0 20 0 0 0 1 0 0 0 20 p/1-16edge.dat
1 16 0 44 0 20 0 0 0 4 0 0 0 -20 p/1-16cyli.dat
1 16 0 48 0 20 0 0 0 -1 0 0 0 -20 p/1-16chrd.dat
1 16 0 48 0 20 0 0 0 1 0 0 0 -20 p/1-16edge.dat
1 16 0 44 0 0 0 20 0 4 0 -20 0 0 p/1-16cyli.dat
1 16 0 48 0 0 0 20 0 -1 0 -20 0 0 p/1-16chrd.dat
1 16 0 48 0 0 0 20 0 1 0 -20 0 0 p/1-16edge.dat
1 16 0 44 0 0 0 -20 0 4 0 -20 0 0 p/1-16cyli.dat
1 16 0 48 0 0 0 -20 0 -1 0 -20 0 0 p/1-16chrd.dat
1 16 0 48 0 0 0 -20 0 1 0 -20 0 0 p/1-16edge.dat
1 16 0 44 0 -20 0 0 0 4 0 0 0 -20 p/1-16cyli.dat
1 16 0 48 0 -20 0 0 0 -1 0 0 0 -20 p/1-16chrd.dat
1 16 0 48 0 -20 0 0 0 1 0 0 0 -20 p/1-16edge.dat
1 16 0 44 0 -20 0 0 0 4 0 0 0 20 p/1-16cyli.dat
1 16 0 48 0 -20 0 0 0 -1 0 0 0 20 p/1-16chrd.dat
1 16 0 48 0 -20 0 0 0 1 0 0 0 20 p/1-16edge.dat
1 16 0 44 0 0 0 -20 0 4 0 20 0 0 p/1-16cyli.dat
1 16 0 48 0 0 0 -20 0 -1 0 20 0 0 p/1-16chrd.dat
1 16 0 48 0 0 0 -20 0 1 0 20 0 0 p/1-16edge.dat
1 16 0 44 0 0 0 20 0 4 0 20 0 0 p/1-16cyli.dat
1 16 0 48 0 0 0 20 0 -1 0 20 0 0 p/1-16chrd.dat
1 16 0 48 0 0 0 20 0 1 0 20 0 0 p/1-16edge.dat
4 16 16 48 11.36 18.478 48 7.654 20 48 0 16 48 0
4 16 0 48 20 7.654 48 18.478 11.36 48 16 0 48 16
4 16 -20 48 0 -18.478 48 7.654 -16 48 11.36 -16 48 0
4 16 -11.36 48 16 -7.654 48 18.478 0 48 20 0 48 16
4 16 20 48 0 18.478 48 -7.654 16 48 -11.36 16 48 0
4 16 11.36 48 -16 7.654 48 -18.478 0 48 -20 0 48 -16
4 16 -16 48 -11.36 -18.478 48 -7.654 -20 48 0 -16 48 0
4 16 0 48 -20 -7.654 48 -18.478 -11.36 48 -16 0 48 -16
4 16 16 44 11.36 18.478 44 7.654 18.478 48 7.654 16 48 11.36
4 16 7.654 48 18.478 7.654 44 18.478 11.36 44 16 11.36 48 16
4 16 16 44 0 16 44 11.36 16 48 11.36 16 48 0
4 16 11.36 48 16 11.36 44 16 0 44 16 0 48 16
4 16 -18.478 48 7.654 -18.478 44 7.654 -16 44 11.36 -16 48 11.36
4 16 -11.36 44 16 -7.654 44 18.478 -7.654 48 18.478 -11.36 48 16
4 16 -16 48 11.36 -16 44 11.36 -16 44 0 -16 48 0
4 16 0 44 16 -11.36 44 16 -11.36 48 16 0 48 16
4 16 18.478 48 -7.654 18.478 44 -7.654 16 44 -11.36 16 48 -11.36
4 16 11.36 44 -16 7.654 44 -18.478 7.654 48 -18.478 11.36 48 -16
4 16 16 48 -11.36 16 44 -11.36 16 44 0 16 48 0
4 16 0 44 -16 11.36 44 -16 11.36 48 -16 0 48 -16
4 16 -16 44 -11.36 -18.478 44 -7.654 -18.478 48 -7.654 -16 48 -11.36
4 16 -7.654 48 -18.478 -7.654 44 -18.478 -11.36 44 -16 -11.36 48 -16
4 16 -16 44 0 -16 44 -11.36 -16 48 -11.36 -16 48 0
4 16 -11.36 48 -16 -11.36 44 -16 0 44 -16 0 48 -16
3 16 16 44 3.1824 14.7824 44 6.1232 16 44 11.36
3 16 14.7824 44 6.1232 13.5648 44 9.064 16 44 11.36
4 16 16 44 11.36 13.5648 44 9.064 11.31 44 11.31 14.142 44 14.142
4 16 11.36 44 16 14.142 44 14.142 11.31 44 11.31 9.064 44 13.5648
3 16 9.064 44 13.5648 6.1232 44 14.7824 11.36 44 16
3 16 6.1232 44 14.7824 3.1824 44 16 11.36 44 16
3 16 3.1824 44 -16 6.1232 44 -14.7824 11.36 44 -16
3 16 6.1232 44 -14.7824 9.064 44 -13.5648 11.36 44 -16
4 16 11.36 44 -16 9.064 44 -13.5648 11.31 44 -11.31 14.142 44 -14.142
4 16 16 44 -11.36 14.142 44 -14.142 11.31 44 -11.31 13.5648 44 -9.064
3 16 13.5648 44 -9.064 14.7824 44 -6.1232 16 44 -11.36
3 16 14.7824 44 -6.1232 16 44 -3.1824 16 44 -11.36
3 16 -16 44 -3.1824 -14.7824 44 -6.1232 -16 44 -11.36
3 16 -14.7824 44 -6.1232 -13.5648 44 -9.064 -16 44 -11.36
4 16 -16 44 -11.36 -13.5648 44 -9.064 -11.31 44 -11.31 -14.142 44 -14.142
4 16 -11.36 44 -16 -14.142 44 -14.142 -11.31 44 -11.31 -9.064 44 -13.5648
3 16 -9.064 44 -13.5648 -6.1232 44 -14.7824 -11.36 44 -16
3 16 -6.1232 44 -14.7824 -3.1824 44 -16 -11.36 44 -16
3 16 -3.1824 44 16 -6.1232 44 14.7824 -11.36 44 16
3 16 -6.1232 44 14.7824 -9.064 44 13.5648 -11.36 44 16
4 16 -11.36 44 16 -9.064 44 13.5648 -11.31 44 11.31 -14.142 44 14.142
4 16 -16 44 11.36 -14.142 44 14.142 -11.31 44 11.31 -13.5648 44 9.064
3 16 -13.5648 44 9.064 -14.7824 44 6.1232 -16 44 11.36
3 16 -14.7824 44 6.1232 -16 44 3.1824 -16 44 11.36
1 16 0 0 0 1 0 0 0 1 0 0 0 1 p/stud.dat
1 16 0 0 0 10 0 0 0 1 0 0 0 10 p/4-4disc.dat
1 16 0 0 0 10 0 0 0 1 0 0 0 10 p/4-4edge.dat
1 16 0 44 0 10 0 0 0 -44 0 0 0 -10 p/4-4con1.dat
0 BFC INVERTNEXT
1 16 0 44 0 0 0 -8 0 -40 0 -8 0 0 p/4-4con1.dat
