0 BFC CERTIFY CW
4 16 -27 0 -26.5 -32 0 24.5 32 0 24.5 27 0 -26.5
1 16 0 0 0 0 0 -1 0 1 0 1 0 0 p/stug-2x2.dat
4 16 -32 0 24.5 -32.5 -11 24.5 32.5 -11 24.5 32 0 24.5
3 16 -27 -29 -43.5 -32.5 -11 24.5 -32 0 24.5
3 16 -27 -29 -43.5 -32 0 24.5 -27 0 -26.5
3 16 32 0 24.5 32.5 -11 24.5 27 -29 -43.5
3 16 27 0 -26.5 32 0 24.5 27 -29 -43.5
4 16 -27 0 -26.5 27 0 -26.5 27 -29 -43.5 -27 -29 -43.5
1 16 0 -11 26.5 36.5 0 0 0 1 0 0 0 2 p/rect.dat
4 16 -32.5 -11 24.5 -27 -29 -43.5 -31.195 -29 -43.5 -36.5 -11 24.5
4 16 36.5 -11 24.5 31.195 -29 -43.5 27 -29 -43.5 32.5 -11 24.5
4 16 -31.195 -29 -43.5 31.195 -29 -43.5 31 -29 -46 -31 -29 -46
1 16 0 -3.5 28.5 36.5 0 0 0 0 7.5 0 -1 0 p/rect3.dat
3 16 -36.5 -11 28.5 -36.5 -11 24.5 -36.5 4 28.5
3 16 -36.5 -11 24.5 -31 4 -29.5 -36.4 4 28.5
3 16 -36.5 -11 24.5 -31.195 -29 -43.5 -31 4 -29.5
3 16 -31.195 -29 -43.5 -31 -29 -46 -31 4 -29.5
3 16 36.5 4 28.5 36.5 -11 24.5 36.5 -11 28.5
3 16 36.4 4 28.5 31 4 -29.5 36.5 -11 24.5
3 16 31 4 -29.5 31.195 -29 -43.5 36.5 -11 24.5
3 16 31 4 -29.5 31 -29 -46 31.195 -29 -43.5
4 16 31 -29 -46 31 4 -29.5 -31 4 -29.5 -31 -29 -46
4 16 -36.5 4 28.5 -31 4 -29.5 31 4 -29.5 36.5 4 28.5
1 16 0 0 0 1 0 0 0 1 0 0 0 1 parts/s/4003s01.dat
1 16 0 0 0 -1 0 0 0 1 0 0 0 1 parts/s/4003s01.dat
