0 BFC CERTIFY CW
0 BFC INVERTNEXT
1 16 -20 0 0 0 40 0 0 0 10 -10 0 0 p/4-4cyli.dat
1 16 -20 0 0 0 1 0 0 0 10 -10 0 0 p/4-4edge.dat
1 16 20 0 0 0 1 0 0 0 10 -10 0 0 p/4-4edge.dat
1 16 -20 0 0 0 1 0 0 0 2 -2 0 0 p/4-4ring5.dat
1 16 -20 0 0 0 1 0 0 0 1 -1 0 0 p/4-4rin12.dat
0 BFC INVERTNEXT
1 16 20 0 0 0 1 0 0 0 2 -2 0 0 p/4-4ring5.dat
0 BFC INVERTNEXT
1 16 20 0 0 0 1 0 0 0 1 -1 0 0 p/4-4rin12.dat
1 16 -20 0 0 0 40 0 0 0 13 -13 0 0 p/4-4cyli.dat
1 16 -20 0 0 0 1 0 0 0 13 -13 0 0 p/4-4edge.dat
1 16 20 0 0 0 1 0 0 0 13 -13 0 0 p/4-4edge.dat
1 16 0 0 -13 11 0 0 0 0 11 0 11 0 p/1-4cyls.dat
1 16 0 0 -13 -11 0 0 0 0 11 0 11 0 p/1-4cyls.dat
1 16 0 0 -13 11 0 0 0 0 -11 0 11 0 p/1-4cyls.dat
1 16 0 0 -13 -11 0 0 0 0 -11 0 11 0 p/1-4cyls.dat
4 16  -10.1627 4.2095 -13  -11 0 -13  10 0 -13  9.163 4.21 -13
4 16 10 0 -13 -11 0 -13 -10.1627 -4.2095 -13 9.163 -4.21 -13
4 16 7.7782 7.7782 -13 -7.7782 7.7782 -13 -10.1627 4.2095 -13 9.163 4.21 -13
4 16  -10.1627 -4.2095 -13  -7.7782 -7.7782 -13  7.7782 -7.7782 -13  9.163 -4.21 -13
4 16  -7.508 8 -13  -7.7782 7.7782 -13  7.7782 7.7782 -13  6.508 8 -13
4 16 7.7782 -7.7782 -13 -7.7782 -7.7782 -13 -7.508 -8 -13 6.508 -8 -13
0 BFC INVERTNEXT
1 16 0 0 -13 0 0 8 8 0 0 0 -8 0 p/2-4cyli.dat
1 16 0 0 -13 0 0 11 11 0 0 0 -10 0 p/2-4cyli.dat
4 16 0 -11 -13 0 -11 -23 -4.2095 -10.1626 -23 -4.2095 -10.1626 -13
4 16 -7.508 -8 -13 -4.2095 -10.1626 -13 -4.2095 -10.1626 -23 -7.508 -8 -23
4 16 -7.508 -8 -23 -7.7782 -7.7782 -23 -7.7782 -7.7782 -21 -7.508 -8 -21
4 16 -4.2095 10.1626 -23 0 11 -23 0 11 -13 -4.2095 10.1626 -13
4 16 -4.2095 10.1626 -23 -4.2095 10.1626 -13 -7.508 8 -13 -7.508 8 -23
4 16 -7.7782 7.7782 -21 -7.7782 7.7782 -23 -7.508 8 -23 -7.508 8 -21
1 16 0 0 -21 -11 0 0 0 0 -11 0 -2 0 p/1-8cyli.dat
1 16 0 0 -21 -11 0 0 0 0 11 0 -2 0 p/1-8cyli.dat
4 16 -10 0 -21 -11 0 -21 -10.1627 4.2095 -21 -9.23988 3.8268 -21
4 16 -10.1627 -4.2095 -21 -11 0 -21 -10 0 -21 -9.2388 -3.8268 -21
4 16 -10.1627 4.2095 -21 -7.7782 7.7782 -21 -7.0711 7.01711 -21 -9.2388 3.8268 -21
4 16 -7.0711 -7.01711 -21 -7.7782 -7.7782 -21 -10.1627 -4.2095 -21 -9.2388 -3.8268 -21
4 16 -7.508 8 -21 -3.8268 9.2388 -21 -7.0711 7.0711 -21 -7.7782 7.7782 -21
4 16 -7.7782 -7.7782 -21 -7.0711 -7.0711 -21 -3.8268 -9.2388 -21 -7.508 -8 -21
0 BFC INVERTNEXT
1 16 0 0 -23 0 0 1 1 0 0 0 -1 0 p/ring10.dat
1 16 0 0 -23 0 0 -11 11 0 0 0 -1 0 p/4-4edge.dat
1 16 0 0 -23 0 0 -10 10 0 0 0 -1 0 p/4-4edge.dat
1 16 0 0 -13 0 0 8 8 0 0 0 -1 0 p/2-4edge.dat
1 16 0 0 -13 -11 0 0 0 0 -11 0 -1 0 p/1-8edge.dat
1 16 0 0 -13 -11 0 0 0 0 11 0 -1 0 p/1-8edge.dat
1 16 0 0 -21 0 0 8 8 0 0 0 -1 0 p/2-4edge.dat
1 16 0 0 -21 -11 0 0 0 0 -11 0 -1 0 p/1-8edge.dat
1 16 0 0 -21 -11 0 0 0 0 11 0 -1 0 p/1-8edge.dat
0 BFC INVERTNEXT
1 16 -2.5 -8 -17 0 0 5 0 1 0 -4 0 0 p/rect.dat
1 16 -2.5 8 -17 0 0 5 0 1 0 -4 0 0 p/rect.dat
1 16 0 0 -21 0 0 10 10 0 0 0 -15 0 p/4-4cyli.dat
0 BFC INVERTNEXT
1 16 0 0 -21 0 0 6 6 0 0 0 -20 0 p/4-4cyli.dat
1 16 0 0 -21 0 0 3 3 0 0 0 -1 0 p/ring2.dat
1 16 0 0 -21 0 0 1 1 0 0 0 -1 0 p/1-4ring9.dat
1 16 0 0 -21 0 0 1 -1 0 0 0 -1 0 p/1-4ring9.dat
1 16 0 0 -21 0 0 -1 1 0 0 0 -1 0 p/1-4ring9.dat
1 16 0 0 -21 0 0 -1 -1 0 0 0 -1 0 p/1-4ring9.dat
1 16 0 0 -21 0 0 -6 6 0 0 0 -1 0 p/4-4edge.dat
1 16 8.5 0 -19 0 -1 0 1 0 0 0 0 -1 p/stud2.dat
1 16 11.5 0 -19 0 -1 0 4 0 0 0 0 -4 p/4-4disc.dat
1 16 11.5 0 -19 0 -1 0 4 0 0 0 0 -4 p/4-4edge.dat
1 16 -20 0 0 0 40 0 38 0 0 0 0 -38 p/48/3-16cyli.dat
1 16 -20 0 0 0 40 0 -38 0 0 0 0 -38 p/48/3-16cyli.dat
1 16 -20 0 0 0 40 0 38 0 0 0 0 38 p/48/1-6cyli.dat
1 16 -20 0 0 0 40 0 -38 0 0 0 0 38 p/48/1-6cyli.dat
0 BFC INVERTNEXT
1 16 -20 0 0 0 40 0 34.85 0 0 0 0 -34.85 p/48/3-16cyli.dat
0 BFC INVERTNEXT
1 16 -20 0 0 0 40 0 -34.85 0 0 0 0 -34.85 p/48/3-16cyli.dat
0 BFC INVERTNEXT
1 16 -20 0 0 0 40 0 34.85 0 0 0 0 34.85 p/48/1-6cyli.dat
0 BFC INVERTNEXT
1 16 -20 0 0 0 40 0 -34.85 0 0 0 0 34.85 p/48/1-6cyli.dat
4 16 -20 14.542 -35.107  -20 9.835 -36.705  20 9.835 -36.705  20 14.542 -35.107
4 16 20 -9.835 -36.705 -20 -9.835 -36.705 -20 -14.542 -35.107 20 -14.542 -35.107
4 16 -20 9.02 -33.663 -20 13.337 -32.197 20 13.337 -32.197 20 9.02 -33.663
4 16 20 -13.337 -32.197 -20 -13.337 -32.197 -20 -9.02 -33.663 20 -9.02 -33.663
4 16 4 9.02 -33.663 20 9.02 -33.663 20 4.549 -34.552 4 4.549 -34.552
4 16 -20 4.549 -34.552 -20 9.02 -33.663 -4 9.02 -33.663 -4 4.549 -34.552
4 16 20 -4.549 -34.552 20 -9.02 -33.663 4 -9.02 -33.663 4 -4.549 -34.552
4 16 -4 -9.02 -33.663 -20 -9.02 -33.663 -20 -4.549 -34.552 -4 -4.549 -34.552
4 16 8 4.549 -34.552 20 4.549 -34.552 20 0 -34.85 8 0 -34.85
4 16 -20 0 -34.85 -20 4.549 -34.552 -8 4.549 -34.552 -8 0 -34.85
4 16 20 0 -34.85 20 -4.549 -34.552 8 -4.549 -34.552 8 0 -34.85
4 16 -8 -4.549 -34.552 -20 -4.549 -34.552 -20 0 -34.85 -8 0 -34.85
1 16 -20 0 0 0 1 0 38 0 0 0 0 -38 p/48/1-4edge.dat
1 16 -20 0 0 0 1 0 -38 0 0 0 0 -38 p/48/1-4edge.dat
1 16 -20 0 0 0 1 0 -38 0 0 0 0 38 p/48/1-6edge.dat
1 16 -20 0 0 0 1 0 38 0 0 0 0 38 p/48/1-6edge.dat
1 16 -20 0 0 0 1 0 34.85 0 0 0 0 -34.85 p/48/1-4edge.dat
1 16 -20 0 0 0 1 0 -34.85 0 0 0 0 -34.85 p/48/1-4edge.dat
1 16 -20 0 0 0 1 0 -34.85 0 0 0 0 34.85 p/48/1-6edge.dat
1 16 -20 0 0 0 1 0 34.85 0 0 0 0 34.85 p/48/1-6edge.dat
1 16 20 0 0 0 1 0 38 0 0 0 0 -38 p/48/1-4edge.dat
1 16 20 0 0 0 1 0 -38 0 0 0 0 -38 p/48/1-4edge.dat
1 16 20 0 0 0 1 0 -38 0 0 0 0 38 p/48/1-6edge.dat
1 16 20 0 0 0 1 0 38 0 0 0 0 38 p/48/1-6edge.dat
1 16 20 0 0 0 1 0 34.85 0 0 0 0 -34.85 p/48/1-4edge.dat
1 16 20 0 0 0 1 0 -34.85 0 0 0 0 -34.85 p/48/1-4edge.dat
1 16 20 0 0 0 1 0 -34.85 0 0 0 0 34.85 p/48/1-6edge.dat
1 16 20 0 0 0 1 0 34.85 0 0 0 0 34.85 p/48/1-6edge.dat
0 BFC INVERTNEXT
1 16 20 0 0 0 1 0 0 0 3.165 -3.165 0 0 p/48/1-4rin11.dat
0 BFC INVERTNEXT
1 16 20 0 0 0 1 0 0 0 -3.165 -3.165 0 0 p/48/1-4rin11.dat
1 16 -20 0 0 0 1 0 0 0 3.165 -3.165 0 0 p/48/1-4rin11.dat
1 16 -20 0 0 0 1 0 0 0 -3.165 -3.165 0 0 p/48/1-4rin11.dat
1 16 -20 0 0 0 1 0 -1.59 0 -2.74 2.74 0 -1.59 p/48/1-4rin11.dat
1 16 -20 0 0 0 1 0 1.59 0 2.74 2.74 0 -1.59 p/48/1-4rin11.dat
0 BFC INVERTNEXT
1 16 20 0 0 0 1 0 -1.59 0 -2.74 2.74 0 -1.59 p/48/1-4rin11.dat
0 BFC INVERTNEXT
1 16 20 0 0 0 1 0 1.59 0 2.74 2.74 0 -1.59 p/48/1-4rin11.dat
4 16 -6 16 30.5 -6 -16 30.5 6 -16 30.5 6 16 30.5
4 16 6 -16 34 -6 -16 34 -6 -2.5 34 6 -2.5 34
4 16 6 2.5 34 -6 2.5 34 -6 16 34 6 16 34
4 16 6 -15 30.5 6 -15 34 6 15 34 6 15 30.5
4 16 -6 15 34 -6 -15 34 -6 -15 30.5 -6 15 30.5
4 16 -19 17 34 19 17 34 19 16 34 -19 16 34
4 16 19 -16 34 19 -17 34 -19 -17 34 -19 -16 34
4 16 19 16 30.5 19 17 30.5 -19 17 30.5 -19 16 30.5
4 16 -19 -17 30.5 19 -17 30.5 19 -16 30.5 -19 -16 30.5
4 16 -20 17 34 -20 19.1 32.9 20 19.1 32.9 20 17 34
4 16 20 -19.1 32.9 -20 -19.1 32.9 -20 -17 34 20 -17 34
4 16 20 17.45 30.05 -20 17.45 30.05 -20 17 30.5 20 17 30.5
4 16 -20 -17 30.5 -20 -17.45 30.05 20 -17.45 30.05 20 -17 30.5
4 16 20 17 34 20 19.1 32.9 20 17.45 30.05 20 17 30.5
4 16 20 -17.45 30.05 20 -19.1 32.9 20 -17 34 20 -17 30.5
4 16 -20 -17 34 -20 -19.1 32.9 -20 -17.45 30.05 -20 -17 30.5
4 16 -20 17.45 30.05 -20 19.1 32.9 -20 17 34 -20 17 30.5
1 16 -19 -17 34 0 0 -1 1 0 0 0 -3.5 0 p/1-4cyli.dat
1 16 19 -17 34 0 0 1 1 0 0 0 -3.5 0 p/1-4cyli.dat
1 16 19 17 34 0 0 1 -1 0 0 0 -3.5 0 p/1-4cyli.dat
1 16 -19 17 34 0 0 -1 -1 0 0 0 -3.5 0 p/1-4cyli.dat
1 16 -19 -17 34 0 0 -1 1 0 0 0 -1 0 p/1-4edge.dat
1 16 19 -17 34 0 0 1 1 0 0 0 -1 0 p/1-4edge.dat
1 16 19 17 34 0 0 1 -1 0 0 0 -1 0 p/1-4edge.dat
1 16 -19 17 34 0 0 -1 -1 0 0 0 -1 0 p/1-4edge.dat
1 16 -19 -17 30.5 0 0 -1 1 0 0 0 -1 0 p/1-4edge.dat
1 16 19 -17 30.5 0 0 1 1 0 0 0 -1 0 p/1-4edge.dat
1 16 19 17 30.5 0 0 1 -1 0 0 0 -1 0 p/1-4edge.dat
1 16 -19 17 30.5 0 0 -1 -1 0 0 0 -1 0 p/1-4edge.dat
1 16 -19 -17 34 0 0 -1 1 0 0 0 -1 0 p/1-4disc.dat
1 16 19 -17 34 0 0 1 1 0 0 0 -1 0 p/1-4disc.dat
1 16 19 17 34 0 0 1 -1 0 0 0 -1 0 p/1-4disc.dat
1 16 -19 17 34 0 0 -1 -1 0 0 0 -1 0 p/1-4disc.dat
0 BFC INVERTNEXT
1 16 -19 -17 30.5 0 0 -1 1 0 0 0 -1 0 p/1-4disc.dat
0 BFC INVERTNEXT
1 16 19 -17 30.5 0 0 1 1 0 0 0 -1 0 p/1-4disc.dat
0 BFC INVERTNEXT
1 16 19 17 30.5 0 0 1 -1 0 0 0 -1 0 p/1-4disc.dat
0 BFC INVERTNEXT
1 16 -19 17 30.5 0 0 -1 -1 0 0 0 -1 0 p/1-4disc.dat
0 BFC INVERTNEXT
1 16 7 15 34 0 0 -1 1 0 0 0 -3.5 0 p/1-4cyli.dat
0 BFC INVERTNEXT
1 16 -7 15 34 0 0 1 1 0 0 0 -3.5 0 p/1-4cyli.dat
0 BFC INVERTNEXT
1 16 -7 -15 34 0 0 1 -1 0 0 0 -3.5 0 p/1-4cyli.dat
0 BFC INVERTNEXT
1 16 7 -15 34 0 0 -1 -1 0 0 0 -3.5 0 p/1-4cyli.dat
1 16 7 15 34 0 0 -1 1 0 0 0 -1 0 p/1-4edge.dat
1 16 -7 15 34 0 0 1 1 0 0 0 -1 0 p/1-4edge.dat
1 16 -7 -15 34 0 0 1 -1 0 0 0 -1 0 p/1-4edge.dat
1 16 7 -15 34 0 0 -1 -1 0 0 0 -1 0 p/1-4edge.dat
1 16 7 15 30.5 0 0 -1 1 0 0 0 -1 0 p/1-4edge.dat
1 16 -7 15 30.5 0 0 1 1 0 0 0 -1 0 p/1-4edge.dat
1 16 -7 -15 30.5 0 0 1 -1 0 0 0 -1 0 p/1-4edge.dat
1 16 7 -15 30.5 0 0 -1 -1 0 0 0 -1 0 p/1-4edge.dat
1 16 7 15 34 0 0 -1 1 0 0 0 -1 0 p/1-4ndis.dat
1 16 -7 15 34 0 0 1 1 0 0 0 -1 0 p/1-4ndis.dat
1 16 -7 -15 34 0 0 1 -1 0 0 0 -1 0 p/1-4ndis.dat
1 16 7 -15 34 0 0 -1 -1 0 0 0 -1 0 p/1-4ndis.dat
0 BFC INVERTNEXT
1 16 7 15 30.5 0 0 -1 1 0 0 0 -1 0 p/1-4ndis.dat
0 BFC INVERTNEXT
1 16 -7 15 30.5 0 0 1 1 0 0 0 -1 0 p/1-4ndis.dat
0 BFC INVERTNEXT
1 16 -7 -15 30.5 0 0 1 -1 0 0 0 -1 0 p/1-4ndis.dat
0 BFC INVERTNEXT
1 16 7 -15 30.5 0 0 -1 -1 0 0 0 -1 0 p/1-4ndis.dat
4 16 -19 -16 34 -19 -16 30.5 -7 -16 30.5 -7 -16 34
4 16 -7 16 30.5 -19 16 30.5 -19 16 34 -7 16 34
4 16 19 16 34 19 16 30.5 7 16 30.5 7 16 34
4 16 7 -16 30.5 19 -16 30.5 19 -16 34 7 -16 34
4 16 -6 0.5 39 6 0.5 39 6 -0.5 39 -6 -0.5 39
4 16 -6 0.5 39 -6 -0.5 39 -6 -0.5 38 -6 0.5 38
4 16 6 -0.5 38 6 -0.5 39 6 0.5 39 6 0.5 38
4 16 -6 -1.5 38 6 -1.5 38 6 -1.5 35 -6 -1.5 35
4 16 6 1.5 35 6 1.5 38 -6 1.5 38 -6 1.5 35
4 16 -6 -1.5 34 -6 1.5 34 -6 1.5 38 -6 -1.5 38
4 16 6 1.5 38 6 1.5 34 6 -1.5 34 6 -1.5 38
1 16 6 0.5 38 0 -12 0 0 0 1 1 0 0 p/1-4cyli.dat
1 16 6 -0.5 38 0 -12 0 0 0 -1 1 0 0 p/1-4cyli.dat
0 BFC INVERTNEXT
1 16 6 2.5 35 0 -12 0 0 0 -1 -1 0 0 p/1-4cyli.dat
0 BFC INVERTNEXT
1 16 6 -2.5 35 0 -12 0 0 0 1 -1 0 0 p/1-4cyli.dat
1 16 -6 -2.5 35 0 1 0 0 0 1 -1 0 0 p/1-4edge.dat
1 16 6 -2.5 35 0 1 0 0 0 1 -1 0 0 p/1-4edge.dat
1 16 -6 2.5 35 0 1 0 0 0 -1 -1 0 0 p/1-4edge.dat
1 16 6 2.5 35 0 1 0 0 0 -1 -1 0 0 p/1-4edge.dat
1 16 -6 -0.5 38 0 1 0 0 0 -1 1 0 0 p/1-4edge.dat
1 16 6 -0.5 38 0 1 0 0 0 -1 1 0 0 p/1-4edge.dat
1 16 -6 0.5 38 0 1 0 0 0 1 1 0 0 p/1-4edge.dat
1 16 6 0.5 38 0 1 0 0 0 1 1 0 0 p/1-4edge.dat
1 16 -6 -2.5 35 0 1 0 0 0 1 -1 0 0 p/1-4ndis.dat
0 BFC INVERTNEXT
1 16 6 -2.5 35 0 1 0 0 0 1 -1 0 0 p/1-4ndis.dat
1 16 -6 2.5 35 0 1 0 0 0 -1 -1 0 0 p/1-4ndis.dat
0 BFC INVERTNEXT
1 16 6 2.5 35 0 1 0 0 0 -1 -1 0 0 p/1-4ndis.dat
1 16 -6 -0.5 38 0 1 0 0 0 -1 1 0 0 p/1-4disc.dat
0 BFC INVERTNEXT
1 16 6 -0.5 38 0 1 0 0 0 -1 1 0 0 p/1-4disc.dat
1 16 -6 0.5 38 0 1 0 0 0 1 1 0 0 p/1-4disc.dat
0 BFC INVERTNEXT
1 16 6 0.5 38 0 1 0 0 0 1 1 0 0 p/1-4disc.dat
4 16 -20 11.585 5.534 -20 30.624 16.526 -20 29.624 18.258 -20 10.499 7.216
4 16 20 11.585 5.534 20 30.624 16.526 -20 30.624 16.526 -20 11.585 5.534
4 16 20 10.499 7.216 -20 10.499 7.216 -20 29.624 18.258 20 29.624 18.258
4 16 20 29.624 18.258 20 30.624 16.526 20 11.585 5.534 20 10.499 7.216
4 16 -20 -29.624 18.258 -20 -30.624 16.526 -20 -11.585 5.534 -20 -10.499 7.216
4 16 -20 -11.585 5.534 -20 -30.624 16.526 20 -30.624 16.526 20 -11.585 5.534
4 16 20 -10.499 7.216 20 -29.624 18.258 -20 -29.624 18.258 -20 -10.499 7.216
4 16 20 -11.585 5.534 20 -30.624 16.526 20 -29.624 18.258 20 -10.499 7.216
4 16 0 6 25 0 -6 25 0 -6 11.5 0 6 11.5
4 16 2 -6 25 2 -6 11.5 0 -6 11.5 0 -6 25
4 16 2 -2 25 2 -2 11.5 2 -6 11.5 2 -6 25
4 16 2 -2 11.5 2 -2 25 6 -2 25 6 -2 11.5
4 16 6 2 11.5 6 -2 11.5 6 -2 25 6 2 25
4 16 6 2 25 2 2 25 2 2 11.5 6 2 11.5
4 16 2 6 11.5 2 2 11.5 2 2 25 2 6 25
4 16 0 6 11.5 2 6 11.5 2 6 25 0 6 25
4 16 6 2 25 6 -2 25 2 -2 25 2 2 25
4 16 0 6 25 2 6 25 2 -6 25 0 -6 25
0 BFC INVERTNEXT
1 16 0 0 -61 0 0 1 1 0 0 0 -1 0 p/1-4rin18.dat
0 BFC INVERTNEXT
1 16 0 0 -61 0 0 1 -1 0 0 0 -1 0 p/1-4rin18.dat
0 BFC INVERTNEXT
1 16 0 0 -61 0 0 -1 -1 0 0 0 -1 0 p/1-4rin18.dat
0 BFC INVERTNEXT
1 16 0 0 -61 0 0 -1 1 0 0 0 -1 0 p/1-4rin18.dat
0 BFC INVERTNEXT
1 16 0 0 -61 0 0 1 1 0 0 0 -1 0 p/1-4rin19.dat
0 BFC INVERTNEXT
1 16 0 0 -61 0 0 1 -1 0 0 0 -1 0 p/1-4rin19.dat
0 BFC INVERTNEXT
1 16 0 0 -61 0 0 -1 -1 0 0 0 -1 0 p/1-4rin19.dat
0 BFC INVERTNEXT
1 16 0 0 -61 0 0 -1 1 0 0 0 -1 0 p/1-4rin19.dat
1 16 0 0 -61 0 0 20 20 0 0 0 -1 0 p/4-4edge.dat
1 16 0 0 -41 0 0 18 18 0 0 0 -1 0 p/4-4edge.dat
0 BFC INVERTNEXT
1 16 0 0 -41 0 0 18 18 0 0 0 -20 0 p/4-4cyli.dat
0 BFC INVERTNEXT
1 16 0 0 -41 0 0 3 3 0 0 0 -1 0 p/ring2.dat
0 BFC INVERTNEXT
1 16 0 0 -41 0 0 1 1 0 0 0 -1 0 p/4-4ring9.dat
0 BFC INVERTNEXT
1 16 0 0 -41 0 0 1 1 0 0 0 -1 0 p/4-4rin10.dat
0 BFC INVERTNEXT
1 16 0 0 -41 0 0 1 1 0 0 0 -1 0 p/4-4rin11.dat
0 BFC INVERTNEXT
1 16 0 0 -41 0 0 1 1 0 0 0 -1 0 p/4-4rin12.dat
0 BFC INVERTNEXT
1 16 0 0 -41 0 0 6.5 6.5 0 0 0 -1 0 p/ring2.dat
1 16 0 0 -41 0 0 -6 6 0 0 0 -1 0 p/4-4edge.dat
1 16 0 0 -61 0 0 18 18 0 0 0 -1 0 p/4-4edge.dat
4 16 1 8 -43 1 8 -41 1 18 -41 1 18 -43
4 16 -1 18 -41 -1 8 -41 -1 8 -43 -1 18 -43
4 16 1 18 -43 1 18 -52 1 13 -52 1 13 -43
4 16 -1 13 -52 -1 18 -52 -1 18 -43 -1 13 -43
4 16 -1 8 -43 -1 8 -41 1 8 -41 1 8 -43
4 16 1 8 -43 1 13 -43 -1 13 -43 -1 8 -43
4 16 1 13 -52 -1 13 -52 -1 13 -43 1 13 -43
1 16 -1 13 -60 0 4 0 0 0 5 8 0 0 p/1-4ndis.dat
0 BFC INVERTNEXT
1 16 1 13 -60 0 4 0 0 0 5 8 0 0 p/1-4ndis.dat
0 BFC INVERTNEXT
1 16 -1 13 -60 0 2 0 0 0 5 8 0 0 p/1-4cyli.dat
1 16 -1 13 -60 0 4 0 0 0 5 8 0 0 p/1-4edge.dat
1 16 1 13 -60 0 4 0 0 0 5 8 0 0 p/1-4edge.dat
4 16 1 -18 -41 1 -8 -41 1 -8 -43 1 -18 -43
4 16 -1 -8 -43 -1 -8 -41 -1 -18 -41 -1 -18 -43
4 16 1 -13 -52 1 -18 -52 1 -18 -43 1 -13 -43
4 16 -1 -18 -43 -1 -18 -52 -1 -13 -52 -1 -13 -43
4 16 1 -8 -41 -1 -8 -41 -1 -8 -43 1 -8 -43
4 16 -1 -13 -43 1 -13 -43 1 -8 -43 -1 -8 -43
4 16 -1 -13 -43 -1 -13 -52 1 -13 -52 1 -13 -43
1 16 -1 -13 -60 0 4 0 0 0 -5 8 0 0 p/1-4ndis.dat
0 BFC INVERTNEXT
1 16 1 -13 -60 0 4 0 0 0 -5 8 0 0 p/1-4ndis.dat
0 BFC INVERTNEXT
1 16 -1 -13 -60 0 2 0 0 0 -5 8 0 0 p/1-4cyli.dat
1 16 -1 -13 -60 0 4 0 0 0 -5 8 0 0 p/1-4edge.dat
1 16 1 -13 -60 0 4 0 0 0 -5 8 0 0 p/1-4edge.dat
4 16 18 1 -41 8 1 -41 8 1 -43 18 1 -43
4 16 8 -1 -43 8 -1 -41 18 -1 -41 18 -1 -43
4 16 13 1 -52 18 1 -52 18 1 -43 13 1 -43
4 16 18 -1 -43 18 -1 -52 13 -1 -52 13 -1 -43
4 16 8 1 -41 8 -1 -41 8 -1 -43 8 1 -43
4 16 13 -1 -43 13 1 -43 8 1 -43 8 -1 -43
4 16 13 -1 -43 13 -1 -52 13 1 -52 13 1 -43
1 16 13 -1 -60 0 0 5 0 4 0 8 0 0 p/1-4ndis.dat
0 BFC INVERTNEXT
1 16 13 1 -60 0 0 5 0 4 0 8 0 0 p/1-4ndis.dat
0 BFC INVERTNEXT
1 16 13 -1 -60 0 0 5 0 2 0 8 0 0 p/1-4cyli.dat
1 16 13 -1 -60 0 0 5 0 4 0 8 0 0 p/1-4edge.dat
1 16 13 1 -60 0 0 5 0 4 0 8 0 0 p/1-4edge.dat
4 16 -8 1 -43 -8 1 -41 -18 1 -41 -18 1 -43
4 16 -18 -1 -41 -8 -1 -41 -8 -1 -43 -18 -1 -43
4 16 -18 1 -43 -18 1 -52 -13 1 -52 -13 1 -43
4 16 -13 -1 -52 -18 -1 -52 -18 -1 -43 -13 -1 -43
4 16 -8 -1 -43 -8 -1 -41 -8 1 -41 -8 1 -43
4 16 -8 1 -43 -13 1 -43 -13 -1 -43 -8 -1 -43
4 16 -13 1 -52 -13 -1 -52 -13 -1 -43 -13 1 -43
1 16 -13 -1 -60 0 0 -5 0 4 0 8 0 0 p/1-4ndis.dat
0 BFC INVERTNEXT
1 16 -13 1 -60 0 0 -5 0 4 0 8 0 0 p/1-4ndis.dat
0 BFC INVERTNEXT
1 16 -13 -1 -60 0 0 -5 0 2 0 8 0 0 p/1-4cyli.dat
1 16 -13 -1 -60 0 0 -5 0 4 0 8 0 0 p/1-4edge.dat
1 16 -13 1 -60 0 0 -5 0 4 0 8 0 0 p/1-4edge.dat
3 16 12.021 13.435 -41 4.95 6.364 -41 4.95 6.364 -43
3 16 12.021 13.435 -41 4.95 6.364 -43 12.021 13.435 -43
3 16 6.364 4.95 -43 6.364 4.95 -41 13.435 12.021 -41
3 16 6.364 4.95 -43 13.435 12.021 -41 13.435 12.021 -43
3 16 8.485 9.899 -52 12.021 13.435 -52 12.021 13.435 -43
3 16 8.485 9.899 -52  12.021 13.435 -43 8.435 9.899 -43
3 16 13.435 12.021 -43 13.435 12.021 -52 9.899 8.485 -52
3 16 13.435 12.021 -43  9.899 8.485 -52 9.899 8.435 -43
4 16 4.95 6.364 -41 6.364 4.95 -41 6.364 4.95 -43 4.95 6.364 -43
4 16 9.899 8.485 -43 8.485 9.899 -43 4.95 6.364 -43  6.364 4.95 -43
4 16 9.899 8.485 -52 8.485 9.899 -52 8.485 9.899 -43 9.899 8.485 -43
0 BFC INVERTNEXT
1 16 8.485 9.899 -60 0 0 3.536 0 4 3.536 8 0 0 p/1-4ndis.dat
1 16 9.899 8.485 -60 0 0 3.536 0 4 3.536 8 0 0 p/1-4ndis.dat
0 BFC INVERTNEXT
1 16 8.485 9.899 -60 0 1.414 3.536 0 -1.414 3.536 8 0 0 p/1-4cyli.dat
1 16 9.899 8.485 -60 0 0 3.536 0 4 3.536 8 0 0 p/1-4edge.dat
1 16 8.485 9.899 -60 0 0 3.536 0 4 3.536 8 0 0 p/1-4edge.dat
3 16 4.95 -6.364 -43 4.95 -6.364 -41 12.021 -13.435 -41
3 16 4.95 -6.364 -43 12.021 -13.435 -41 12.021 -13.435 -43
3 16 13.435 -12.021 -41 6.364 -4.95 -41 6.364 -4.95 -43
3 16 13.435 -12.021 -41 6.364 -4.95 -43 13.435 -12.021 -43
3 16 12.021 -13.435 -43 12.021 -13.435 -52 8.485 -9.899 -52
3 16 12.021 -13.435 -43 8.485 -9.899 -52 8.435 -9.899 -43
3 16 9.899 -8.485 -52 13.435 -12.021 -52 13.435 -12.021 -43
3 16 9.899 -8.485 -52  13.435 -12.021 -43 9.899 -8.435 -43
4 16 6.364 -4.95 -43 6.364 -4.95 -41 4.95 -6.364 -41 4.95 -6.364 -43
4 16 4.95 -6.364 -43 8.485 -9.899 -43 9.899 -8.485 -43 6.364 -4.95 -43
4 16 8.485 -9.899 -43 8.485 -9.899 -52 9.899 -8.485 -52 9.899 -8.485 -43
1 16 8.485 -9.899 -60 0 0 3.536 0 4 -3.536 8 0 0 p/1-4ndis.dat
0 BFC INVERTNEXT
1 16 9.899 -8.485 -60 0 0 3.536 0 4 -3.536 8 0 0 p/1-4ndis.dat
0 BFC INVERTNEXT
1 16 8.485 -9.899 -60 0 1.414 3.536 0 1.414 -3.536 8 0 0 p/1-4cyli.dat
1 16 9.899 -8.485 -60 0 0 3.536 0 4 -3.536 8 0 0 p/1-4edge.dat
1 16 8.485 -9.899 -60 0 0 3.536 0 4 -3.536 8 0 0 p/1-4edge.dat
3 16 -12.021 -13.435 -41 -4.95 -6.364 -41 -4.95 -6.364 -43
3 16 -12.021 -13.435 -41 -4.95 -6.364 -43 -12.021 -13.435 -43
3 16 -6.364 -4.95 -43 -6.364 -4.95 -41 -13.435 -12.021 -41
3 16 -6.364 -4.95 -43  -13.435 -12.021 -41 -13.435 -12.021 -43
3 16 -8.485 -9.899 -52 -12.021 -13.435 -52 -12.021 -13.435 -43
3 16 -8.485 -9.899 -52 -12.021 -13.435 -43 -8.435 -9.899 -43
3 16 -13.435 -12.021 -43 -13.435 -12.021 -52 -9.899 -8.485 -52
3 16 -13.435 -12.021 -43 -9.899 -8.485 -52 -9.899 -8.435 -43
4 16 -4.95 -6.364 -41 -6.364 -4.95 -41 -6.364 -4.95 -43 -4.95 -6.364 -43
4 16 -9.899 -8.485 -43 -8.485 -9.899 -43 -4.95 -6.364 -43 -6.364 -4.95 -43
4 16 -9.899 -8.485 -52 -8.485 -9.899 -52 -8.485 -9.899 -43 -9.899 -8.485 -43
1 16 -8.485 -9.899 -60 0 0 -3.536 0 4 -3.536 8 0 0 p/1-4ndis.dat
0 BFC INVERTNEXT
1 16 -9.899 -8.485 -60 0 0 -3.536 0 4 -3.536 8 0 0 p/1-4ndis.dat
0 BFC INVERTNEXT
1 16 -8.485 -9.899 -60 0 -1.414 -3.536 0 1.414 -3.536 8 0 0 p/1-4cyli.dat
1 16 -9.899 -8.485 -60 0 0 -3.536 0 4 -3.536 8 0 0 p/1-4edge.dat
1 16 -8.485 -9.899 -60 0 0 -3.536 0 4 -3.536 8 0 0 p/1-4edge.dat
3 16 -4.95 6.364 -43 -4.95 6.364 -41 -12.021 13.435 -41
3 16 -4.95 6.364 -43  -12.021 13.435 -41 -12.021 13.435 -43
3 16 -13.435 12.021 -41 -6.364 4.95 -41 -6.364 4.95 -43
3 16 -13.435 12.021 -41  -6.364 4.95 -43 -13.435 12.021 -43
3 16 -12.021 13.435 -43 -12.021 13.435 -52 -8.485 9.899 -52
3 16 -12.021 13.435 -43 -8.485 9.899 -52 -8.435 9.899 -43
3 16 -9.899 8.485 -52 -13.435 12.021 -52 -13.435 12.021 -43
3 16 -9.899 8.485 -52 -13.435 12.021 -43 -9.899 8.435 -43
4 16 -6.364 4.95 -43 -6.364 4.95 -41 -4.95 6.364 -41 -4.95 6.364 -43
4 16 -4.95 6.364 -43 -8.485 9.899 -43 -9.899 8.485 -43 -6.364 4.95 -43
4 16 -8.485 9.899 -43 -8.485 9.899 -52 -9.899 8.485 -52 -9.899 8.485 -43
0 BFC INVERTNEXT
1 16 -8.485 9.899 -60 0 0 -3.536 0 4 3.536 8 0 0 p/1-4ndis.dat
1 16 -9.899 8.485 -60 0 0 -3.536 0 4 3.536 8 0 0 p/1-4ndis.dat
0 BFC INVERTNEXT
1 16 -8.485 9.899 -60 0 -1.414 -3.536 0 -1.414 3.536 8 0 0 p/1-4cyli.dat
1 16 -9.899 8.485 -60 0 0 -3.536 0 4 3.536 8 0 0 p/1-4edge.dat
1 16 -8.485 9.899 -60 0 0 -3.536 0 4 3.536 8 0 0 p/1-4edge.dat
3 16 24 0 -38 22.173 9.184 -37 20 0 -61
3 16 20 0 -61 22.173 9.184 -37 18.478 7.654 -61
3 16 22.173 9.184 -37 14.142 14.142 -61 18.478 7.654 -61
3 16 16.971 16.971 -34 14.142 14.142 -61 22.173 9.184 -37
3 16 16.971 16.971 -34 9.0913 21.9492 -30.9384 14.142 14.142 -61
3 16 14.142 14.142 -61 9.0913 21.9492 -30.9384 7.654 18.478 -61
3 16 9.0913 21.9492 -30.9384 0 20 -61 7.654 18.478 -61
3 16 0 23.9457 -29.4344 0 20 -61 9.0913 21.9492 -30.9384
3 16 -7.654 18.478 -61 0 20 -61 -9.0913 21.9492 -30.9384
3 16 -9.0913 21.9492 -30.93849 0 20 -61 0 23.9457 -29.4344
3 16 -14.142 14.142 -61 -9.0913 21.9492 -30.9384 -16.971 16.971 -34
3 16 -7.654 18.478 -61 -9.0913 21.9492 -30.9384 -14.142 14.142 -61
3 16 -18.478 7.654 -61 -14.142 14.142 -61 -22.173 9.184 -37
3 16 -22.173 9.184 -37 -14.142 14.142 -61 -16.971 16.971 -34
3 16 -20 0 -61 -22.173 9.184 -37 -24 0 -38
3 16 -18.478 7.654 -61 -22.173 9.184 -37 -20 0 -61
3 16 20 0 -61 22.173 -9.184 -37 24 0 -38
3 16 18.478 -7.654 -61 22.173 -9.184 -37 20 0 -61
3 16 18.478 -7.654 -61 14.142 -14.142 -61 22.173 -9.184 -37
3 16 22.173 -9.184 -37 14.142 -14.142 -61 16.971 -16.971 -34
3 16 14.142 -14.142 -61 9.0913 -21.9492 -30.9384 16.971 -16.971 -34
3 16 7.654 -18.478 -61 9.0913 -21.9492 -30.9384 14.142 -14.142 -61
3 16 0 -20 -61 9.0913 -21.9492 -30.9384 7.654 -18.478 -61
3 16  0 -23.9457 -29.4344  9.0913 -21.9492 -30.9384  0 -20 -61
3 16 -9.0913 -21.9492 -30.9384 0 -20 -61 -7.654 -18.478 -61
3 16 0 -23.9457 -29.4344 0 -20 -61 -9.0913 -21.9492 -30.9384
3 16 -16.971 -16.971 -34 -9.0913 -21.9492 -30.9384 -14.142 -14.142 -61
3 16 -14.142 -14.142 -61 -9.0913 -21.9492 -30.9384 -7.654 -18.478 -61
3 16 -22.173 -9.184 -37 -14.142 -14.142 -61 -18.478 -7.654 -61
3 16 -16.971 -16.971 -34 -14.142 -14.142 -61 -22.173 -9.184 -37
3 16 -24 0 -38 -22.173 -9.184 -37 -20 0 -61
3 16 -20 0 -61 -22.173 -9.184 -37 -18.478 -7.654 -61
3 16 24 0 -38 20 0 -38 20 9.138 -37
3 16 24 0 -38 20 9.138 -37 22.173 9.184 -37
3 16 20 12.4 -35.8 22.173 9.184 -37 20 9.138 -37
3 16 20 -9.138 -37 20 0 -38 24 0 -38
3 16 20 -9.138 -37 24 0 -38 22.173 -9.184 -37
3 16 20 -9.138 -37 22.173 -9.184 -37 20 -12.4 -35.8
3 16 -24 0 -38 -20 0 -38 -20 -9.138 -37
3 16 -24 0 -38  -20 -9.138 -37 -22.173 -9.184 -37
3 16 -20 -12.4 -35.8 -22.173 -9.184 -37 -20 -9.138 -37
3 16 -20 9.138 -37 -20 0 -38 -24 0 -38
3 16 -20 9.138 -37 -24 0 -38 -22.173 9.184 -37
3 16 -20 9.138 -37 -22.173 9.184 -37 -20 12.4 -35.8
