0 BFC CERTIFY CW
1 16 40 4 20 1 0 0 0 -1 0 0 0 1 p/stud4.dat
1 16 20 4 20 1 0 0 0 -1 0 0 0 1 p/stud4.dat
1 16 0 4 20 1 0 0 0 -1 0 0 0 1 p/stud4.dat
1 16 -20 4 20 1 0 0 0 -1 0 0 0 1 p/stud4.dat
1 16 -40 4 20 1 0 0 0 -1 0 0 0 1 p/stud4.dat
1 16 40 4 0 1 0 0 0 -1 0 0 0 1 p/stud4.dat
1 16 20 4 0 1 0 0 0 -1 0 0 0 1 p/stud4.dat
1 16 0 4 0 1 0 0 0 -1 0 0 0 1 p/stud4.dat
1 16 -20 4 0 1 0 0 0 -1 0 0 0 1 p/stud4.dat
1 16 -40 4 0 1 0 0 0 -1 0 0 0 1 p/stud4.dat
1 16 40 4 -20 1 0 0 0 -1 0 0 0 1 p/stud4.dat
1 16 20 4 -20 1 0 0 0 -1 0 0 0 1 p/stud4.dat
1 16 0 4 -20 1 0 0 0 -1 0 0 0 1 p/stud4.dat
1 16 -20 4 -20 1 0 0 0 -1 0 0 0 1 p/stud4.dat
1 16 -40 4 -20 1 0 0 0 -1 0 0 0 1 p/stud4.dat
0 BFC INVERTNEXT
1 16 0 8 0 56 0 0 0 -4 0 0 0 36 p/box4.dat
1 16 0 8 0 60 0 0 0 -7 0 0 0 40 p/box4.dat
1 16 0 4 0 4 0 0 0 1 0 0 0 4 p/4-4edge.dat
1 16 0 0 0 6 0 0 0 1 0 0 0 6 p/4-4edge.dat
4 16 -60 8 40 -56 8 36 56 8 36 60 8 40
4 16 60 8 40 56 8 36 56 8 -36 60 8 -40
4 16 60 8 -40 56 8 -36 -56 8 -36 -60 8 -40
4 16 -60 8 -40 -56 8 -36 -56 8 36 -60 8 40
1 16 0 4 0 4 0 0 0 -1 0 0 0 4 p/4-4ndis.dat
4 16 -56 4 36 -4 4 4 4 4 4 56 4 36
4 16 56 4 36 4 4 4 4 4 -4 56 4 -36
4 16 56 4 -36 4 4 -4 -4 4 -4 -56 4 -36
4 16 -56 4 -36 -4 4 -4 -4 4 4 -56 4 36
1 16 0 0 0 6 0 0 0 1 0 0 0 6 p/4-4ndis.dat
4 16 50 0 30 7 0 6 -6 0 6 -50 0 30
4 16 -50 0 30 -6 0 6 -6 0 -6 -50 0 -30
4 16 -50 0 -30 -6 0 -6 6 0 -6 50 0 -30
4 16 50 0 -30 6 0 -6 6 0 6 50 0 30
4 16 60 1 40 50 0 30 -50 0 30 -60 1 40
4 16 -60 1 40 -50 0 30 -50 0 -30 -60 1 -40
4 16 -60 1 -40 -50 0 -30 50 0 -30 60 1 -40
4 16 60 1 -40 50 0 -30 50 0 30 60 1 40
1 16 0 -8 0 0 0 1 0 1 0 1 0 0 p/connect4.dat
0 BFC INVERTNEXT
1 16 0 -8 0 0 0 4 0 12 0 4 0 0 p/4-4cyli.dat
1 16 0 -8 0 0 0 6 0 8 0 6 0 0 p/4-4cyli.dat
