0 BFC CERTIFY CCW
1 16 0 0 0 1 0 0 0 2.75 0 0 0 1 p/stug7-2x2.dat
1 16 0 4 0 1 0 0 0 -2 0 0 0 1 p/stug8-1x3.dat
0 BFC INVERTNEXT
1 16 0 16 0 76 0 0 0 -12 0 0 0 36 p/box5.dat
4 16 80 16 40 76 16 36 -76 16 36 -80 16 40
4 16 -80 16 40 -76 16 36 -76 16 -36 -80 16 -40
4 16 -80 16 -40 -76 16 -36 76 16 -36 80 16 -40
4 16 80 16 -40 76 16 -36 76 16 36 80 16 40
1 16 0 16 0 80 0 0 0 -16 0 0 0 40 p/box5.dat
1 16 60 4 -34 1.5 0 0 0 11 0 0 0 2 p/box4-1.dat
1 16 20 4 -34 1.5 0 0 0 11 0 0 0 2 p/box4-1.dat
1 16 -20 4 -34 1.5 0 0 0 11 0 0 0 2 p/box4-1.dat
1 16 -60 4 -34 1.5 0 0 0 11 0 0 0 2 p/box4-1.dat
1 16 60 4 34 1.5 0 0 0 11 0 0 0 -2 p/box4-1.dat
1 16 20 4 34 1.5 0 0 0 11 0 0 0 -2 p/box4-1.dat
1 16 -20 4 34 1.5 0 0 0 11 0 0 0 -2 p/box4-1.dat
1 16 -60 4 34 1.5 0 0 0 11 0 0 0 -2 p/box4-1.dat
1 16 74 4 20 0 0 -2 0 11 0 -1.5 0 0 p/box4-1.dat
1 16 74 4 -20 0 0 -2 0 11 0 -1.5 0 0 p/box4-1.dat
1 16 -74 4 20 0 0 2 0 11 0 -1.5 0 0 p/box4-1.dat
1 16 -74 4 -20 0 0 2 0 11 0 -1.5 0 0 p/box4-1.dat
