0 BFC CERTIFY CW
1 16 0 0 -10 1 0 0 0 1 0 0 0 1 p/clh3.dat
1 16 0 0 -10 8.316 0 -3.444 -3.444 0 -8.315 0 1 0 p/3-8edge.dat
1 16 0 0 -10 -8.316 0 3.444 3.444 0 8.315 0 1 0 p/3-8edge.dat
1 16 0 0 -10 -9 0 0 0 0 9 0 1 0 p/4-4disc.dat
1 16 0 0 10 1 0 0 0 0 1 0 -1 0 p/confric.dat
1 16 0 0 10 8 0 0 0 0 8 0 -1 0 p/4-4edge.dat
1 16 0 0 10 4 0 0 0 0 4 0 -1 0 p/4-4edge.dat
1 16 0 0 10 9 0 0 0 0 9 0 -1 0 p/4-4disc.dat
1 16 0 0 10 9 0 0 0 0 9 0 1 0 p/4-4edge.dat
1 16 0 0 -1.425 9 0 0 0 0 9 0 -1 0 p/4-4disc.dat
1 16 0 0 1.425 9 0 0 0 0 9 0 1 0 p/4-4disc.dat
1 16 0 0 -4.275 9 0 0 0 0 9 0 1 0 p/4-4disc.dat
1 16 0 0 4.275 9 0 0 0 0 9 0 -1 0 p/4-4disc.dat
1 16 0 0 -7.125 9 0 0 0 0 9 0 -1 0 p/4-4disc.dat
1 16 0 0 7.125 9 0 0 0 0 9 0 1 0 p/4-4disc.dat
1 16 0 0 -1.425 9 0 0 0 0 9 0 -2.850 0 p/4-4cyli.dat
1 16 0 0 1.425 9 0 0 0 0 9 0 2.850 0 p/4-4cyli.dat
1 16 0 0 -7.125 9 0 0 0 0 9 0 -2.875 0 p/4-4cyli.dat
1 16 0 0 7.125 9 0 0 0 0 9 0 2.875 0 p/4-4cyli.dat
1 16 0 0 0 1 0 0 0 1 0 0 0 1 parts/s/483s01.dat
1 16 0 0 -5.7 1 0 0 0 1 0 0 0 1 parts/s/483s01.dat
1 16 0 0 5.7 1 0 0 0 1 0 0 0 1 parts/s/483s01.dat
