0 BFC CERTIFY CCW
0 BFC INVERTNEXT
1 16 40 -0.5 20 0 0 4 0 1 0 -4 0 0 p/4-4cyli.dat
1 16 40 -0.5 20 0 0 4 0 1 0 -4 0 0 p/4-4edge.dat
1 16 40 -0.5 20 0 0 6 0 1 0 -6 0 0 p/4-4edge.dat
1 16 40 -0.5 20 0 0 2 0 1 0 -2 0 0 p/4-4ring2.dat
1 16 40 -18 20 0 0 1 0 18 0 -1 0 0 p/axl5hol8.dat
1 16 40 -18 20 0 0 1 0 1 0 -1 0 0 p/axlehol3.dat
1 16 40 -18 20 0 0 1 0 1 0 -1 0 0 p/axl5ho10.dat
1 16 40 -18 20 0 0 1 0 1 0 -1 0 0 p/axl5hol9.dat
0 BFC INVERTNEXT
1 16 40 -20 20 0 0 6 0 2 0 -6 0 0 p/4-4cyli.dat
1 16 40 -20 20 0 0 6 0 1 0 -6 0 0 p/4-4edge.dat
1 16 40 0.5 20 0 0 4 0 -1 0 -4 0 0 p/4-4edge.dat
1 16 40 0.5 20 0 0 6 0 -1 0 -6 0 0 p/4-4edge.dat
1 16 40 0.5 20 0 0 2 0 -1 0 -2 0 0 p/4-4ring2.dat
1 16 40 18 20 0 0 1 0 -18 0 -1 0 0 p/axl5hol8.dat
1 16 40 18 20 0 0 1 0 -1 0 -1 0 0 p/axlehol3.dat
1 16 40 18 20 0 0 1 0 -1 0 -1 0 0 p/axl5ho10.dat
1 16 40 18 20 0 0 1 0 -1 0 -1 0 0 p/axl5hol9.dat
0 BFC INVERTNEXT
1 16 40 20 20 0 0 6 0 -2 0 -6 0 0 p/4-4cyli.dat
1 16 40 20 20 0 0 6 0 -1 0 -6 0 0 p/4-4edge.dat
1 16 40 -20 20 0 0 3 0 1 0 -3 0 0 p/1-4ring2.dat
1 16 40 -20 20 0 0 -3 0 1 0 3 0 0 p/1-4ring2.dat
1 16 40 20 20 0 0 3 0 -1 0 -3 0 0 p/1-4ring2.dat
1 16 40 20 20 0 0 -3 0 -1 0 3 0 0 p/1-4ring2.dat
1 16 40 -20 20 0 0 -9 0 40 0 9 0 0 p/1-4cylo.dat
1 16 40 -20 20 0 0 9 0 40 0 -9 0 0 p/1-4cylo.dat
1 16 40 2 20 0 0 9 0 1 0 -9 0 0 p/1-4edge.dat
1 16 40 -2 20 0 0 9 0 1 0 -9 0 0 p/1-4edge.dat
1 16 40 0 20 0 0 1 0 1 0 -1 0 0 parts/s/41670s01.dat
1 16 40 0 20 0 0 1 0 -1 0 -1 0 0 parts/s/41670s01.dat
1 16 40 0 20 1 0 0 0 -1 0 0 0 -1 parts/s/41670s01.dat
1 16 40 0 20 1 0 0 0 1 0 0 0 -1 parts/s/41670s01.dat
1 16 -9 2 69 41.5 0 71.8801 0 -1 0 -71.8801 0 41.5 p/48/1-12edge.dat
1 16 -9 -2 69 41.5 0 71.8801 0 1 0 -71.8801 0 41.5 p/48/1-12edge.dat
1 16 -9 -10 69 41.5 0 71.8801 0 1 0 -71.8801 0 41.5 p/48/1-12edge.dat
1 16 -9 10 69 41.5 0 71.8801 0 1 0 -71.8801 0 41.5 p/48/1-12edge.dat
0 BFC INVERTNEXT
1 16 -9 -10 69 41.5 0 71.8801 0 20 0 -71.8801 0 41.5 p/48/1-12cyli.dat
1 16 -9 -7 69 41.5 0 71.8801 0 -86 0 -71.8801 0 41.5 p/48/tm12o0349.dat
1 16 -9 7 69 41.5 0 71.8801 0 86 0 -71.8801 0 41.5 p/48/tm12o0349.dat
1 16 -8.9788 -7 68.9252 42.92697 0 74.37386 0 14 0 -74.31396 0 42.96562 p/48/1-12cyli.dat
1 16 31 0 0 0 -1 0 1 0 0 0 0 1 p/axlehol2.dat
1 16 31 0 0 0 -1 0 1 0 0 0 0 1 p/axlehol9.dat
1 16 31 0 0 0 -18.2 0 1 0 0 0 0 1 p/axlehol8.dat
1 16 0 0 0 0 -1 0 1 0 0 0 0 -1 p/axlesphe.dat
1 16 0 0 0 12.81 0 0 0 12.81 0 0 0 12.81 p/8-8sphe.dat
1 16 60 0 29 0 0 1 1 0 0 0 1 0 p/axlehol2.dat
1 16 60 0 29 0 0 1 1 0 0 0 1 0 p/axlehol9.dat
1 16 60 0 29 0 0 1 1 0 0 0 18.2 0 p/axlehol8.dat
1 16 60 0 60 0 0 -1 1 0 0 0 1 0 p/axlesphe.dat
1 16 60 0 60 0 0 12.81 0 12.81 0 -12.81 0 0 p/8-8sphe.dat
