0 BFC CERTIFY CCW
1 16 0 0 -54 1 0 0 0 0 -1 0 12 0 p/48/4-4crh1.dat
1 16 0 -10 0 9 0 0 0 1 0 0 0 9 p/2-4edge.dat
1 16 0 10 0 9 0 0 0 1 0 0 0 9 p/2-4edge.dat
1 16 0 -10 0 9 0 0 0 20 0 0 0 9 p/2-4cyli.dat
1 16 0 -10 0 1 0 0 0 20 0 0 0 -1 p/axlehol4.dat
1 16 0 -10 -10 1 0 0 0 20 0 0 0 -1 p/npeghol4.dat
1 16 -9 0 -24.5 0 1 0 -10 0 0 0 0 -24.5 p/rect3.dat
1 16 9 0 -24.5 0 -1 0 10 0 0 0 0 -24.5 p/rect3.dat
1 16 0 -10 -20 1 0 0 0 1 0 0 0 1 p/peghole.dat
1 16 0 10 -20 1 0 0 0 -1 0 0 0 1 p/peghole.dat
0 BFC INVERTNEXT
1 16 0 -8 -20 6 0 0 0 16 0 0 0 6 p/4-4cyli.dat
1 16 0 -10 0 -3 0 0 0 1 0 0 0 3 p/2-4ring2.dat
1 16 0 10 0 -3 0 0 0 -1 0 0 0 3 p/2-4ring2.dat
1 16 0 -10 -20 1 0 0 0 1 0 0 0 1 p/4-4ring8.dat
1 16 0 10 -20 1 0 0 0 -1 0 0 0 1 p/4-4ring8.dat
1 16 0 10 -20 -6.364 0 6.364 0 -1 0 -6.364 0 -6.364 p/1-4edge.dat
1 16 0 2 -20 -6.364 0 6.364 0 -1 0 -6.364 0 -6.364 p/1-4edge.dat
1 16 0 -2 -20 -6.364 0 6.364 0 -1 0 -6.364 0 -6.364 p/1-4edge.dat
1 16 0 -10 -20 -6.364 0 6.364 0 -1 0 -6.364 0 -6.364 p/1-4edge.dat
1 16 0 -2 -20 -6.364 0 6.364 0 -8 0 -6.364 0 -6.364 p/1-4cyli.dat
1 16 0 10 -20 -6.364 0 6.364 0 -8 0 -6.364 0 -6.364 p/1-4cyli.dat
1 16 0 0 -38 0 0 6.36 -2 0 0 0 1 0 p/rect.dat
3 16 -6.36 2 -38 -6.36 2 -26.36 0 2 -29
3 16 -6.36 -2 -26.36 -6.36 -2 -38 0 -2 -29
3 16 6.36 -2 -38 6.36 -2 -26.36 0 -2 -29
3 16 6.36 2 -26.36 6.36 2 -38 0 2 -29
3 16 -6.36 -2 -38 6.36 -2 -38 0 -2 -29
3 16 6.36 2 -38 -6.36 2 -38 0 2 -29
1 16 0 0 -42 0 0 6 -6 0 0 0 1 0 p/48/4-4edge.dat
1 16 0 0 -58 0 0 6 -6 0 0 0 1 0 p/48/4-4edge.dat
0 BFC INVERTNEXT
1 16 0 0 -58 0 0 6 -6 0 0 0 16 0 p/48/4-4cyli.dat
1 16 0 0 -49 0 0 14 -14 0 0 0 1 0 p/48/4-4edge.dat
1 16 0 0 -66 0 0 14 -14 0 0 0 1 0 p/48/4-4edge.dat
1 16 0 0 -66 0 0 14 -14 0 0 0 17 0 p/48/4-4cyli.dat
4 16 -6.36 -10 -49 -6.36 -10 -26.36 -9 -10 -20 -9 -10 -49
4 16 6.36 -10 -26.36 6.36 -10 -49 9 -10 -49 9 -10 -20
4 16 6.36 10 -49 6.36 10 -26.36 9 10 -20 9 10 -49
4 16 -6.36 10 -26.36 -6.36 10 -49 -9 10 -49 -9 10 -20
4 16 -6.36 -10 -26.36 -6.36 -10 -49 -6.36 10 -49 -6.36 10 -26.36
4 16 6.36 10 -26.36 6.36 10 -49 6.36 -10 -49 6.36 -10 -26.36
1 16 0 0 -58 0 0 9 -9 0 0 0 1 0 p/48/4-4edge.dat
1 16 0 0 -58 0 0 3 -3 0 0 0 1 0 p/48/4-4ring2.dat
1 16 0 0 -49 0 0 1 -1 0 0 0 -1 0 p/48/4-4ring9.dat
1 16 0 0 -49 0 0 2 -2 0 0 0 -1 0 p/48/4-4ring5.dat
1 16 0 0 -49 0 0 2 -2 0 0 0 -1 0 p/48/4-4ring6.dat
1 16 0 0 -42 0 0 2 -2 0 0 0 -1 0 p/48/4-4ring3.dat
1 16 0 0 -42 0 0 6.36 -6.36 0 0 0 -1 0 p/48/4-4ndis.dat
1 16 0 0 -42 -0.707 0 0.707 -0.707 0 -0.707 0 -1 0 p/48/1-4ring8.dat
1 16 0 0 -42 0.707 0 -0.707 0.707 0 0.707 0 -1 0 p/48/1-4ring8.dat
1 16 0 0 -54 0 0 9 -9 0 0 0 1 0 p/48/4-4edge.dat
1 16 0 0 -54 0 0 1 -1 0 0 0 1 0 p/48/4-4ring9.dat
1 16 0 0 -54 0 0 1 -1 0 0 0 1 0 p/48/4-4rin10.dat
1 16 0 0 -58 0 0 9 -9 0 0 0 4 0 p/48/4-4cyli.dat
1 16 0 0 -42 -6.364 0 6.364 -6.364 0 -6.364 0 1 0 p/48/1-4edge.dat
1 16 0 0 -42 6.364 0 -6.364 6.364 0 6.364 0 1 0 p/48/1-4edge.dat
1 16 0 0 -49 -6.364 0 6.364 -6.364 0 -6.364 0 1 0 p/48/1-4edge.dat
1 16 0 0 -49 6.364 0 -6.364 6.364 0 6.364 0 1 0 p/48/1-4edge.dat
1 16 0 0 -49 -6.364 0 6.364 -6.364 0 -6.364 0 7 0 p/48/1-4cyli.dat
1 16 0 0 -49 6.364 0 -6.364 6.364 0 6.364 0 7 0 p/48/1-4cyli.dat
1 16 0 0 -66 0 0 2 -2 0 0 0 1 0 p/48/4-4ring6.dat
