0 BFC CERTIFY CCW
1 16 0 24 0 0 0 60 0 -24 0 10 0 0 p/box3u2p.dat
0 BFC INVERTNEXT
1 16 0 10 -6 56 0 0 0 0 -6 0 16 0 p/box4.dat
1 16 -40 20 0 -1 0 0 0 -1 0 0 0 1 p/stud3.dat
1 16 -20 20 0 -1 0 0 0 -1 0 0 0 1 p/stud3.dat
1 16 0 20 0 -1 0 0 0 -1 0 0 0 1 p/stud3.dat
1 16 20 20 0 -1 0 0 0 -1 0 0 0 1 p/stud3.dat
1 16 40 20 0 -1 0 0 0 -1 0 0 0 1 p/stud3.dat
0 BFC INVERTNEXT
1 16 0 24 0 -56 0 0 0 -4 0 0 0 6 p/box5.dat
4 16 60 24 10 56 24 6 -56 24 6 -60 24 10
4 16 -60 24 10 -56 24 6 -56 24 -6 -60 24 -10
4 16 -60 24 -10 -56 24 -6 56 24 -6 60 24 -10
4 16 60 24 -10 56 24 -6 56 24 6 60 24 10
1 16 50 10 -10 6 0 0 0 0 6 0 1 0 p/4-4edge.dat
1 16 -50 10 -10 6 0 0 0 0 6 0 1 0 p/4-4edge.dat
1 16 50 10 -6 6 0 0 0 0 6 0 1 0 p/4-4edge.dat
1 16 -50 10 -6 6 0 0 0 0 6 0 1 0 p/4-4edge.dat
1 16 6 5 0 0 -1 0 1 0 0 0 0 -6 p/rect.dat
1 16 -6 5 0 0 1 0 1 0 0 0 0 6 p/rect.dat
1 16 2 5 1 0 1 0 1 0 0 0 0 7 p/rect.dat
1 16 -2 5 1 0 -1 0 1 0 0 0 0 -7 p/rect.dat
4 16 2 6 8 6 6 6 6 6 -6 2 6 -6
4 16 -6 6 -6 -6 6 6 -2 6 8 -2 6 -6
4 16 2 4 8 6 4 6 6 6 6 2 6 8
4 16 -6 6 6 -6 4 6 -2 4 8 -2 6 8
0 BFC INVERTNEXT
1 16 50 10 -10 6 0 0 0 0 6 0 4 0 p/4-4cyli.dat
0 BFC INVERTNEXT
1 16 -50 10 -10 6 0 0 0 0 6 0 4 0 p/4-4cyli.dat
1 16 50 10 -10 6 0 0 0 0 6 0 1 0 p/4-4ndis.dat
1 16 -50 10 -10 6 0 0 0 0 6 0 1 0 p/4-4ndis.dat
1 16 50 10 -6 -6 0 0 0 0 6 0 -1 0 p/4-4ndis.dat
1 16 -50 10 -6 -6 0 0 0 0 6 0 -1 0 p/4-4ndis.dat
4 16 -56 4 10 -60 0 10 60 0 10 56 4 10
4 16 -60 24 10 -56 16 10 56 16 10 60 24 10
4 16 56 16 10 56 4 10 60 0 10 60 24 10
4 16 -60 0 10 -56 4 10 -56 16 10 -60 24 10
4 16 60 0 -10 -60 0 -10 -56 4 -10 56 4 -10
4 16 56 16 -10 -56 16 -10 -60 24 -10 60 24 -10
4 16 60 0 -10 56 4 -10 56 16 -10 60 24 -10
4 16 -56 16 -10 -56 4 -10 -60 0 -10 -60 24 -10
4 16 -44 16 -10 44 16 -10 44 4 -10 -44 4 -10
4 16 44 4 -6 44 16 -6 -44 16 -6 -44 4 -6
1 16 50 0 0 1 0 0 0 1 0 0 0 1 p/stud2.dat
1 16 30 0 0 1 0 0 0 1 0 0 0 1 p/stud2.dat
1 16 10 0 0 1 0 0 0 1 0 0 0 1 p/stud2.dat
1 16 -10 0 0 1 0 0 0 1 0 0 0 1 p/stud2.dat
1 16 -30 0 0 1 0 0 0 1 0 0 0 1 p/stud2.dat
1 16 -50 0 0 1 0 0 0 1 0 0 0 1 p/stud2.dat
