0 BFC CERTIFY CW
1 16 -80 4 0 6 0 0 0 1 0 0 0 6 p/4-4edge.dat
1 16 -40 4 0 6 0 0 0 1 0 0 0 6 p/4-4edge.dat
1 16 0 4 0 6 0 0 0 1 0 0 0 6 p/4-4edge.dat
1 16 40 4 0 6 0 0 0 1 0 0 0 6 p/4-4edge.dat
1 16 80 4 0 6 0 0 0 1 0 0 0 6 p/4-4edge.dat
1 16 -80 4 0 1 0 0 0 -5 0 0 0 1 p/stud4f4s.dat
1 16 -60 4 0 1 0 0 0 1 0 0 0 1 p/filletp0s.dat
1 16 -40 4 0 1 0 0 0 -5 0 0 0 1 p/stud4f4s.dat
1 16 -20 4 0 1 0 0 0 1 0 0 0 1 p/filletp0s.dat
1 16 0 4 0 1 0 0 0 -5 0 0 0 1 p/stud4f4s.dat
1 16 20 4 0 1 0 0 0 1 0 0 0 1 p/filletp0s.dat
1 16 40 4 0 1 0 0 0 -5 0 0 0 1 p/stud4f4s.dat
1 16 60 4 0 1 0 0 0 1 0 0 0 1 p/filletp0s.dat
1 16 80 4 0 1 0 0 0 -5 0 0 0 1 p/stud4f4s.dat
1 16 -80 4 0 -1 0 0 0 1 0 0 0 -1 p/filletp2s.dat
1 16 -40 4 0 -1 0 0 0 1 0 0 0 -1 p/filletp1s.dat
1 16 0 4 0 -1 0 0 0 1 0 0 0 -1 p/filletp1s.dat
1 16 40 4 0 -1 0 0 0 1 0 0 0 -1 p/filletp1s.dat
1 16 80 4 0 -1 0 0 0 1 0 0 0 -1 p/filletp1s.dat
1 16 80 4 0 0 0 1 0 1 0 -1 0 0 p/filletp2s.dat
1 16 80 4 0 1 0 0 0 1 0 0 0 1 p/filletp2s.dat
1 16 40 4 0 1 0 0 0 1 0 0 0 1 p/filletp1s.dat
1 16 0 4 0 1 0 0 0 1 0 0 0 1 p/filletp1s.dat
1 16 -40 4 0 1 0 0 0 1 0 0 0 1 p/filletp1s.dat
1 16 -80 4 0 1 0 0 0 1 0 0 0 1 p/filletp1s.dat
1 16 -80 4 0 0 0 -1 0 1 0 1 0 0 p/filletp2s.dat
1 16 -100 4 20 1 0 0 0 -5 0 0 0 1 p/stud4.dat
1 16 -60 4 20 1 0 0 0 -5 0 0 0 1 p/stud4.dat
1 16 -20 4 20 1 0 0 0 -5 0 0 0 1 p/stud4.dat
1 16 20 4 20 1 0 0 0 -5 0 0 0 1 p/stud4.dat
1 16 60 4 20 1 0 0 0 -5 0 0 0 1 p/stud4.dat
1 16 100 4 20 1 0 0 0 -5 0 0 0 1 p/stud4.dat
1 16 -100 4 -20 1 0 0 0 -5 0 0 0 1 p/stud4.dat
1 16 -60 4 -20 1 0 0 0 -5 0 0 0 1 p/stud4.dat
1 16 -20 4 -20 1 0 0 0 -5 0 0 0 1 p/stud4.dat
1 16 20 4 -20 1 0 0 0 -5 0 0 0 1 p/stud4.dat
1 16 60 4 -20 1 0 0 0 -5 0 0 0 1 p/stud4.dat
1 16 100 4 -20 1 0 0 0 -5 0 0 0 1 p/stud4.dat
4 16 -116 4 36 -116 4 -36 116 4 -36 116 4 36
4 16 120 24 40 -120 24 40 -116 24 36 116 24 36
4 16 120 24 40 116 24 36 116 24 -36 120 24 -40
4 16 120 24 -40 116 24 -36 -116 24 -36 -120 24 -40
4 16 -120 24 40 -120 24 -40 -116 24 -36 -116 24 36
1 16 0 24 0 120 0 0 0 -24 0 0 0 40 p/box5.dat
1 16 -80 0 0 1 0 0 0 1 0 0 0 1 p/stug-4x4.dat
1 16 0 0 0 1 0 0 0 1 0 0 0 1 p/stug-4x4.dat
1 16 80 0 0 1 0 0 0 1 0 0 0 1 p/stug-4x4.dat
