0 BFC CERTIFY CCW
1 16 10 0 0 0 -20 0 -9 0 0 0 0 -9 p/4-4cyli.dat
1 16 10 0 0 0 -1 0 -9 0 0 0 0 -9 p/4-4edge.dat
1 16 -10 0 -0 0 -1 0 -9 0 0 0 0 -9 p/4-4edge.dat
1 16 -10 0 -0 0 1 0 -1 0 0 0 0 -1 p/4-4ring8.dat
1 16 10 0 0 0 -1 0 -1 0 0 0 0 -1 p/4-4ring8.dat
0 BFC INVERTNEXT
1 16 8 0 0 0 -16 0 -6 0 0 0 0 -6 p/4-4cyli.dat
1 16 10 0 0 0 -1 0 -1 0 0 0 0 -1 p/peghole.dat
1 16 -10 0 -0 0 1 0 -1 0 0 0 0 1 p/peghole.dat
1 16 0 6.5 0 -1 0 0 0 20 0 0 0 -1 p/axlehol8.dat
1 16 0 30 0 -1 0 0 0 20 0 0 0 -1 p/axle.dat
1 16 0 30 0 -10 0 0 0 1 0 0 0 -10 p/4-4edge.dat
1 16 0 30 0 -10 0 0 0 -1 0 0 0 -10 p/4-4disc.dat
1 16 0 26.5 0 -10 0 0 0 1 0 0 0 -10 p/4-4edge.dat
1 16 0 26.5 0 -10 0 0 0 3.5 0 0 0 -10 p/4-4cyli.dat
1 16 0 26.5 0 -9 0 0 0 1 0 0 0 -9 p/4-4edge.dat
1 16 0 26.5 0 -1 0 0 0 1 0 0 0 -1 p/4-4ring9.dat
1 16 0 25 0 -9 0 0 0 1 1 0 0 -9 p/2-4edge.dat
1 16 0 25 0 9 0 0 0 1 1 0 0 9 p/2-4edge.dat
1 16 0 25 0 9 0 0 0 1 1 0 0 9 p/2-4disc.dat
1 16 0 25 0 -9 0 0 0 1 1 0 0 -9 p/2-4disc.dat
1 16 0 26 0 0 0 -9 0 -1 0 -9 0 0 p/1-4cyls.dat
1 16 0 26 0 0 0 -9 0 -1 0 9 0 0 p/1-4cyls.dat
1 16 0 26 0 0 0 9 0 -1 0 9 0 0 p/1-4cyls.dat
1 16 0 26 0 0 0 9 0 -1 0 -9 0 0 p/1-4cyls.dat
1 16 0 26 0 0 0 9 0 0.5 0 -9 0 0 p/4-4cyli.dat
1 16 0 22 0 9 0 0 0 -1 -1 0 0 -9 p/2-4edge.dat
1 16 0 22 0 -9 0 0 0 -1 -1 0 0 9 p/2-4edge.dat
1 16 0 22 0 -9 0 0 0 -1 -1 0 0 9 p/2-4disc.dat
1 16 0 22 0 9 0 0 0 -1 -1 0 0 -9 p/2-4disc.dat
1 16 0 21 0 0 0 9 0 1 0 -9 0 0 p/1-4cyls.dat
1 16 0 21 0 0 0 9 0 1 0 9 0 0 p/1-4cyls.dat
1 16 0 21 0 0 0 -9 0 1 0 9 0 0 p/1-4cyls.dat
1 16 0 21 0 0 0 -9 0 1 0 -9 0 0 p/1-4cyls.dat
1 16 0 21 0 0 0 -9 0 -2 0 -9 0 0 p/4-4cyli.dat
1 16 0 18 0 -9 0 0 0 1 1 0 0 -9 p/2-4edge.dat
1 16 0 18 0 9 0 0 0 1 1 0 0 9 p/2-4edge.dat
1 16 0 18 0 9 0 0 0 1 1 0 0 9 p/2-4disc.dat
1 16 0 18 0 -9 0 0 0 1 1 0 0 -9 p/2-4disc.dat
1 16 0 19 0 0 0 -9 0 -1 0 -9 0 0 p/1-4cyls.dat
1 16 0 19 0 0 0 -9 0 -1 0 9 0 0 p/1-4cyls.dat
1 16 0 19 0 0 0 9 0 -1 0 9 0 0 p/1-4cyls.dat
1 16 0 19 0 0 0 9 0 -1 0 -9 0 0 p/1-4cyls.dat
1 16 0 15 0 9 0 0 0 -1 -1 0 0 -9 p/2-4edge.dat
1 16 0 15 0 -9 0 0 0 -1 -1 0 0 9 p/2-4edge.dat
1 16 0 15 0 -9 0 0 0 -1 -1 0 0 9 p/2-4disc.dat
1 16 0 15 0 9 0 0 0 -1 -1 0 0 -9 p/2-4disc.dat
1 16 0 14 0 0 0 9 0 1 0 -9 0 0 p/1-4cyls.dat
1 16 0 14 0 0 0 9 0 1 0 9 0 0 p/1-4cyls.dat
1 16 0 14 0 0 0 -9 0 1 0 9 0 0 p/1-4cyls.dat
1 16 0 14 0 0 0 -9 0 1 0 -9 0 0 p/1-4cyls.dat
1 16 0 14 0 0 0 -9 0 -2 0 -9 0 0 p/4-4cyli.dat
1 16 0 11 0 -9 0 0 0 1 1 0 0 -9 p/2-4edge.dat
1 16 0 11 0 9 0 0 0 1 1 0 0 9 p/2-4edge.dat
1 16 0 11 0 9 0 0 0 1 1 0 0 9 p/2-4disc.dat
1 16 0 11 0 -9 0 0 0 1 1 0 0 -9 p/2-4disc.dat
1 16 0 12 0 0 0 -9 0 -1 0 -9 0 0 p/1-4cyls.dat
1 16 0 12 0 0 0 -9 0 -1 0 9 0 0 p/1-4cyls.dat
1 16 0 12 0 0 0 9 0 -1 0 9 0 0 p/1-4cyls.dat
1 16 0 12 0 0 0 9 0 -1 0 -9 0 0 p/1-4cyls.dat
4 16 -1.8 6.846 -5.642 -1.8 11.627 -5.642 -1.8 11.96 -8.643 -1.8 6 -8.643
4 16 1.8 11.627 -5.642 1.8 6.846 -5.642 1.8 6 -8.643 1.8 11.96 -8.643
3 16 -1.8 3.447 -8.316 -1.8 6.846 -5.642 -1.8 6 -8.643
3 16 1.8 3.447 -8.316 1.8 6 -8.643 1.8 6.846 -5.642
1 16 -1.8 10 -12.643 0 -1 0 -4 0 0 0 0 4 p/1-4edge.dat
1 16 -1.8 10 -12.643 0 -1 0 -3.69552 0 -1.53073 -1.53073 0 3.69552 p/1-16edge.dat
1 16 1.799 10 -12.643 0 -1 0 -4 0 0 0 0 4 p/1-4edge.dat
1 16 1.799 10 -12.643 0 -1 0 -3.69552 0 -1.53073 -1.53073 0 3.69552 p/1-16edge.dat
0 BFC INVERTNEXT
1 16 1.799 10 -12.643 0 -3.6 0 -4 0 0 0 0 4 p/1-4cyli.dat
0 BFC INVERTNEXT
1 16 1.799 10 -12.643 0 -3.6 0 -3.69552 0 -1.53073 -1.53073 0 3.69552 p/1-16cyli.dat
4 16 -1.8 10 -8.643 -1.8 11.96 -8.643 1.8 11.96 -8.643 1.8 10 -8.643
4 16 1.8 6.304 -14.175 1.8 11.823 -27.574 -1.8 11.823 -27.574 -1.8 6.304 -14.175
4 16 1.8 3.447 -8.316 1.8 11.48 -27.72 1.8 11.823 -27.574 1.8 6.304 -14.175
4 16 -1.8 11.48 -27.72 -1.8 3.447 -8.316 -1.8 6.304 -14.175 -1.8 11.823 -27.574
3 16 -1.8 6.304 -14.175 -1.8 3.447 -8.316 -1.8 6 -12.643
3 16 1.8 6.304 -14.175 1.8 6 -12.643 1.8 3.447 -8.316
3 16 -1.8 6 -12.643 -1.8 3.447 -8.316 -1.8 6 -8.643
3 16 1.8 6 -8.643 1.8 3.447 -8.316 1.8 6 -12.643
1 16 1.799 10 -12.643 0 -1 0 -4 0 0 0 0 4 p/1-4ndis.dat
1 16 -1.8 10 -12.643 0 1 0 -4 0 0 0 0 4 p/1-4ndis.dat
4 16 1.8 11.823 -27.574 1.8 11.48 -27.72 -1.8 11.48 -27.72 -1.8 11.823 -27.574
4 16 -3 8.155 -29.1 -1.8 11.48 -27.72 1.8 11.48 -27.72 3 8.155 -29.1
4 16 -7 -6.363 -6.363 -6.869 -5.888 -8.776 6.869 -5.888 -8.776 7 -6.363 -6.363
4 16 -6.869 -5.888 -8.776 -6.441 -4.334 -13.36 6.441 -4.334 -13.36 6.869 -5.888 -8.776
4 16 -6.441 -4.334 -13.36 -5.851 -2.192 -17.7 5.851 -2.192 -17.7 6.441 -4.334 -13.36
4 16 -5.851 -2.192 -17.7 -5.111 0.494 -21.726 5.111 0.494 -21.726 5.851 -2.192 -17.7
4 16 -5.111 0.494 -21.726 -4.231 3.687 -25.363 4.231 3.687 -25.363 5.111 0.494 -21.726
4 16 -4.231 3.687 -25.363 -3.229 7.324 -28.556 3.229 7.324 -28.556 4.231 3.687 -25.363
4 16 -3.229 7.324 -28.556 -3 8.155 -29.1 3 8.155 -29.1 3.229 7.324 -28.556
3 16 7 -6.363 -6.363 1.8 11.48 -27.72 1.8 3.447 -8.316
3 16 -7 -6.363 -6.363 -1.8 3.447 -8.316 -1.8 11.48 -27.72
3 16 7 -6.363 -6.363 6.869 -5.888 -8.776 1.8 11.48 -27.72
3 16 -6.869 -5.888 -8.776 -7 -6.363 -6.363 -1.8 11.48 -27.72
3 16 6.869 -5.888 -8.776 6.441 -4.334 -13.36 1.8 11.48 -27.72
3 16 -6.441 -4.334 -13.36 -6.869 -5.888 -8.776 -1.8 11.48 -27.72
3 16 6.441 -4.334 -13.36 5.851 -2.192 -17.7 1.8 11.48 -27.72
3 16 -5.851 -2.192 -17.7 -6.441 -4.334 -13.36 -1.8 11.48 -27.72
3 16 5.851 -2.192 -17.7 5.111 0.494 -21.726 1.8 11.48 -27.72
3 16 -5.111 0.494 -21.726 -5.851 -2.192 -17.7 -1.8 11.48 -27.72
3 16 5.111 0.494 -21.726 4.231 3.687 -25.363 1.8 11.48 -27.72
3 16 -4.231 3.687 -25.363 -5.111 0.494 -21.726 -1.8 11.48 -27.72
3 16 4.231 3.687 -25.363 3.229 7.324 -28.556 1.8 11.48 -27.72
3 16 -3.229 7.324 -28.556 -4.231 3.687 -25.363 -1.8 11.48 -27.72
3 16 3.229 7.324 -28.556 3 8.155 -29.1 1.8 11.48 -27.72
3 16 -3 8.155 -29.1 -3.229 7.324 -28.556 -1.8 11.48 -27.72
