0 BFC CERTIFY CCW
1 16 0 0 0 1 0 0 0 1 0 0 0 1 parts/s/42409s02.dat
1 16 0 0 0 0.5 0 -0.866 0 1 0 0.866 0 0.5 parts/s/42409s01.dat
1 16 0 0 0 -0.5 0 -0.866 0 1 0 0.866 0 -0.5 parts/s/42409s02.dat
1 16 0 0 0 -1 0 0 0 1 0 0 0 -1 parts/s/42409s02.dat
1 16 0 0 0 -0.5 0 0.866 0 1 0 -0.866 0 -0.5 parts/s/42409s01.dat
1 16 0 0 0 0.5 0 0.866 0 1 0 -0.866 0 0.5 parts/s/42409s02.dat
1 16 0 0 0 1 0 0 0 1 0 0 0 -1 parts/s/42409s02.dat
1 16 0 0 0 0.5 0 0.866 0 1 0 0.866 0 -0.5 parts/s/42409s01.dat
1 16 0 0 0 -0.5 0 0.866 0 1 0 0.866 0 0.5 parts/s/42409s02.dat
1 16 0 0 0 -1 0 0 0 1 0 0 0 1 parts/s/42409s02.dat
1 16 0 0 0 -0.5 0 -0.866 0 1 0 -0.866 0 0.5 parts/s/42409s01.dat
1 16 0 0 0 0.5 0 -0.866 0 1 0 -0.866 0 -0.5 parts/s/42409s02.dat
1 16 0 -10.4 39.75 4 0 0 0 0 -4 0 -4.35 0 p/4-4cylc.dat
1 16 0 -10.4 -39.75 -4 0 0 0 0 -4 0 4.35 0 p/4-4cylc.dat
1 16 34.425 -10.4 19.875 2 -3.7672 0 0 0 -4 -3.4641 -2.175 0 p/4-4cylc.dat
1 16 -34.425 -10.4 -19.875 -2 3.7672 0 0 0 -4 3.4641 2.175 0 p/4-4cylc.dat
1 16 0 -4.877 0 1 0 0 0 -1.219 0 0 0 -1 p/stud4a.dat
1 16 0 -4.877 0 8 0 0 0 -1 0 0 0 -8 p/4-4edge.dat
1 16 0 -15.979 0 1 0 0 0 1.005 0 0 0 1 p/stud2a.dat
1 16 0 -15.979 0 6 0 0 0 1 0 0 0 6 p/4-4edge.dat
1 16 0 -13 0 6 0 0 0 1 0 0 0 6 p/4-4edge.dat
1 16 0 -13 0 4 0 0 0 1 0 0 0 4 p/4-4edge.dat
0 BFC INVERTNEXT
1 16 0 -15.979 0 4 0 0 0 2.979 0 0 0 4 p/4-4cyli.dat
1 16 0 -15.979 0 6 0 0 0 1 0 0 0 6 p/4-4ndis.dat
0 BFC INVERTNEXT
1 16 0 -13 0 6 0 0 0 8.123 0 0 0 6 p/4-4cyli.dat
1 16 0 -13 0 2 0 0 0 -1 0 0 0 -2 p/4-4ring2.dat
4 16 -6 -15.979 6 6 -15.979 6 5.304 -15.979 9.187 -5.304 -15.979 9.187
4 16 6 -15.979 -6 -6 -15.979 -6 -5.304 -15.979 -9.187 5.304 -15.979 -9.187
3 16 6 -15.979 -6 10.608 -15.979 0 6 -15.979 6
3 16 6 -15.979 6 10.608 -15.979 0 5.304 -15.979 9.187
3 16 5.304 -15.979 -9.187 10.608 -15.979 0 6 -15.979 -6
3 16 -6 -15.979 6 -10.608 -15.979 0 -6 -15.979 -6
3 16 -5.304 -15.979 9.187 -10.608 -15.979 0 -6 -15.979 6
3 16 -6 -15.979 -6 -10.608 -15.979 0 -5.304 -15.979 -9.187
3 16 5.657 -4.877 5.657 3.062 -4.877 7.391 5.304 -4.881 9.187
3 16 -5.304 -4.881 9.187 -3.062 -4.877 7.391 -5.657 -4.877 5.657
4 16 7.391 -4.877 3.062 5.657 -4.877 5.657 5.304 -4.881 9.187 10.608 -4.881 0
4 16 -5.304 -4.881 9.187 -5.657 -4.877 5.657 -7.391 -4.877 3.062 -10.608 -4.881 0
3 16 8 -4.877 0 7.391 -4.877 3.062 10.608 -4.881 0
3 16 -10.608 -4.881 0 -7.391 -4.877 3.062 -8 -4.877 0
4 16 5.304 -4.881 9.187 3.062 -4.877 7.391 0 -4.877 8 -5.304 -4.881 9.187
3 16 0 -4.877 8 -3.062 -4.877 7.391 -5.304 -4.881 9.187
3 16 -5.657 -4.877 -5.657 -3.062 -4.877 -7.391 -5.304 -4.881 -9.187
3 16 5.304 -4.881 -9.187 3.062 -4.877 -7.391 5.657 -4.877 -5.657
4 16 -7.391 -4.877 -3.062 -5.657 -4.877 -5.657 -5.304 -4.881 -9.187 -10.608 -4.881 0
4 16 5.304 -4.881 -9.187 5.657 -4.877 -5.657 7.391 -4.877 -3.062 10.608 -4.881 0
3 16 -8 -4.877 0 -7.391 -4.877 -3.062 -10.608 -4.881 0
3 16 10.608 -4.881 0 7.391 -4.877 -3.062 8 -4.877 0
4 16 -5.304 -4.881 -9.187 -3.062 -4.877 -7.391 0 -4.877 -8 5.304 -4.881 -9.187
3 16 0 -4.877 -8 3.062 -4.877 -7.391 5.304 -4.881 -9.187
