0 BFC CERTIFY CCW
1 16 0 0 -100 0 0 -1 0 1 0 1 0 0 parts/3023.dat
1 16 0 4 -80 4 0 0 0 0 4 0 160 0 p/4-4cyli.dat
1 16 0 4 100 4 0 0 0 0 4 0 20 0 p/4-4cyli.dat
1 16 0 4 120 4 0 0 0 0 4 0 -1 0 p/4-4disc.dat
1 16 0 4 -80 4 0 0 0 0 4 0 1 0 p/4-4edge.dat
1 16 0 4 120 4 0 0 0 0 4 0 1 0 p/4-4edge.dat
1 16 0 0 90 10 0 0 0 8 0 0 0 10 p/4-4cyli.dat
1 16 0 0 90 10 0 0 0 1 0 0 0 10 p/4-4edge.dat
1 16 0 8 90 10 0 0 0 1 0 0 0 10 p/4-4edge.dat
1 16 0 0 90 -2 0 0 0 1 0 0 0 -2 p/1-4ring3.dat
1 16 0 0 90 2 0 0 0 1 0 0 0 -2 p/1-4ring3.dat
1 16 0 0 90 -2 0 0 0 1 0 0 0 2 p/1-4ring3.dat
1 16 0 0 90 2 0 0 0 1 0 0 0 2 p/1-4ring3.dat
1 16 0 8 90 -2 0 0 0 -1 0 0 0 -2 p/1-4ring3.dat
1 16 0 8 90 2 0 0 0 -1 0 0 0 -2 p/1-4ring3.dat
1 16 0 8 90 -2 0 0 0 -1 0 0 0 2 p/1-4ring3.dat
1 16 0 8 90 2 0 0 0 -1 0 0 0 2 p/1-4ring3.dat
1 16 0 0 90 -2 0 0 0 1 0 0 0 -2 p/1-4ring4.dat
1 16 0 0 90 2 0 0 0 1 0 0 0 -2 p/1-4ring4.dat
1 16 0 0 90 -2 0 0 0 1 0 0 0 2 p/1-4ring4.dat
1 16 0 0 90 2 0 0 0 1 0 0 0 2 p/1-4ring4.dat
1 16 0 8 90 -2 0 0 0 -1 0 0 0 -2 p/1-4ring4.dat
1 16 0 8 90 2 0 0 0 -1 0 0 0 -2 p/1-4ring4.dat
1 16 0 8 90 -2 0 0 0 -1 0 0 0 2 p/1-4ring4.dat
1 16 0 8 90 2 0 0 0 -1 0 0 0 2 p/1-4ring4.dat
1 16 0 0 90 6 0 0 0 1 0 0 0 6 p/4-4edge.dat
1 16 0 8 90 6 0 0 0 1 0 0 0 6 p/4-4edge.dat
1 16 0 -4 90 6 0 0 0 4 0 0 0 6 p/4-4cyli.dat
0 BFC INVERTNEXT
1 16 0 4 90 6 0 0 0 4 0 0 0 6 p/4-4cyli.dat
1 16 0 -4 90 6 0 0 0 1 0 0 0 6 p/4-4edge.dat
1 16 0 4 90 6 0 0 0 1 0 0 0 6 p/4-4edge.dat
1 16 0 -4 90 -2 0 0 0 1 0 0 0 -2 p/1-4ring2.dat
1 16 0 -4 90 2 0 0 0 1 0 0 0 -2 p/1-4ring2.dat
1 16 0 -4 90 -2 0 0 0 1 0 0 0 2 p/1-4ring2.dat
1 16 0 -4 90 2 0 0 0 1 0 0 0 2 p/1-4ring2.dat
1 16 0 4 90 -2 0 0 0 -1 0 0 0 -2 p/1-4ring2.dat
1 16 0 4 90 2 0 0 0 -1 0 0 0 -2 p/1-4ring2.dat
1 16 0 4 90 -2 0 0 0 -1 0 0 0 2 p/1-4ring2.dat
1 16 0 4 90 2 0 0 0 -1 0 0 0 2 p/1-4ring2.dat
1 16 0 -4 90 4 0 0 0 1 0 0 0 4 p/4-4edge.dat
1 16 0 4 90 4 0 0 0 1 0 0 0 4 p/4-4edge.dat
0 BFC INVERTNEXT
1 16 0 -4 90 4 0 0 0 8 0 0 0 4 p/4-4cyli.dat
1 16 0 4 80 -4 0 0 0 0 -4 0 0.75 0 p/1-4cyls2.dat
1 16 0 4 80 4 0 0 0 0 -4 0 0.75 0 p/1-4cyls2.dat
1 16 0 4 80 -4 0 0 0 0 4 0 0.75 0 p/1-4cyls2.dat
1 16 0 4 80 4 0 0 0 0 4 0 0.75 0 p/1-4cyls2.dat
1 16 0 4 100 -4 0 0 0 0 -4 0 -0.75 0 p/1-4cyls2.dat
1 16 0 4 100 4 0 0 0 0 -4 0 -0.75 0 p/1-4cyls2.dat
1 16 0 4 100 -4 0 0 0 0 4 0 -0.75 0 p/1-4cyls2.dat
1 16 0 4 100 4 0 0 0 0 4 0 -0.75 0 p/1-4cyls2.dat
1 16 0 4 80 -4 2.828 0 0 0 -4 0.75 0.75 0 p/1-4disc.dat
1 16 0 4 80 4 -2.828 0 0 0 -4 0.75 0.75 0 p/1-4disc.dat
1 16 0 4 80 -4 2.828 0 0 0 4 0.75 0.75 0 p/1-4disc.dat
1 16 0 4 80 4 -2.828 0 0 0 4 0.75 0.75 0 p/1-4disc.dat
1 16 0 4 100 -4 2.828 0 0 0 -4 -0.75 -0.75 0 p/1-4disc.dat
1 16 0 4 100 4 -2.828 0 0 0 -4 -0.75 -0.75 0 p/1-4disc.dat
1 16 0 4 100 -4 2.828 0 0 0 4 -0.75 -0.75 0 p/1-4disc.dat
1 16 0 4 100 4 -2.828 0 0 0 4 -0.75 -0.75 0 p/1-4disc.dat
1 16 0 4 80 -4 2.828 0 0 0 -4 0.75 0.75 0 p/1-4edge.dat
1 16 0 4 80 4 -2.828 0 0 0 -4 0.75 0.75 0 p/1-4edge.dat
1 16 0 4 80 -4 2.828 0 0 0 4 0.75 0.75 0 p/1-4edge.dat
1 16 0 4 80 4 -2.828 0 0 0 4 0.75 0.75 0 p/1-4edge.dat
1 16 0 4 100 -4 2.828 0 0 0 -4 -0.75 -0.75 0 p/1-4edge.dat
1 16 0 4 100 4 -2.828 0 0 0 -4 -0.75 -0.75 0 p/1-4edge.dat
1 16 0 4 100 -4 2.828 0 0 0 4 -0.75 -0.75 0 p/1-4edge.dat
1 16 0 4 100 4 -2.828 0 0 0 4 -0.75 -0.75 0 p/1-4edge.dat
