0 BFC CERTIFY CCW
1 16 0 0 0 1 0 0 0 1 0 0 0 1 s\42716s01.dat
1 16 0 0 0 .309017 -.951057 0 .951057 .309017 0 0 0 1 s\42716s01.dat
1 16 0 0 0 -.809017 -.587785 0 .587785 -.809017 0 0 0 1 s\42716s01.dat
1 16 0 0 0 -.809017 .587785 0 -.587785 -.809017 0 0 0 1 s\42716s01.dat
1 16 0 0 0 .309017 .951057 0 -.951057 .309017 0 0 0 1 s\42716s01.dat
1 16 0 0 -20 9 0 0 0 0 -9 0 20 0 4-4cylo.dat
1 16 0 0 -25 4.222222222 0 0 0 0 4.222222222 0 1 0 48\4-4ring8.dat
0 BFC INVERTNEXT
1 16 0 0 -25 2.814814815 0 0 0 0 2.814814815 0 3 0 48\4-4con11.dat
1 16 0 0 -11 2 0 0 0 0 -2 0 3 0 48\4-4con16.dat
1 16 0 0 -15 38 0 0 0 0 -38 0 4 0 48\4-4cylo.dat
1 16 0 0 -21 34 0 0 0 0 -34 0 6 0 48\4-4cylo.dat
1 16 0 0 -25 38 0 0 0 0 -38 0 4 0 48\4-4cylo.dat
0 BFC INVERTNEXT
1 16 0 0 -22 30.962962963 0 0 0 0 30.962962963 0 44 0 48\4-4cylo.dat
1 16 0 0 -8 32 0 0 0 0 -32 0 16 0 48\4-4cylo.dat
1 16 0 0 11 -2 0 0 0 0 -2 0 -3 0 48\4-4con16.dat
1 16 0 0 15 -38 0 0 0 0 -38 0 -4 0 48\4-4cylo.dat
1 16 0 0 21 -34 0 0 0 0 -34 0 -6 0 48\4-4cylo.dat
1 16 0 0 25 -38 0 0 0 0 -38 0 -4 0 48\4-4cylo.dat
1 16 0 0 -25 33.777777778 0 0 0 0 33.777777778 0 1 0 48\4-4edge.dat
1 16 0 0 -11 34 0 0 0 0 -34 0 1 0 48\4-4edge.dat
1 16 0 0 -21 4.222222222 0 0 0 0 4.222222222 0 -1 0 48\4-4ring8.dat
1 16 0 0 -15 4.222222222 0 0 0 0 4.222222222 0 1 0 48\4-4ring8.dat
1 16 0 0 -11 4.222222222 0 0 0 0 4.222222222 0 -1 0 48\4-4ring8.dat
1 16 0 0 11 4.222222222 0 0 0 0 4.222222222 0 1 0 48\4-4ring8.dat
1 16 0 0 15 4.222222222 0 0 0 0 4.222222222 0 -1 0 48\4-4ring8.dat
1 16 0 0 21 4.222222222 0 0 0 0 4.222222222 0 1 0 48\4-4ring8.dat
1 16 0 0 25 4.222222222 0 0 0 0 4.222222222 0 -1 0 48\4-4ring8.dat
0 BFC INVERTNEXT
1 16 0 0 25 2.814814815 0 0 0 0 2.814814815 0 -3 0 48\4-4con11.dat
1 16 0 0 25 33.777777778 0 0 0 0 33.777777778 0 -1 0 48\4-4edge.dat
1 16 0 31.93 0 0 0 1 0 5.0659 0 11 0 0 box3u2p.dat
1 16 -31.93 0 0 0 -5.0659 0 0 0 1 11 0 0 box3u2p.dat
1 16 0 -31.93 0 0 0 -1 0 -5.0659 0 11 0 0 box3u2p.dat
1 16 31.93 0 0 0 5.0659 0 0 0 -1 11 0 0 box3u2p.dat
1 16 0 0 0 1 0 0 0 0 1 0 -1 0 axl3hol2.dat
1 16 0 0 -20 1 0 0 0 0 1 0 -1 0 axl3hol2.dat
1 16 0 0 0 1 0 0 0 0 1 0 -20 0 axl3hole.dat
1 16 0 0 -20 3 0 0 0 0 3 0 1 0 4-4ring2.dat
1 16 0 0 0 3 0 0 0 0 3 0 -1 0 4-4ring2.dat
1 16 0 0 11 -34 0 0 0 0 -34 0 -1 0 48\4-4edge.dat
