0 BFC CERTIFY CCW
1 16 -20 4 0 0 1 0 0 0 4 10 0 0 p/rect.dat
1 16 0 4 -10 -20 0 0 0 0 4 0 1 0 p/rect2p.dat
1 16 0 4 10 20 0 0 0 0 4 0 -1 0 p/rect2p.dat
1 16 0 4 0 1 0 0 0 -1 0 0 0 1 p/stud3.dat
0 BFC INVERTNEXT
1 16 0 8 0 16 0 0 0 -4 0 0 0 6 p/box5.dat
4 16 20 8 10 16 8 6 -16 8 6 -20 8 10
4 16 -20 8 10 -16 8 6 -16 8 -6 -20 8 -10
4 16 -20 8 -10 -16 8 -6 16 8 -6 20 8 -10
4 16 20 8 -10 16 8 -6 16 8 6 20 8 10
4 16 -20 0 10 -20 0 -10 20 0 -10 20 0 10
1 16 20 4 0 0 1 0 1 0 0 0 0 1 p/h2.dat
1 16 10 0 0 1 0 0 0 1 0 0 0 1 p/stud.dat
1 16 -10 0 0 1 0 0 0 1 0 0 0 1 p/stud.dat
