0 BFC CERTIFY CCW
4 16 20 8 -20 16 8 -16 16 8 20 20 8 20
4 16 -20 8 20 -16 8 20 -16 8 -16 -20 8 -20
4 16 20 8 -20 -20 8 -20 -16 8 -16 16 8 -16
1 16 0 8 2 0 0 4 0 -1 0 18 0 0 rect1.dat
4 16 -4 8 20 -4 2 20 4 2 20 4 8 20
0 BFC INVERTNEXT
1 16 10 5 20 -6 0 0 0 0 -3 0 -36 0 box4-1.dat
0 BFC INVERTNEXT
1 16 -10 5 20 -6 0 0 0 0 -3 0 -36 0 box4-1.dat
1 16 0 4 20 -20 0 0 0 0 -4 0 -40 0 box4-1.dat
4 16 16 8 20 16 2 20 20 0 20 20 8 20
4 16 -16 2 20 -20 0 20 20 0 20 16 2 20
4 16 -16 2 20 -16 8 20 -20 8 20 -20 0 20
1 16 4 -10 20 0 -1 0 0 0 10 -10 0 0 1-4edge.dat
1 16 4 -10 20 0 1 0 0 0 10 -10 0 0 1-4ndis.dat
4 16 4 -62 10 4 -62 15.7778 4 -10 10 4 0 -4
4 16 -4 0 -4 -4 -10 10 -4 -62 15.7778 -4 -62 10
1 16 -4 -10 20 0 -1 0 0 0 10 -10 0 0 1-4edge.dat
1 16 -4 -10 20 0 -1 0 0 0 10 -10 0 0 1-4ndis.dat
3 16 -4 -10 10 -4 0 -4 -4 0 10
3 16 4 0 10 4 0 -4 4 -10 10
1 16 0 -62 14.8889 0 0 4 0 -1 0 0.8889 0 0 rect1.dat
1 16 6 -10 20 0 -1 0 0 0 10 -10 0 0 1-4edge.dat
1 16 6 -10 20 0 -1 0 0 0 10 -10 0 0 1-4ndis.dat
3 16 6 -10 10 6 -64 16 6 -64 10
3 16 6 -64 10 6 0 -4 6 0 10
1 16 -6 -10 20 0 -1 0 0 0 10 -10 0 0 1-4edge.dat
1 16 -6 -10 20 0 1 0 0 0 10 -10 0 0 1-4ndis.dat
3 16 -6 -64 10 -6 -64 16 -6 -10 10
3 16 -6 0 10 -6 0 -4 -6 -64 10
1 16 0 -64 10 6 0 0 0 1 0 0 0 6 2-4ndis.dat
0 BFC INVERTNEXT
1 16 4 -10 20 0 2 0 0 0 10 -10 0 0 1-4cyli.dat
4 16 4 -10 10 4 -62 15.7778 6 -64 16 6 -10 10
0 BFC INVERTNEXT
1 16 -4 -10 20 0 -2 0 0 0 10 -10 0 0 1-4cyli.dat
4 16 -6 -10 10 -6 -64 16 -4 -62 15.7778 -4 -10 10
4 16 -6 -64 16 6 -64 16 4 -62 15.7778 -4 -62 15.7778
0 BFC INVERTNEXT
1 16 0 -62 10 -4 0 0 0 62 0 0 -14 -4 2-4cyli.dat
1 16 0 -62 10 4 0 0 0 -1 0 0 0 4 2-4ndis.dat
0 BFC INVERTNEXT
1 16 0 -64 10 4 0 0 0 2 0 0 0 4 4-4cyli.dat
1 16 0 0 -4 -6 0 0 0 1 0 0 0 -6 2-4edge.dat
1 16 0 0 -4 -4 0 0 0 1 0 0 0 -4 2-4edge.dat
1 16 0 -64 10 -6 0 0 0 1 0 0 0 -6 2-4edge.dat
1 16 0 -64 10 -6 0 0 0 24 0 0 -5.25 -6 2-4cyli.dat
1 16 0 -36 3.875 -6 0 0 0 36 0 0 -7.875 -6 2-4cyli.dat
1 16 0 -36 3.875 -6 0 0 0 1 0 0 0 -6 2-4edge.dat
1 16 20 -36 9.125 0 0 8 0 1 0 -8 0 0 2-4edge.dat
1 16 20 -36 9.125 0 0 8 0 -1 0 -8 0 0 2-4disc.dat
1 16 -20 -36 9.125 0 0 -8 0 1 0 8 0 0 2-4edge.dat
1 16 -20 -36 9.125 0 0 -8 0 -1 0 8 0 0 2-4disc.dat
1 16 0 -40 4.75 -6 0 0 0 1 0 0 0 -6 2-4edge.dat
1 16 20 -40 10 0 0 8 0 1 0 -8 0 0 2-4edge.dat
1 16 20 -40 10 0 0 8 0 1 0 -8 0 0 2-4disc.dat
1 16 -20 -40 10 0 0 -8 0 1 0 8 0 0 2-4edge.dat
1 16 -20 -40 10 0 0 -8 0 1 0 8 0 0 2-4disc.dat
1 16 20 -36 9.125 0 0 8 0 -4 0 -8 0.875 0 2-4cyli.dat
4 16 20 -40 2 0 -40 -1.25 0 -36 -2.125 20 -36 1.125
4 16 20 -36 1.125 6 -36 3.89 6 -36 12.89 20 -36 17.125
3 16 0 -36 -2.13 6 -36 3.89 20 -36 1.125
4 16 20 -40 18 6 -40 13.33 6 -40 4.75 20 -40 2
3 16 20 -40 2 6 -40 4.75 0 -40 -1.25
1 16 -20 -36 9.125 0 0 -8 0 -4 0 8 0.875 0 2-4cyli.dat
4 16 -20 -36 1.125 0 -36 -2.125 0 -40 -1.25 -20 -40 2
3 16 -20 -40 18 -6 -40 13.33 -6 -36 12.89
3 16 -20 -40 18 -6 -36 12.89 -20 -36 17.125
3 16 6 -36 12.89 6 -40 13.33 20 -40 18
3 16 20 -36 17.125 6 -36 12.89 20 -40 18
4 16 -20 -36 17.125 -6 -36 12.89 -6 -36 3.89 -20 -36 1.125
3 16 -20 -36 1.125 -6 -36 3.89 0 -36 -2.13
4 16 -20 -40 2 -6 -40 4.75 -6 -40 13.33 -20 -40 18
3 16 0 -40 -1.25 -6 -40 4.75 -20 -40 2
1 16 0 -64 10 1 0 0 0 1 0 0 0 1 stud2a.dat
1 16 0 -64 10 6 0 0 0 1 0 0 0 6 4-4edge.dat
1 16 0 -62 10 4 0 0 0 1 0 0 0 4 4-4edge.dat
1 16 20 -40 10 1 0 0 0 1 0 0 0 1 stud2.dat
1 16 -20 -40 10 1 0 0 0 1 0 0 0 1 stud2.dat
