0 BFC CERTIFY CW
1 16 0 80 0 0 0 -20 0 -8 0 20 0 0 p/box3u2p.dat
0 BFC INVERTNEXT
1 16 10 80 12 -6 0 0 0 -5 0 0 0 -8 p/box4-1.dat
0 BFC INVERTNEXT
1 16 -10 80 12 -6 0 0 0 -5 0 0 0 -8 p/box4-1.dat
0 BFC INVERTNEXT
1 16 -10 80 -12 6 0 0 0 -5 0 0 0 8 p/box4-1.dat
0 BFC INVERTNEXT
1 16 10 80 -12 6 0 0 0 -5 0 0 0 8 p/box4-1.dat
4 16 -16 80 20 -20 80 20 -20 80 -20 -16 80 -20
4 16 20 80 20 16 80 20 16 80 -20 20 80 -20
4 16 -16 80 4 -16 80 -4 16 80 -4 16 80 4
4 16 4 80 20 -4 80 20 -4 80 4 4 80 4
4 16 4 80 -4 -4 80 -4 -4 80 -20.05 4 80 -20
4 16 -16 75 -20 -20 72 -20 20 72 -20 16 75 -20
4 16 16 75 -20 20 72 -20 20 80 -20 16 80 -20
4 16 -20 72 -20 -16 75 -20 -16 80 -20 -20 80 -20
4 16 -4 75 -20 4 75 -20 4 80 -20 -4 80 -20
4 16 -20 72 20 -16 75 20 16 75 20 20 72 20
4 16 20 72 20 16 75 20 16 80 20 20 80 20
4 16 -16 75 20 -20 72 20 -20 80 20 -16 80 20
4 16 4 75 20 -4 75 20 -4 80 20 4 80 20
1 16 0 72 0 6 0 0 0 1 0 0 0 6 p/4-4edge.dat
1 16 0 0 0 6 0 0 0 1 0 0 0 6 p/4-4edge.dat
1 16 0 0 0 6 0 0 0 -1 0 0 0 6 p/4-4ndis.dat
1 16 0 72 0 6 0 0 0 -72 0 0 0 6 p/4-4cyli.dat
4 16 -2 0 19 -2 0 5.602 -2 8 5.602 -2 4 19
4 16 -2 8 -5.602 -2 0 -5.602 -2 0 -19 -2 4 -19
1 16 0 0 12.301 0 0 -2 0 1 0 6.699 0 0 p/rect2p.dat
1 16 0 2 19 0 0 2 2 0 0 0 -1 0 p/rect.dat
1 16 0 6 12.301 0 0 -2 -2 -1 0 6.699 0 0 p/rect2p.dat
1 16 0 0 -12.301 0 0 -2 0 1 0 6.699 0 0 p/rect2p.dat
1 16 0 2 -19 0 0 2 2 0 0 0 1 0 p/rect.dat
1 16 0 6 -12.301 0 0 -2 2 -1 0 6.699 0 0 p/rect2p.dat
4 16 2 0 5.602 2 0 19 2 4 19 2 8 5.602
4 16 2 0 -5.602 2 8 -5.602 2 4 -19 2 0 -19
1 16 6 -4 14 0 1 0 -4 0 0 0 0 4 p/2-4edge.dat
1 16 2 -4 14 0 1 0 -4 0 0 0 0 4 p/2-4edge.dat
1 16 -2 -4 14 0 1 0 -4 0 0 0 0 4 p/2-4edge.dat
1 16 -6 -4 14 0 1 0 -4 0 0 0 0 4 p/2-4edge.dat
1 16 6 -4 14 0 -1 0 -4 0 0 0 0 4 p/2-4disc.dat
1 16 2 -4 14 0 1 0 -4 0 0 0 0 4 p/2-4disc.dat
1 16 -2 -4 14 0 -1 0 -4 0 0 0 0 4 p/2-4disc.dat
1 16 -6 -4 14 0 1 0 -4 0 0 0 0 4 p/2-4disc.dat
1 16 6 -4 14 0 -4 0 -4 0 0 0 0 4 p/2-4cyli.dat
1 16 -2 -4 14 0 -4 0 -4 0 0 0 0 4 p/2-4cyli.dat
1 16 6 -4 0 0 -1 0 0 0 4 14 0 0 p/rect2p.dat
1 16 2 -4 10 0 1 0 0 0 -4 -4 0 0 p/rect2a.dat
1 16 2 -4 -10 0 1 0 0 0 -4 4 0 0 p/rect2a.dat
1 16 0 -4 6 2 0 0 0 0 4 0 -1 0 p/rect2p.dat
1 16 0 -4 -6.001 -2 0 0 0 0 4 0 1 0 p/rect2p.dat
1 16 -2 -4 10 0 -1 0 0 0 -4 -4 0 0 p/rect2a.dat
1 16 -2 -4 -10 0 -1 0 0 0 -4 4 0 0 p/rect2a.dat
1 16 -6 -4 0 0 1 0 0 0 4 14 0 0 p/rect2p.dat
4 16 2 -8 6 2 -8 14 6 -8 14 6 -8 6
4 16 2 0 14 2 0 6 6 0 6 6 0 14
4 16 -2 -8 14 -2 -8 6 -6 -8 6 -6 -8 14
4 16 -2 0 6 -2 0 14 -6 0 14 -6 0 6
1 16 -6 -4 -14 0 -1 0 -4 0 0 0 0 -4 p/2-4edge.dat
1 16 -2 -4 -14 0 -1 0 -4 0 0 0 0 -4 p/2-4edge.dat
1 16 2 -4 -14 0 -1 0 -4 0 0 0 0 -4 p/2-4edge.dat
1 16 6 -4 -14 0 -1 0 -4 0 0 0 0 -4 p/2-4edge.dat
1 16 -6 -4 -14 0 1 0 -4 0 0 0 0 -4 p/2-4disc.dat
1 16 -2 -4 -14 0 -1 0 -4 0 0 0 0 -4 p/2-4disc.dat
1 16 2 -4 -14 0 1 0 -4 0 0 0 0 -4 p/2-4disc.dat
1 16 6 -4 -14 0 -1 0 -4 0 0 0 0 -4 p/2-4disc.dat
1 16 -6 -4 -14 0 4 0 -4 0 0 0 0 -4 p/2-4cyli.dat
1 16 2 -4 -14 0 4 0 -4 0 0 0 0 -4 p/2-4cyli.dat
4 16 -2 -8 -6 -2 -8 -14 -6 -8 -14 -6 -8 -6
4 16 -2 0 -14 -2 0 -6 -6 0 -6 -6 0 -14
4 16 2 -8 -14 2 -8 -6 6 -8 -6 6 -8 -14
4 16 2 0 -6 2 0 -14 6 0 -14 6 0 -6
1 16 0 -8 0 6 0 0 0 1 0 0 0 6 p/4-4ndis.dat
1 16 0 -8 0 1 0 0 0 1 0 0 0 1 p/4-4ring5.dat
1 16 0 -8 0 5 0 0 0 1 0 0 0 5 p/4-4edge.dat
1 16 0 -140 0 5 0 0 0 1 0 0 0 5 p/4-4edge.dat
1 16 0 -140 0 1 0 0 0 -1 0 0 0 1 p/4-4ring5.dat
1 16 0 -140 0 6 0 0 0 1 0 0 0 6 p/4-4edge.dat
1 16 0 -140 0 5 0 0 0 132 0 0 0 5 p/4-4cyli.dat
1 16 0 -146 0 6 0 0 0 6 0 0 0 6 p/4-4cyli.dat
1 16 0 -146 0 2.296 0 5.543 0 -8 0 -5.543 0 2.296 p/3-8cyli.dat
1 16 0 -154 0 2.296 0 5.543 0 1 0 -5.543 0 2.296 p/3-8edge.dat
1 16 0 -146 0 -2.296 0 -5.543 0 -8 0 5.543 0 -2.296 p/3-8cyli.dat
1 16 0 -154 0 -2.296 0 -5.543 0 1 0 5.543 0 -2.296 p/3-8edge.dat
1 16 -2 -150 0 0 -1 0 4 0 0 0 0 5.602 p/rect.dat
1 16 2 -150 0 0 1 0 4 0 0 0 0 -5.602 p/rect.dat
4 16 -2.296 -146 5.543 -2 -146 5.602 -2 -154 5.602 -2.296 -154 5.543
4 16 2 -146 5.602 2.296 -146 5.543 2.296 -154 5.543 2 -154 5.602
4 16 2.296 -146 -5.543 2 -146 -5.602 2 -154 -5.602 2.296 -154 -5.543
4 16 -2 -146 -5.602 -2.296 -146 -5.543 -2.296 -154 -5.543 -2 -154 -5.602
4 16 -2 -146 5.602 0 -146 6 0 -146 -6 -2 -146 -5.602
4 16 -4.243 -154 4.243 -2.296 -154 5.543 -2 -154 5.603 -2 -154 0
4 16 -6 -154 0 -5.543 -154 2.296 -4.243 -154 4.243 -2 -154 0
4 16 -5.543 -154 -2.296 -6 -154 0 -2 -154 0 -4.243 -154 -4.243
4 16 -2.296 -154 -5.543 -4.243 -154 -4.243 -2 -154 0 -2 -154 -5.603
4 16 2 -146 -5.602 0 -146 -6 0 -146 6 2 -146 5.602
4 16 4.243 -154 -4.243 2.296 -154 -5.543 2 -154 -5.603 2 -154 0
4 16 6 -154 0 5.543 -154 -2.296 4.243 -154 -4.243 2 -154 0
4 16 5.543 -154 2.296 6 -154 0 2 -154 0 4.243 -154 4.243
4 16 2.296 -154 5.543 4.243 -154 4.243 2 -154 0 2 -154 5.603
