0 BFC CERTIFY CCW
1 16 0 0 -50 1 0 0 0 1 0 0 0 1 s\43373s01.dat
1 16 0 0 -50 -1 0 0 0 1 0 0 0 1 s\43373s01.dat
1 16 0 12 0 -20 0 0 0 -12 0 0 0 10 box2-5.dat
1 16 0 1.5 -10 -20 0 0 0 0 1.5 0 1 0 rect3.dat
1 16 0 13.5 7 -17 0 0 0 0 10.5 0 1 0 rect.dat
1 16 0 10 10 1 0 0 0 0 1 0 20 0 axle.dat
4 16 -17 24 7 -20 24 10 20 24 10 17 24 7
4 16 -20 3 -7 20 3 -7 20 3 -10 -20 3 -10
4 16 -17 3 7 17 3 7 17 3 -7 -17 3 -7
1 16 -10 0 0 0 0 -1 0 1 0 1 0 0 stud.dat
1 16 10 0 0 0 0 -1 0 1 0 1 0 0 stud.dat
1 16 0 6 -50 -47 0 0 0 1 0 0 0 -47 48\2-4edge.dat
1 16 0 6 -50 0 0 -2.35 0 1 0 -2.35 0 0 48\1-4rin19.dat
1 16 0 9 -50 -26.0939 0 34.0063 0 1 0 -34.0063 0 -26.0939 48\5-24edge.dat
1 16 0 6 -50 -1.08725 0 1.41693 0 3 0 -1.41693 0 -1.08725 48\5-24ri24.dat
1 16 0 3 -50 -47 0 0 0 1 0 0 0 -47 48\2-4edge.dat
0 BFC INVERTNEXT
1 16 0 3 -50 -47 0 0 0 3 0 0 0 -47 48\2-4cyli.dat
1 16 0 6 -50 -26.0939 0 34.0063 0 1 0 -34.0063 0 -26.0939 48\5-24edge.dat
0 BFC INVERTNEXT
1 16 0 9 -50 -26.0939 0 34.0063 0 -3 0 -34.0063 0 -26.0939 48\5-24cyli.dat
