0 BFC CERTIFY CCW
1 16 0 0 0 4 0 0 0 1 0 0 0 4 p/4-4edge.dat
1 16 0 0 0 4 0 0 0 1 0 0 0 4 p/4-4disc.dat
1 16 0 0 0 4 0 0 0 68 0 0 0 4 p/4-4cyli.dat
1 16 0 68 -15 15 0 0 0 1 0 0 0 15 p/4-4edge.dat
1 16 0 68 -15 15 0 0 0 15 0 0 0 15 p/4-8sphe.dat
0 BFC INVERTNEXT
1 16 0 72 -15 11 0 0 0 7 0 0 0 11 p/4-8sphe.dat
1 16 0 72 -15 15 0 0 0 -15 0 0 0 15 p/t04i2667.dat
1 16 0 72 -15 15 0 0 0 -15 0 0 0 -15 p/t04i2667.dat
1 16 0 72 -15 -15 0 0 0 -15 0 0 0 15 p/t04i2667.dat
1 16 0 72 -15 -15 0 0 0 -15 0 0 0 -15 p/t04i2667.dat
1 16 0 68 0 0 0 -4 0 4 0 4 0 0 p/1-4cyls2.dat
1 16 0 68 0 0 0 4 0 4 0 4 0 0 p/1-4cyls2.dat
1 16 0 68 -15 0 15 0 11.785 0 0 0 0 15 p/t04o2667.dat
1 16 0 68 -15 0 -15 0 11.785 0 0 0 0 15 p/t04o2667.dat
3 16 3.804 68.986 -0.986 4.001 73.494 -1.979 4.001 72.51 -1.142
3 16 3.804 68.986 -0.986 4.001 72.51 -1.142 4.001 68 0
3 16 -4.001 68 0 -4.001 72.51 -1.142 -3.804 68.986 -0.986
3 16 -4.001 72.51 -1.142 -4.001 73.494 -1.979 -3.804 68.986 -0.986
