0 BFC CERTIFY CCW
1 16 0 0 0 47 0 0 0 1 0 0 0 47 p/48/4-4edge.dat
1 16 0 0 0 47 0 0 0 3 0 0 0 47 p/48/4-4cyli.dat
1 16 0 3 0 47 0 0 0 1 0 0 0 47 p/48/4-4edge.dat
1 16 0 3 0 3.13333 0 0 0 -1 0 0 0 3.13333 p/48/4-4rin14.dat
1 16 0 0 0 3.13333 0 0 0 1 0 0 0 3.13333 p/48/4-4rin14.dat
0 BFC INVERTNEXT
1 16 0 0 0 1.99394 0 0 0 1.5 0 0 0 1.99394 p/48/4-4con21.dat
0 BFC INVERTNEXT
1 16 0 1.5 0 2.99091 0 0 0 4.5 0 0 0 2.99091 p/48/4-4con13.dat
1 16 0 3 0 42.77 0 0 0 1 0 0 0 42.77 p/48/4-4edge.dat
1 16 0 3 0 42.77 0 0 0 3 0 0 0 42.77 p/48/4-4cyli.dat
1 16 0 3 0 4.27273 0 0 0 -1 0 0 0 4.27273 p/48/4-4rin10.dat
1 16 0 70 0 23 0 0 0 1 0 0 0 23 p/48/4-4edge.dat
1 16 0 66 0 23 0 0 0 4 0 0 0 23 p/48/4-4cyli.dat
1 16 0 70 0 3.83333 0 0 0 -1 0 0 0 3.83333 p/48/4-4ring5.dat
1 16 0 70 0 19.1667 0 0 0 1 0 0 0 19.1667 p/48/4-4edge.dat
0 BFC INVERTNEXT
1 16 0 66 0 19.1667 0 0 0 4 0 0 0 19.1667 p/48/4-4cyli.dat
1 16 0 0 0 1 0 0 0 1 0 0 0 1 parts/s/43374s01.dat
1 16 0 0 0 -1 0 0 0 1 0 0 0 1 parts/s/43374s01.dat
1 16 0 0 0 0.70711 0 -0.70711 0 1 0 0.70711 0 0.70711 parts/s/43374s01.dat
1 16 0 0 0 -0.70711 0 -0.70711 0 1 0 -0.70711 0 0.70711 parts/s/43374s01.dat
1 16 0 0 0 0 0 -1 0 1 0 1 0 0 parts/s/43374s01.dat
1 16 0 0 0 0 0 -1 0 1 0 -1 0 0 parts/s/43374s01.dat
1 16 0 0 0 -0.70711 0 -0.70711 0 1 0 0.70711 0 -0.70711 parts/s/43374s01.dat
1 16 0 0 0 0.70711 0 -0.70711 0 1 0 -0.70711 0 -0.70711 parts/s/43374s01.dat
1 16 0 0 0 0 0 1 0 1 0 -1 0 0 parts/s/43374s01.dat
1 16 0 0 0 0 0 1 0 1 0 1 0 0 parts/s/43374s01.dat
1 16 0 0 0 0.70711 0 0.70711 0 1 0 -0.70711 0 0.70711 parts/s/43374s01.dat
1 16 0 0 0 -0.70711 0 0.70711 0 1 0 0.70711 0 0.70711 parts/s/43374s01.dat
1 16 0 0 0 -1 0 0 0 1 0 0 0 -1 parts/s/43374s01.dat
1 16 0 0 0 1 0 0 0 1 0 0 0 -1 parts/s/43374s01.dat
1 16 0 0 0 -0.70711 0 0.70711 0 1 0 -0.70711 0 -0.70711 parts/s/43374s01.dat
1 16 0 0 0 0.70711 0 0.70711 0 1 0 0.70711 0 -0.70711 parts/s/43374s01.dat
