0 BFC CERTIFY CCW
1 16 0 0 0 0 0 1 1 0 0 0 1 0 stud.dat
1 16 0 0 0 8 0 0 0 0 -8 0 17 0 4-4cylc.dat
1 16 0 0 17 -1 0 0 0 0 -1 0 -1 0 4-4ring3.dat
1 16 0 0 17 -4 0 0 0 0 -4 0 -1 0 4-4ring1.dat
0 BFC INVERTNEXT
1 16 0 0 8 3 0 0 0 0 -3 0 9 0 4-4cylc.dat
1 16 0 0 2 16 0 0 0 0 -16 0 1 0 48\4-4edge.dat
0 BFC INVERTNEXT
1 16 0 0 0 2 0 0 0 0 -2 0 2 0 48\4-4con8.dat
1 16 0 0 0 18 0 0 0 0 -18 0 1 0 48\4-4edge.dat
1 16 0 0 0 6 0 0 0 0 -6 0 1 0 48\4-4ring3.dat
1 16 0 0 1 25 0 0 0 0 -25 0 13 0 48\4-4cyli.dat
1 16 0 0 1 -1 0 0 0 0 -1 0 -1 0 48\4-4con24.dat
1 16 0 0 14 1 0 0 0 0 -1 0 1 0 48\4-4con24.dat
0 BFC INVERTNEXT
1 16 0 0 2 20 0 0 0 0 -20 0 13 0 48\4-4cylo.dat
1 16 0 0 15 -4 0 0 0 0 -4 0 -1 0 48\4-4ring5.dat
1 16 0 0 2 -4 0 0 0 0 -4 0 -1 0 48\4-4ring4.dat
1 16 -13.8345 -1.25 8 0 0 -6.0835 0 1 0 6 0 0 rect.dat
1 16 -13.8345 1.25 8 0 0 6.0835 0 -1.00003 0 6 0 0 rect.dat
4 16 -20 0 14 -8 0 14 -7.751 1.25 14 -19.918 1.25 14
4 16 -15.918 1.25 2 -7.751 1.25 2 -8 0 2 -16 0 2
4 16 -16 0 2 -8 0 2 -7.751 -1.25 2 -15.918 -1.25 2
4 16 -19.918 -1.25 14 -7.751 -1.25 14 -8 0 14 -20 0 14
1 16 13.8345 1.25 8 0 0 6.0835 0 -1.00003 0 6 0 0 rect.dat
1 16 13.8345 -1.25 8 0 0 -6.0835 0 1 0 6 0 0 rect.dat
4 16 20 0 14 8 0 14 7.751 -1.25 14 19.918 -1.25 14
4 16 15.918 -1.25 2 7.751 -1.25 2 8 0 2 16 0 2
4 16 16 0 2 8 0 2 7.751 1.25 2 15.918 1.25 2
4 16 19.918 1.25 14 7.751 1.25 14 8 0 14 20 0 14
4 16 -6.118 -14.785 2 -6.123 -14.782 2 -3.599 -7.032 2 -3.061 -7.391 2
1 16 -5.475 -12.806 8 1.876 0.951061 0 5.774 -1 0 0 0 -6 rect.dat
4 16 -3.061 -7.391 14 -3.599 -7.032 14 -7.351 -18.58 14 -5.176 -19.318 14
1 16 -3.0915 -13.559 8 1.8845 -0.951043 0 5.799 1 0 0 0 6 rect.dat
4 16 -5.176 -19.318 14 -4.976 -19.358 14 -1.207 -7.76 14 -3.061 -7.391 14
4 16 -5.657 -5.657 14 -7.048 -3.575 14 -16.853 -10.699 14 -15.867 -12.175 14
3 16 -15.386 -12.724 14 -5.657 -5.657 14 -15.867 -12.175 14
1 16 -11.9505 -7.137 8 4.9025 0.587799 0 3.562 -1 0 0 0 -6 rect.dat
1 16 -10.5215 -9.1905 8 4.8645 -0.587702 0 3.5335 1 0 0 0 6 rect.dat
4 16 -5.657 -5.657 2 -12.694 -9.74 2 -13.622 -8.351 2 -7.048 -3.575 2
3 16 -12.694 -9.74 2 -5.657 -5.657 2 -12.143 -10.368 2
4 16 -15.867 12.175 14 -16.853 10.699 14 -7.048 3.575 14 -5.657 5.657 14
3 16 -15.867 12.175 14 -5.657 5.657 14 -15.386 12.724 14
1 16 -11.9505 7.137 8 4.9025 0.587799 0 -3.562 1 0 0 0 6 rect.dat
1 16 -10.5215 9.1905 8 4.8645 -21.201 0 -3.5335 -29.187 0 0 0 -6 rect.dat
4 16 -7.048 3.575 2 -13.622 8.351 2 -12.694 9.74 2 -5.657 5.657 2
3 16 -12.143 10.368 2 -5.657 5.657 2 -12.694 9.74 2
4 16 5.657 5.657 14 7.048 3.575 14 16.853 10.699 14 15.867 12.175 14
3 16 15.386 12.724 14 5.657 5.657 14 15.867 12.175 14
1 16 11.9505 7.137 8 -4.9025 -42.744 0 -3.562 58.83 0 0 0 -6 rect.dat
1 16 10.5215 9.1905 8 -4.8645 0.587702 0 -3.5335 -1 0 0 0 6 rect.dat
4 16 5.657 5.657 2 12.694 9.74 2 13.622 8.351 2 7.048 3.575 2
3 16 12.694 9.74 2 5.657 5.657 2 12.143 10.368 2
4 16 15.867 -12.175 14 16.853 -10.699 14 7.048 -3.575 14 5.657 -5.657 14
3 16 15.867 -12.175 14 5.657 -5.657 14 15.386 -12.724 14
1 16 11.9505 -7.137 8 -4.9025 -85.488 0 3.562 -117.66 0 0 0 6 rect.dat
1 16 10.5215 -9.1905 8 -4.8645 0.587702 0 3.5335 1 0 0 0 -6 rect.dat
4 16 7.048 -3.575 2 13.622 -8.351 2 12.694 -9.74 2 5.657 -5.657 2
3 16 12.143 -10.368 2 5.657 -5.657 2 12.694 -9.74 2
4 16 -4.141 -15.455 2 -3.061 -7.391 2 -1.207 -7.76 2 -3.734 -15.536 2
3 16 -3.061 -7.391 2 -4.141 -15.455 2 -6.123 -14.782 2
4 16 3.061 -7.391 2 3.599 -7.032 2 6.123 -14.782 2 6.118 -14.785 2
1 16 5.475 -12.806 8 -1.876 -46.192 0 5.774 -15.008 0 0 0 6 rect.dat
4 16 5.176 -19.318 14 7.351 -18.58 14 3.599 -7.032 14 3.061 -7.391 14
1 16 3.0915 -13.559 8 -1.8845 0.951043 0 5.799 1 0 0 0 -6 rect.dat
4 16 3.061 -7.391 14 1.207 -7.76 14 4.976 -19.358 14 5.176 -19.318 14
4 16 3.734 -15.536 2 1.207 -7.76 2 3.061 -7.391 2 4.141 -15.455 2
3 16 6.123 -14.782 2 4.141 -15.455 2 3.061 -7.391 2
4 16 6.118 14.785 2 6.123 14.782 2 3.599 7.032 2 3.061 7.391 2
1 16 5.475 12.806 8 -1.876 -0.951061 0 -5.774 1 0 0 0 -6 rect.dat
4 16 3.061 7.391 14 3.599 7.032 14 7.351 18.58 14 5.176 19.318 14
1 16 3.0915 13.559 8 -1.8845 0.951043 0 -5.799 -1 0 0 0 6 rect.dat
4 16 5.176 19.318 14 4.976 19.358 14 1.207 7.76 14 3.061 7.391 14
4 16 4.141 15.455 2 3.061 7.391 2 1.207 7.76 2 3.734 15.536 2
3 16 3.061 7.391 2 4.141 15.455 2 6.123 14.782 2
4 16 -3.061 7.391 2 -3.599 7.032 2 -6.123 14.782 2 -6.118 14.785 2
1 16 -5.475 12.806 8 1.876 0.951061 0 -5.774 1 0 0 0 6 rect.dat
4 16 -5.176 19.318 14 -7.351 18.58 14 -3.599 7.032 14 -3.061 7.391 14
1 16 -3.0915 13.559 8 1.8845 -139.176 0 -5.799 -45.228 0 0 0 -6 rect.dat
4 16 -3.061 7.391 14 -1.207 7.76 14 -4.976 19.358 14 -5.176 19.318 14
4 16 -3.734 15.536 2 -1.207 7.76 2 -3.061 7.391 2 -4.141 15.455 2
3 16 -6.123 14.782 2 -4.141 15.455 2 -3.061 7.391 2
