0 BFC CERTIFY CCW
1 16 0 0 0 25 0 0 0 1 0 0 0 25 4-4ndis.dat
0 BFC INVERTNEXT
1 16 0 -9 0 25 0 0 0 25 0 0 0 25 t01i3600.dat
1 16 0 -9 0 0 0 1 0 -23 0 -1 0 0 4-4con15.dat
0 BFC INVERTNEXT
1 16 0 -9 0 0 0 1 0 -23 0 -1 0 0 4-4con11.dat
1 16 0 -9 0 0 0 12 0 -1 0 -12 0 0 4-4edge.dat
0 BFC INVERTNEXT
1 16 0 -2.5 0 0 0 1 0 -6.5 0 -1 0 0 4-4con12.dat
0 BFC INVERTNEXT
1 16 0 4 0 0 0 1 0 -6.5 0 -1 0 0 4-4con13.dat
1 16 0 -32 0 0 0 -15 0 -1 0 15 0 0 4-4edge.dat
1 16 0 -32 0 0 0 -14 0 -1 0 14 0 0 4-4edge.dat
1 16 0 -32 0 0 0 -1 0 1 0 -1 0 0 4-4rin14.dat
1 16 0 -32 0 0 0 -1 0 3 0 1 0 0 stud27a.dat
0 BFC INVERTNEXT
1 16 0 4 0 36 0 0 0 12 0 0 0 36 box4.dat
1 16 0 0 0 40 0 0 0 16 0 0 0 40 box4.dat
1 16 -20 9.5 -36 -1.5 0 0 0 0 5.5 0 4 0 box4-1.dat
1 16 20 9.5 -36 -1.5 0 0 0 0 5.5 0 4 0 box4-1.dat
1 16 -36 9.5 -20 0 4 0 0 0 5.5 1.5 0 0 box4-1.dat
1 16 -20 9.5 36 1.5 0 0 0 0 5.5 0 -4 0 box4-1.dat
1 16 36 9.5 20 0 -4 0 0 0 5.5 -1.5 0 0 box4-1.dat
1 16 20 9.5 36 1.5 0 0 0 0 5.5 0 -4 0 box4-1.dat
1 16 36 9.5 -20 0 -4 0 0 0 5.5 -1.5 0 0 box4-1.dat
1 16 -36 9.5 20 0 4 0 0 0 5.5 1.5 0 0 box4-1.dat
1 16 0 4 0 0 0 -1 0 -2 0 1 0 0 stud8.dat
1 16 0 4 0 0 0 -16 0 -1 0 16 0 0 4-4ndis.dat
4 16 40 0 40 -40 0 40 -25 0 25 25 0 25
4 16 40 0 -40 40 0 40 25 0 25 25 0 -25
4 16 -40 0 -40 40 0 -40 25 0 -25 -25 0 -25
4 16 40 16 -40 -40 16 -40 -36 16 -36 36 16 -36
4 16 -40 16 -40 -40 16 40 -36 16 36 -36 16 -36
4 16 -40 16 40 40 16 40 36 16 36 -36 16 36
4 16 40 16 40 40 16 -40 36 16 -36 36 16 36
4 16 -40 0 40 -40 0 -40 -25 0 -25 -25 0 25
4 16 -36 4 -36 -36 4 36 -16 4 16 -16 4 -16
4 16 -36 4 36 36 4 36 16 4 16 -16 4 16
4 16 36 4 36 36 4 -36 16 4 -16 16 4 16
4 16 36 4 -36 -36 4 -36 -16 4 -16 16 4 -16
