0 BFC CERTIFY CCW
1 16 0 0 60 0 -1 0 1 0 0 0 0 1 p/connhole.dat
1 16 0 0 60 0 -1 0 1 0 0 0 0 1 p/npeghol6.dat
1 16 0 0 80 0 1 0 1 0 0 0 0 -1 p/npeghol6.dat
1 16 0 0 80 0 -1 0 -1 0 0 0 0 -1 p/npeghol6.dat
4 16 2 0 70 2 -6.364 70 2 -3.4443 68.3151 2 0 69
3 16 2 -6.364 66.364 2 -3.4443 68.3151 2 -6.364 70
4 16 -2 0 69 -2 -3.4443 68.3151 -2 -6.364 70 -2 0 70
3 16 -2 -6.364 66.364 -2 -6.364 70 -2 -3.4443 68.3151
1 16 6 -6.364 68.182 0 0 -4 0 -1 0 -1.818 0 0 p/rect2p.dat
1 16 -6 -6.364 68.182 0 0 -4 0 -1 0 -1.818 0 0 p/rect2p.dat
1 16 10 0 60 0 -8 0 0 0 -9 9 0 0 p/1-8cylo.dat
1 16 -10 0 60 0 8 0 0 0 -9 9 0 0 p/1-8cylo.dat
4 16 -10 -9 70 -10 -6.364 70 -10 -6.364 66.364 -10 -9 69
4 16 -10 -9 69 -10 -6.364 66.364 -10 -13.6361 66.3639 -10 -16.5557 68.3151
3 16 -10 -16.5557 68.3151 -10 -20 69 -10 -9 69
4 16 10 -9 69 10 -6.364 66.364 10 -6.364 70 10 -9 70
4 16 10 -16.5557 68.3151 10 -13.6361 66.3639 10 -6.364 66.364 10 -9 69
3 16 10 -16.5557 68.3151 10 -9 69 10 -20 69
1 16 0 0 80 0 -1 0 1 0 0 0 0 1 p/connhole.dat
1 16 10 0 90 0 -20 0 -1 0 0 0 0 -1 p/npeghol4.dat
1 16 10 0 100 0 -20 0 -1 0 0 0 0 -1 p/axlehol4.dat
1 16 10 -10 60 0 -20 0 0 0 1 -1 0 0 p/npeghol3.dat
1 16 10 -20 60 0 -20 0 0 0 1 -1 0 0 p/axlehol4.dat
1 16 0 20 0 -1 0 0 0 -1 0 0 0 1 p/connhole.dat
1 16 -2 20 8.801 0 1 0 6.364 0 0 0 0 -1.1989 p/rect3.dat
1 16 2 20 8.801 0 -1 0 -6.364 0 0 0 0 -1.1989 p/rect3.dat
1 16 0 26.364 0 -8 0 0 0 -12.7279 0 0 0 8 p/4-4cylo.dat
1 16 -12.572 20 -6 0 0 7.4284 -6.364 0 0 0 -1 0 p/rect.dat
1 16 12.572 20 -6 0 0 7.4284 -6.364 0 0 0 -1 0 p/rect.dat
1 16 0 26.364 0 8 0 0 0 1 0 0 0 8 p/4-4ndis.dat
1 16 0 13.636 0 -8 0 0 0 -1 0 0 0 8 p/4-4ndis.dat
1 16 0 11 0 9 0 0 0 1 0 0 0 9 p/4-4ndis.dat
1 16 0 10 0 9 0 0 0 1 0 0 0 9 p/4-4cylo.dat
1 16 0 29 0 -9 0 0 0 -1 0 0 0 9 p/4-4ndis.dat
1 16 0 30 0 -9 0 0 0 -1 0 0 0 9 p/4-4cylo.dat
1 16 -6.5 -9 84.5 -3.5 0 0 0 1 0 0 0 -15.5 p/rect3.dat
1 16 6.5 -9 84.5 -3.5 0 0 0 1 0 0 0 -15.5 p/rect3.dat
1 16 -6.5 -14.5 69 0 0 -3.5 5.5 0 0 0 -1 0 p/rect2p.dat
1 16 6.5 -14.5 69 0 0 -3.5 5.5 0 0 0 -1 0 p/rect2p.dat
1 16 10 -20 60 0 -1 0 0 0 -3 3 0 0 p/2-4ring2.dat
1 16 -10 -20 60 0 1 0 0 0 -3 -3 0 0 p/2-4ring2.dat
1 16 10 -20 60 0 -1 0 0 0 -9 9 0 0 p/2-4edge.dat
1 16 -10 -20 60 0 -1 0 0 0 -9 9 0 0 p/2-4edge.dat
1 16 0 -26.042 55.577 0 0 5 1.619 0 0 0 1 0 p/rect.dat
1 16 0 -24.423 53.958 -5 0 0 0 1 0 0 0 -1.619 p/rect3.dat
4 16 5 -27.661 55.577 5 -24.423 55.577 5 -24.423 52.339 5 -26.364 53.636
4 16 -5 -26.364 53.636 -5 -24.423 52.339 -5 -24.423 55.577 -5 -27.661 55.577
4 16 -10 -28.3151 56.5557 -5 -27.661 55.577 5 -27.661 55.577 10 -28.3151 56.5557
4 16 5 -27.661 55.577 5 -26.364 53.636 10 -26.3639 53.6361 10 -28.3151 56.5557
4 16 -10 -28.3151 56.5557 -10 -26.3639 53.6361 -5 -26.364 53.636 -5 -27.661 55.577
4 16 5 -26.364 53.636 5 -24.423 52.339 10 -23.4443 51.6849 10 -26.3639 53.6361
4 16 -5 -24.423 52.339 -3 -23.4443 51.6849 3 -23.4443 51.6849 5 -24.423 52.339
3 16 -5 -24.423 52.339 -10 -23.4443 51.6849 -3 -23.4443 51.6849
3 16 3 -23.4443 51.6849 10 -23.4443 51.6849 5 -24.423 52.339
4 16 -10 -26.3639 53.6361 -10 -23.4443 51.6849 -5 -24.423 52.339 -5 -26.364 53.636
1 16 -10 -20 60 0 7 0 0 0 -9 -9 0 0 p/1-16cyli.dat
1 16 10 -20 60 0 -7 0 0 0 -9 -9 0 0 p/1-16cyli.dat
1 16 -3 -20 60 0 -1 0 0 0 -9 -9 0 0 p/1-16edge.dat
1 16 3 -20 60 0 -1 0 0 0 -9 -9 0 0 p/1-16edge.dat
1 16 10 -20 60 0 -20 0 -8.3149 0 -3.4442 3.4442 0 -8.3149 p/1-8cyli.dat
1 16 0 -26.042 64.423 0 0 -5 1.619 0 0 0 -1 0 p/rect.dat
1 16 0 -24.423 66.042 5 0 0 0 1 0 0 0 1.619 p/rect3.dat
4 16 -5 -27.661 64.423 -5 -24.423 64.423 -5 -24.423 67.661 -5 -26.364 66.364
4 16 5 -26.364 66.364 5 -24.423 67.661 5 -24.423 64.423 5 -27.661 64.423
4 16 10 -28.3151 63.4443 5 -27.661 64.423 -5 -27.661 64.423 -10 -28.3151 63.4443
4 16 -5 -27.661 64.423 -5 -26.364 66.364 -10 -26.3639 66.3639 -10 -28.3151 63.4443
4 16 10 -28.3151 63.4443 10 -26.3639 66.3639 5 -26.364 66.364 5 -27.661 64.423
4 16 -5 -26.364 66.364 -5 -24.423 67.661 -10 -23.4443 68.3151 -10 -26.3639 66.3639
4 16 5 -24.423 67.661 3 -23.4443 68.3151 -3 -23.4443 68.3151 -5 -24.423 67.661
3 16 5 -24.423 67.661 10 -23.4443 68.3151 3 -23.4443 68.3151
3 16 -3 -23.4443 68.3151 -10 -23.4443 68.3151 -5 -24.423 67.661
4 16 10 -26.3639 66.3639 10 -23.4443 68.3151 5 -24.423 67.661 5 -26.364 66.364
1 16 -10 -20 60 0 7 0 0 0 -9 9 0 0 p/1-16cyli.dat
1 16 10 -20 60 0 -7 0 0 0 -9 9 0 0 p/1-16cyli.dat
1 16 -3 -20 60 0 1 0 0 0 -9 9 0 0 p/1-16edge.dat
1 16 3 -20 60 0 1 0 0 0 -9 9 0 0 p/1-16edge.dat
1 16 10 0 100 0 -1 0 3 0 0 0 0 3 p/2-4ring2.dat
1 16 -10 0 100 0 1 0 -3 0 0 0 0 3 p/2-4ring2.dat
1 16 10 0 100 0 -1 0 9 0 0 0 0 9 p/2-4edge.dat
1 16 -10 0 100 0 -1 0 9 0 0 0 0 9 p/2-4edge.dat
1 16 0 -4.423 106.042 0 0 5 0 1 0 -1.619 0 0 p/rect.dat
4 16 -5 -4.423 104.423 -3 -6.853 104.423 3 -6.853 104.423 5 -4.423 104.423
4 16 3 -6.853 104.423 3 -7.661 104.423 5 -7.661 104.423 5 -4.423 104.423
4 16 -5 -4.423 104.423 -5 -7.661 104.423 -3 -7.661 104.423 -3 -6.853 104.423
4 16 5 -4.423 107.661 5 -4.423 104.423 5 -7.661 104.423 5 -6.364 106.364
4 16 -5 -6.364 106.364 -5 -7.661 104.423 -5 -4.423 104.423 -5 -4.423 107.661
4 16 -3 -6.853 104.423 -3 -7.682 103.182 3 -7.682 103.182 3 -6.853 104.423
4 16 -10 -3.4443 108.3151 -5 -4.423 107.661 5 -4.423 107.661 10 -3.4443 108.3151
4 16 5 -4.423 107.661 5 -6.364 106.364 10 -6.3639 106.3639 10 -3.4443 108.3151
4 16 -10 -3.4443 108.3151 -10 -6.3639 106.3639 -5 -6.364 106.364 -5 -4.423 107.661
4 16 3 -7.661 104.423 3 -8.3151 103.4443 10 -8.3151 103.4443 5 -7.661 104.423
4 16 5 -6.364 106.364 5 -7.661 104.423 10 -8.3151 103.4443 10 -6.3639 106.3639
4 16 -5 -7.661 104.423 -10 -8.3151 103.4443 -3 -8.3151 103.4443 -3 -7.661 104.423
4 16 -10 -6.3639 106.3639 -10 -8.3151 103.4443 -5 -7.661 104.423 -5 -6.364 106.364
4 16 3 -6.853 104.423 3 -7.682 103.182 3 -8.3151 103.4443 3 -7.661 104.423
4 16 -3 -7.661 104.423 -3 -8.3151 103.4443 -3 -7.682 103.182 -3 -6.853 104.423
1 16 -3 0 100 0 -1 0 -0.75 0 0 0 0 0.75 p/1-16ring11.dat
1 16 3 0 100 0 1 0 -0.75 0 0 0 0 0.75 p/1-16ring11.dat
1 16 -3 0 100 0 1 0 -9 0 0 0 0 9 p/1-16edge.dat
1 16 3 0 100 0 1 0 -9 0 0 0 0 9 p/1-16edge.dat
1 16 -10 0 100 0 7 0 -9 0 0 0 0 9 p/1-16cyli.dat
1 16 10 0 100 0 -7 0 -9 0 0 0 0 9 p/1-16cyli.dat
1 16 3 0 100 0 -6 0 -7.682 0 -3.182 3.182 0 -7.682 p/3-16cylo.dat
1 16 3 0 90 0 -6 0 -5.8795 0 -5.8795 5.8795 0 -5.8795 p/1-4cylo.dat
1 16 3 0 80 0 -6 0 -5.8795 0 -5.8795 5.8795 0 -5.8795 p/3-16cylo.dat
1 16 0 -7.682 72.567 0 0 -3 0 1 0 4.2516 0 0 p/rect.dat
4 16 -3 -7.682 68.3154 -3 -7.682 100 -3 -9 100 -3 -9 69
4 16 3 -9 69 3 -9 100 3 -7.682 100 3 -7.682 68.3154
3 16 -3 -6.467 85 -3 -7.682155 86.81801 -3 -7.682155 83.18199
3 16 3 -6.467 85 3 -7.682155 83.18199 3 -7.682155 86.81801
3 16 -3 -6.467 95 -3 -7.681934 96.81805 -3 -7.682155 93.18199
3 16 3 -6.467 95 3 -7.682155 93.18199 3 -7.681934 96.81805
4 16 -3 -9 69 -3 -20 69 -3 -23.4443 68.3151 -3 -7.682 68.3154
1 16 0 -15.563 68.315 -3 0 0 0 0 -7.8811 0 -1 0 p/rect3.dat
4 16 3 -7.682 68.3154 3 -23.4443 68.3151 3 -20 69 3 -9 69
4 16 3 -7.347583 51 3 -20 51 3 -23.4443 51.6849 3 -8.128717 51.68525
0 BFC INVERTNEXT
1 16 0 -15.395443 51.342445 -3 0 0 0 -0.390567 7.657791 0 0.342625 0.000175 p/box2-7.dat
4 16 -3 -8.128717 51.68525 -3 -23.4443 51.6849 -3 -20 51 -3 -7.347583 51
1 16 10 0 100 0 -20 0 3.4442 0 -8.3149 8.3149 0 3.4442 p/1-8cylo.dat
1 16 0 4.423 106.042 0 0 -5 0 -1 0 -1.619 0 0 p/rect.dat
1 16 0 6.042 104.423 5 0 0 0 0 1.619 0 -1 0 p/rect3.dat
4 16 -5 4.423 107.661 -5 4.423 104.423 -5 7.661 104.423 -5 6.364 106.364
4 16 5 6.364 106.364 5 7.661 104.423 5 4.423 104.423 5 4.423 107.661
4 16 10 3.4443 108.3151 5 4.423 107.661 -5 4.423 107.661 -10 3.4443 108.3151
4 16 -5 4.423 107.661 -5 6.364 106.364 -10 6.3639 106.3639 -10 3.4443 108.3151
4 16 10 3.4443 108.3151 10 6.3639 106.3639 5 6.364 106.364 5 4.423 107.661
4 16 -5 6.364 106.364 -5 7.661 104.423 -10 8.3151 103.4443 -10 6.3639 106.3639
4 16 5 7.661 104.423 10 8.3151 103.4443 -10 8.3151 103.4443 -5 7.661 104.423
4 16 10 6.3639 106.3639 10 8.3151 103.4443 5 7.661 104.423 5 6.364 106.364
1 16 10 0 100 0 -20 0 9 0 0 0 0 9 p/1-16cyli.dat
1 16 10 20 -20 0 10 0 -1 0 0 0 0 1 p/axlehol4.dat
1 16 -10 20 -20 0 -10 0 1 0 0 0 0 1 p/axlehol4.dat
0 BFC INVERTNEXT
1 16 15 20 -14.398 -5 0 0 0 0 4 0 2 0 p/box3u2p.dat
1 16 15 23 -14.398 -5 0 0 0 0 -1 0 -1 0 p/rect3.dat
1 16 15 17 -14.398 5 0 0 0 0 1 0 -1 0 p/rect3.dat
0 BFC INVERTNEXT
1 16 -15 20 -14.398 -5 0 0 0 0 4 0 2 0 p/box3u2p.dat
1 16 -15 23 -14.398 -5 0 0 0 0 -1 0 -1 0 p/rect3.dat
1 16 -15 17 -14.398 5 0 0 0 0 1 0 -1 0 p/rect3.dat
1 16 20 20 -20 0 -1 0 -3 0 0 0 0 -3 p/2-4ring2.dat
1 16 10 20 -20 0 1 0 3 0 0 0 0 -3 p/2-4ring2.dat
1 16 -10 20 -20 0 -1 0 -3 0 0 0 0 -3 p/2-4ring2.dat
1 16 -20 20 -20 0 1 0 3 0 0 0 0 -3 p/2-4ring2.dat
1 16 10 20 -20 0 1 0 9 0 0 0 0 -9 p/2-4edge.dat
1 16 20 20 -20 0 1 0 9 0 0 0 0 -9 p/2-4edge.dat
1 16 15 15.577 -26.042 0 0 -3 0 1 0 1.619 0 0 p/rect.dat
4 16 18 15.577 -24.423 17 13.1476 -24.4235 13 13.1476 -24.4235 12 15.577 -24.423
4 16 13 13.1476 -24.4235 13 12.339 -24.423 12 12.339 -24.423 12 15.577 -24.423
4 16 18 15.577 -24.423 18 12.339 -24.423 17 12.339 -24.423 17 13.1476 -24.4235
4 16 12 15.577 -27.661 12 15.577 -24.423 12 12.339 -24.423 12 13.636 -26.364
4 16 18 13.636 -26.364 18 12.339 -24.423 18 15.577 -24.423 18 15.577 -27.661
1 16 15 12.733 -23.803 -2 0 0 0 1 0.4146 0 0 -0.6205 p/rect3.dat
4 16 20 16.5557 -28.3151 18 15.577 -27.661 12 15.577 -27.661 10 16.5557 -28.3151
4 16 12 15.577 -27.661 12 13.636 -26.364 10 13.6361 -26.3639 10 16.5557 -28.3151
4 16 20 16.5557 -28.3151 20 13.6361 -26.3639 18 13.636 -26.364 18 15.577 -27.661
4 16 13 12.339 -24.423 13 11.6849 -23.4443 10 11.6849 -23.4443 12 12.339 -24.423
4 16 12 13.636 -26.364 12 12.339 -24.423 10 11.6849 -23.4443 10 13.6361 -26.3639
4 16 18 12.339 -24.423 20 11.6849 -23.4443 17 11.6849 -23.4443 17 12.339 -24.423
4 16 20 13.6361 -26.3639 20 11.6849 -23.4443 18 12.339 -24.423 18 13.636 -26.364
4 16 13 13.1476 -24.4235 13 12.3184 -23.1825 13 11.6849 -23.4443 13 12.339 -24.423
4 16 17 12.339 -24.423 17 11.6849 -23.4443 17 12.3184 -23.1825 17 13.1476 -24.4235
1 16 13 20 -20 0 -1 0 -0.75 0 0 0 0 -0.75 p/1-16ring11.dat
1 16 17 20 -20 0 1 0 -0.75 0 0 0 0 -0.75 p/1-16ring11.dat
1 16 13 20 -20 0 -1 0 -9 0 0 0 0 -9 p/1-16edge.dat
1 16 17 20 -20 0 -1 0 -9 0 0 0 0 -9 p/1-16edge.dat
1 16 20 20 -20 0 -3 0 -9 0 0 0 0 -9 p/1-16cyli.dat
1 16 10 20 -20 0 3 0 -9 0 0 0 0 -9 p/1-16cyli.dat
1 16 13 20 -20 0 4 0 -7.682 0 -3.182 -3.182 0 7.682 p/1-8cylo.dat
1 16 15 12.318 -12.409 0 0 -2 0 1 0 4.409 0 0 p/rect.dat
1 16 15 11.659 -8 2 0 0 0 0 -0.659 0 1 0 p/rect3.dat
4 16 13 12.318 -16.818 13 12.318 -8 13 11 -8 13 11.68485 -19.99995
3 16 13 11 -20 13 11.68485 -19.99995 13 11 -8
4 16 17 11 -8 17 12.318 -8 17 12.318 -16.818 17 11.68485 -19.99995
3 16 17 11 -20 17 11 -8 17 11.68485 -19.99995
1 16 15 24.423 -26.042 0 0 3 0 -1 0 1.619 0 0 p/rect.dat
1 16 15 26.042 -24.423 -3 0 0 0 0 1.619 0 1 0 p/rect3.dat
4 16 18 24.423 -27.661 18 24.423 -24.423 18 27.661 -24.423 18 26.364 -26.364
4 16 12 26.364 -26.364 12 27.661 -24.423 12 24.423 -24.423 12 24.423 -27.661
4 16 10 23.4443 -28.3151 12 24.423 -27.661 18 24.423 -27.661 20 23.4443 -28.3151
4 16 18 24.423 -27.661 18 26.364 -26.364 20 26.3639 -26.3639 20 23.4443 -28.3151
4 16 10 23.4443 -28.3151 10 26.3639 -26.3639 12 26.364 -26.364 12 24.423 -27.661
4 16 18 26.364 -26.364 18 27.661 -24.423 20 28.3151 -23.4443 20 26.3639 -26.3639
4 16 12 27.661 -24.423 10 28.3151 -23.4443 20 28.3151 -23.4443 18 27.661 -24.423
4 16 10 26.3639 -26.3639 10 28.3151 -23.4443 12 27.661 -24.423 12 26.364 -26.364
1 16 10 20 -20 0 10 0 9 0 0 0 0 -9 p/1-16cyli.dat
1 16 10 20 -20 0 10 0 3.4442 0 -8.3149 -8.3149 0 -3.4442 p/1-8cylo.dat
1 16 -20 20 -20 0 1 0 9 0 0 0 0 -9 p/2-4edge.dat
1 16 -10 20 -20 0 1 0 9 0 0 0 0 -9 p/2-4edge.dat
1 16 -15 15.577 -26.042 0 0 -3 0 1 0 1.619 0 0 p/rect.dat
4 16 -12 15.577 -24.423 -13 13.1476 -24.4235 -17 13.1476 -24.4235 -18 15.577 -24.423
4 16 -17 13.1476 -24.4235 -17 12.339 -24.423 -18 12.339 -24.423 -18 15.577 -24.423
4 16 -12 15.577 -24.423 -12 12.339 -24.423 -13 12.339 -24.423 -13 13.1476 -24.4235
4 16 -18 15.577 -27.661 -18 15.577 -24.423 -18 12.339 -24.423 -18 13.636 -26.364
4 16 -12 13.636 -26.364 -12 12.339 -24.423 -12 15.577 -24.423 -12 15.577 -27.661
1 16 -15 12.733 -23.803 -2 0 0 0 1 0.4146 0 0 -0.6205 p/rect3.dat
4 16 -10 16.5557 -28.3151 -12 15.577 -27.661 -18 15.577 -27.661 -20 16.5557 -28.3151
4 16 -18 15.577 -27.661 -18 13.636 -26.364 -20 13.6361 -26.3639 -20 16.5557 -28.3151
4 16 -10 16.5557 -28.3151 -10 13.6361 -26.3639 -12 13.636 -26.364 -12 15.577 -27.661
4 16 -17 12.339 -24.423 -17 11.6849 -23.4443 -20 11.6849 -23.4443 -18 12.339 -24.423
4 16 -18 13.636 -26.364 -18 12.339 -24.423 -20 11.6849 -23.4443 -20 13.6361 -26.3639
4 16 -12 12.339 -24.423 -10 11.6849 -23.4443 -13 11.6849 -23.4443 -13 12.339 -24.423
4 16 -10 13.6361 -26.3639 -10 11.6849 -23.4443 -12 12.339 -24.423 -12 13.636 -26.364
4 16 -17 13.1476 -24.4235 -17 12.3184 -23.1825 -17 11.6849 -23.4443 -17 12.339 -24.423
4 16 -13 12.339 -24.423 -13 11.6849 -23.4443 -13 12.3184 -23.1825 -13 13.1476 -24.4235
1 16 -17 20 -20 0 -1 0 -0.75 0 0 0 0 -0.75 p/1-16ring11.dat
1 16 -13 20 -20 0 1 0 -0.75 0 0 0 0 -0.75 p/1-16ring11.dat
1 16 -17 20 -20 0 -1 0 -9 0 0 0 0 -9 p/1-16edge.dat
1 16 -13 20 -20 0 -1 0 -9 0 0 0 0 -9 p/1-16edge.dat
1 16 -10 20 -20 0 -3 0 -9 0 0 0 0 -9 p/1-16cyli.dat
1 16 -20 20 -20 0 3 0 -9 0 0 0 0 -9 p/1-16cyli.dat
1 16 -17 20 -20 0 4 0 -7.682 0 -3.182 -3.182 0 7.682 p/1-8cylo.dat
1 16 -15 12.318 -12.409 0 0 -2 0 1 0 4.409 0 0 p/rect.dat
1 16 -15 11.659 -8 2 0 0 0 0 -0.659 0 1 0 p/rect3.dat
4 16 -17 12.318 -16.818 -17 12.318 -8 -17 11 -8 -17 11.68485 -19.99995
3 16 -17 11 -8 -17 11 -20 -17 11.68485 -19.99995
4 16 -13 11 -8 -13 12.318 -8 -13 12.318 -16.818 -13 11.68485 -19.99995
3 16 -13 11.68485 -19.99995 -13 11 -20 -13 11 -8
1 16 -15 24.423 -26.042 0 0 3 0 -1 0 1.619 0 0 p/rect.dat
1 16 -15 26.042 -24.423 -3 0 0 0 0 1.619 0 1 0 p/rect3.dat
4 16 -12 24.423 -27.661 -12 24.423 -24.423 -12 27.661 -24.423 -12 26.364 -26.364
4 16 -18 26.364 -26.364 -18 27.661 -24.423 -18 24.423 -24.423 -18 24.423 -27.661
4 16 -20 23.4443 -28.3151 -18 24.423 -27.661 -12 24.423 -27.661 -10 23.4443 -28.3151
4 16 -12 24.423 -27.661 -12 26.364 -26.364 -10 26.3639 -26.3639 -10 23.4443 -28.3151
4 16 -20 23.4443 -28.3151 -20 26.3639 -26.3639 -18 26.364 -26.364 -18 24.423 -27.661
4 16 -12 26.364 -26.364 -12 27.661 -24.423 -10 28.3151 -23.4443 -10 26.3639 -26.3639
4 16 -18 27.661 -24.423 -20 28.3151 -23.4443 -10 28.3151 -23.4443 -12 27.661 -24.423
4 16 -20 26.3639 -26.3639 -20 28.3151 -23.4443 -18 27.661 -24.423 -18 26.364 -26.364
1 16 -20 20 -20 0 10 0 9 0 0 0 0 -9 p/1-16cyli.dat
1 16 -20 20 -20 0 10 0 3.4442 0 -8.3149 -8.3149 0 -3.4442 p/1-8cylo.dat
1 16 0 20 -9 0 0 -10 -9 0 0 0 1 0 p/rect.dat
4 16 10 26.3635 10 -10 26.3635 10 -8 26.364 8 8 26.364 8
4 16 8 13.636 8 -8 13.636 8 -10 13.6355 10 10 13.6355 10
4 16 -20 26.364 0 -8 26.364 -6 -8 26.364 8 -10 26.3635 10
3 16 -8 13.636 -6 -20.0004 13.636 -6 -20 13.636 0
3 16 -20.0004 26.364 -6 -8 26.364 -6 -20 26.364 0
4 16 -10 13.6355 10 -8 13.636 8 -8 13.636 -6 -20 13.636 0
4 16 20 13.636 0 8 13.636 -6 8 13.636 8 10 13.6355 10
3 16 8 26.364 -6 20.0004 26.364 -6 20 26.364 0
3 16 20.0004 13.636 -6 8 13.636 -6 20 13.636 0
4 16 10 26.3635 10 8 26.364 8 8 26.364 -6 20 26.364 0
4 16 10 10.9995 10 -10 10.9995 10 -9 11 9 9 11 9
4 16 9 29 9 -9 29 9 -10 28.9995 10 10 28.9995 10
3 16 -9 29 -9 -10 28.9995 10 -9 29 9
4 16 -9 29 -9 -10 29 -9 -20 29 0 -10 28.9995 10
4 16 -10 29 -9 -10 29 -20 -20 29 -20 -20 29 0
3 16 10 28.9995 10 9 29 -9 9 29 9
4 16 10 28.9995 10 20 29 0 10 29 -9 9 29 -9
4 16 20 29 0 20 29 -20 10 29 -20 10 29 -9
3 16 9 11 -9 10 10.9995 10 9 11 9
4 16 9 11 -9 10 11 -9 20 11 0 10 10.9995 10
4 16 17 11 -8 17 11 -20 20 11 -20 20 11 0
3 16 13 11 -8 17 11 -8 20 11 0
3 16 10 11 -9 13 11 -8 20 11 0
4 16 13 11 -20 13 11 -8 10 11 -9 10 11 -20
3 16 -10 10.9995 10 -9 11 -9 -9 11 9
4 16 -10 10.9995 10 -20 11 0 -10 11 -9 -9 11 -9
4 16 -20 11 0 -20 11 -20 -17 11 -20 -17 11 -8
3 16 -17 11 -8 -13 11 -8 -20 11 0
3 16 -13 11 -8 -10 11 -9 -20 11 0
4 16 -10 11 -20 -10 11 -9 -13 11 -8 -13 11 -20
4 16 -10 24 -12.398 -10 29 -9 -10 11 -9 -10 16 -12.398
3 16 -10 14 -20 -10 14.457 -17.704 -10 14 -14.398
3 16 -10 14.457 -17.704 -10 15.75722 -15.75728 -10 14 -14.398
3 16 -10 15.75722 -15.75728 -10 17.704 -14.457 -10 14 -14.398
3 16 -10 17.704 -14.457 -10 18 -14.398 -10 14 -14.398
4 16 -10 14 -14.398 -10 11 -9 -10 11 -20 -10 14 -20
4 16 -10 16 -14.398 -10 16 -12.398 -10 11 -9 -10 14 -14.398
3 16 -10 25.543 -17.704 -10 26 -20 -10 26 -14.398
3 16 -10 24.24272 -15.75722 -10 25.543 -17.704 -10 26 -14.398
3 16 -10 22.296 -14.457 -10 24.24272 -15.75722 -10 26 -14.398
3 16 -10 22 -14.398 -10 22.296 -14.457 -10 26 -14.398
4 16 -10 26 -20 -10 29 -20 -10 29 -9 -10 26 -14.398
4 16 -10 26 -14.398 -10 29 -9 -10 24 -12.398 -10 24 -14.398
4 16 10 16 -12.398 10 11 -9 10 29 -9 10 24 -12.398
3 16 10 26 -20 10 25.543 -17.704 10 26 -14.398
3 16 10 25.543 -17.704 10 24.24278 -15.75728 10 26 -14.398
3 16 10 24.24278 -15.75728 10 22.296 -14.457 10 26 -14.398
3 16 10 22.296 -14.457 10 22 -14.398 10 26 -14.398
4 16 10 26 -14.398 10 29 -9 10 29 -20 10 26 -20
4 16 10 24 -14.398 10 24 -12.398 10 29 -9 10 26 -14.398
3 16 10 14.457 -17.704 10 14 -20 10 14 -14.398
3 16 10 15.75728 -15.75722 10 14.457 -17.704 10 14 -14.398
3 16 10 17.704 -14.457 10 15.75728 -15.75722 10 14 -14.398
3 16 10 18 -14.398 10 17.704 -14.457 10 14 -14.398
4 16 10 14 -20 10 11 -20 10 11 -9 10 14 -14.398
4 16 10 14 -14.398 10 11 -9 10 16 -12.398 10 16 -14.398
3 16 -20 14.457 -17.704 -20 14 -20 -20 14 -14.398
3 16 -20 15.75728 -15.75722 -20 14.457 -17.704 -20 14 -14.398
3 16 -20 17.704 -14.457 -20 15.75728 -15.75722 -20 14 -14.398
3 16 -20 18 -14.398 -20 17.704 -14.457 -20 14 -14.398
3 16 -20 26 -20 -20 25.543 -17.704 -20 26 -14.398
3 16 -20 25.543 -17.704 -20 24.24278 -15.75728 -20 26 -14.398
3 16 -20 24.24278 -15.75728 -20 22.296 -14.457 -20 26 -14.398
3 16 -20 22.296 -14.457 -20 22 -14.398 -20 26 -14.398
4 16 -20.0004 26.364 -6 -20 24 -12.398 -20 16 -12.398 -20.0004 13.636 -6
4 16 -20 26.364 0 -20 29 0 -20 29 -20 -20.0004 26.364 -6
4 16 -20 29 -20 -20 26 -20 -20 26 -14.398 -20.0004 26.364 -6
4 16 -20 26 -14.398 -20 24 -14.398 -20 24 -12.398 -20.0004 26.364 -6
4 16 -20.0004 13.636 -6 -20 11 -20 -20 11 0 -20 13.636 0
4 16 -20.0004 13.636 -6 -20 14 -14.398 -20 14 -20 -20 11 -20
4 16 -20.0004 13.636 -6 -20 16 -12.398 -20 16 -14.398 -20 14 -14.398
3 16 20 25.543 -17.704 20 26 -20 20 26 -14.398
3 16 20 24.24272 -15.75722 20 25.543 -17.704 20 26 -14.398
3 16 20 22.296 -14.457 20 24.24272 -15.75722 20 26 -14.398
3 16 20 22 -14.398 20 22.296 -14.457 20 26 -14.398
3 16 20 14 -20 20 14.457 -17.704 20 14 -14.398
3 16 20 14.457 -17.704 20 15.75722 -15.75728 20 14 -14.398
3 16 20 15.75722 -15.75728 20 17.704 -14.457 20 14 -14.398
3 16 20 17.704 -14.457 20 18 -14.398 20 14 -14.398
4 16 20.0004 13.636 -6 20 16 -12.398 20 24 -12.398 20.0004 26.364 -6
4 16 20 13.636 0 20 11 0 20 11 -20 20.0004 13.636 -6
4 16 20 11 -20 20 14 -20 20 14 -14.398 20.0004 13.636 -6
4 16 20 14 -14.398 20 16 -14.398 20 16 -12.398 20.0004 13.636 -6
4 16 20.0004 26.364 -6 20 29 -20 20 29 0 20 26.364 0
4 16 20.0004 26.364 -6 20 26 -14.398 20 26 -20 20 29 -20
4 16 20.0004 26.364 -6 20 24 -12.398 20 24 -14.398 20 26 -14.398
0 BFC INVERTNEXT
1 16 -10 -44.325 10 0 20 0 55.3245 0 0 0 0 55.3245 p/48/1-8cyli.dat
1 16 -10 -44.325 10 0 1 0 55.3245 0 0 0 0 55.3245 p/48/1-8edge.dat
1 16 10 -44.325 10 0 1 0 55.3245 0 0 0 0 55.3245 p/48/1-8edge.dat
1 16 -10 -44.325 10 0 8 0 57.9605 0 0 0 0 57.9605 p/48/1-8cyli.dat
1 16 10 -44.325 10 0 -8 0 57.9605 0 0 0 0 57.9605 p/48/1-8cyli.dat
1 16 -10 -44.325 10 0 1 0 57.9605 0 0 0 0 57.9605 p/48/1-8edge.dat
1 16 -2 -44.325 10 0 1 0 57.9605 0 0 0 0 57.9605 p/48/1-8edge.dat
1 16 2 -44.325 10 0 1 0 57.9605 0 0 0 0 57.9605 p/48/1-8edge.dat
1 16 10 -44.325 10 0 1 0 57.9605 0 0 0 0 57.9605 p/48/1-8edge.dat
0 BFC INVERTNEXT
1 16 -10 -44.325 10 0 8 0 70.6885 0 0 0 0 70.6885 p/48/5-48cyli.dat
0 BFC INVERTNEXT
1 16 10 -44.325 10 0 -8 0 70.6885 0 0 0 0 70.6885 p/48/5-48cyli.dat
1 16 -10 -44.325 10 0 1 0 70.6885 0 0 0 0 70.6885 p/48/5-48edge.dat
1 16 -2 -44.325 10 0 1 0 70.6885 0 0 0 0 70.6885 p/48/5-48edge.dat
1 16 2 -44.325 10 0 1 0 70.6885 0 0 0 0 70.6885 p/48/5-48edge.dat
1 16 10 -44.325 10 0 1 0 70.6885 0 0 0 0 70.6885 p/48/5-48edge.dat
1 16 -10 -44.325 10 0 20 0 73.3245 0 0 0 0 73.3245 p/48/5-48cyli.dat
1 16 -10 -44.325 10 0 1 0 73.3245 0 0 0 0 73.3245 p/48/5-48edge.dat
1 16 10 -44.325 10 0 1 0 73.3245 0 0 0 0 73.3245 p/48/5-48edge.dat
4 16 -10 10.52371 17.21985 -10 13.13704 17.56385 -10 13.6355 10 -10 10.9995 10
4 16 -10 9.112935 24.31798 -10 11.65905 25.00018 -10 13.13704 17.56385 -10 10.52371 17.21985
4 16 -10 6.789306 31.17269 -10 9.224706 32.18148 -10 11.65905 25.00018 -10 9.112935 24.31798
4 16 -10 3.586017 37.66225 -10 5.868793 38.98025 -10 9.224706 32.18148 -10 6.789306 31.17269
4 16 -10 -0.4305417 43.68156 -10 1.660861 45.28635 -10 5.868793 38.98025 -10 3.586017 37.66225
4 16 -10 -5.205046 49.11995 -10 -3.3402 50.984 -10 1.660861 45.28635 -10 -0.4305417 43.68156
4 16 10 10.9995 10 10 13.6355 10 10 13.13704 17.56385 10 10.52371 17.21985
4 16 10 10.52371 17.21985 10 13.13704 17.56385 10 11.65905 25.00018 10 9.112935 24.31798
4 16 10 9.112935 24.31798 10 11.65905 25.00018 10 9.224706 32.18148 10 6.789306 31.17269
4 16 10 6.789306 31.17269 10 9.224706 32.18148 10 5.868793 38.98025 10 3.586017 37.66225
4 16 10 3.586017 37.66225 10 5.868793 38.98025 10 1.660861 45.28635 10 -0.4305417 43.68156
4 16 10 -0.4305417 43.68156 10 1.660861 45.28635 10 -3.3401 50.984 10 -5.205046 49.11995
4 16 -2 25.75558 19.22485 -2 26.364 9.9999 -2 13.636 9.9999 -2 13.13704 17.56385
4 16 -2 23.95302 28.29418 -2 25.75558 19.22485 -2 13.13704 17.56385 -2 11.65905 25.00018
4 16 -2 20.98411 37.05249 -2 23.95302 28.29418 -2 11.65905 25.00018 -2 9.224706 32.18148
4 16 -2 16.89124 45.34425 -2 20.98411 37.05249 -2 9.224706 32.18148 -2 5.868793 38.98025
4 16 -2 11.7575 53.0331 -2 16.89124 45.34425 -2 5.868793 38.98025 -2 1.660861 45.28635
4 16 2 13.13704 17.56385 2 13.636 9.9999 2 26.364 9.9999 2 25.75558 19.22485
4 16 2 11.65905 25.00018 2 13.13704 17.56385 2 25.75558 19.22485 2 23.95302 28.29418
4 16 2 9.224706 32.18148 2 11.65905 25.00018 2 23.95302 28.29418 2 20.98411 37.05249
4 16 2 5.868793 38.98025 2 9.224706 32.18148 2 20.98411 37.05249 2 16.89124 45.34425
4 16 2 1.660861 45.28635 2 5.868793 38.98025 2 16.89124 45.34425 2 11.7576 53.0332
4 16 -10 25.75558 19.22485 -10 28.36891 19.56885 -10 28.9995 10 -10 26.3635 10
4 16 -10 23.95302 28.29418 -10 26.49913 28.97638 -10 28.36891 19.56885 -10 25.75558 19.22485
4 16 -10 20.98411 37.05249 -10 23.41951 38.06129 -10 26.49913 28.97638 -10 23.95302 28.29418
4 16 -10 16.89124 45.34425 -10 19.17402 46.66225 -10 23.41951 38.06129 -10 20.98411 37.05249
4 16 -10 11.7575 53.0331 -10 13.85066 54.63996 -10 19.17402 46.66225 -10 16.89124 45.34425
4 16 10 26.3635 10 10 28.9995 10 10 28.36891 19.56885 10 25.75558 19.22485
4 16 10 25.75558 19.22485 10 28.36891 19.56885 10 26.49913 28.97638 10 23.95302 28.29418
4 16 10 23.95302 28.29418 10 26.49913 28.97638 10 23.41951 38.06129 10 20.98411 37.05249
4 16 10 20.98411 37.05249 10 23.41951 38.06129 10 19.17402 46.66225 10 16.89124 45.34425
4 16 10 16.89124 45.34425 10 19.17402 46.66225 10 13.85066 54.63996 10 11.7576 53.0332
1 16 -15 27.682 5 -5 1 0 0 0 1.318 -5 0 0 p/rect.dat
1 16 15 27.682 5 5 -1 0 0 0 -1.318 -5 0 0 p/rect.dat
1 16 15 12.318 5 5 -1 0 0 0 -1.318 -5 0 0 p/rect.dat
1 16 -15 12.318 5 -5 1 0 0 0 1.318 -5 0 0 p/rect.dat
1 16 0 -6.276429 50.05998 0 0 10 1.071383 0 0 -0.940025 1 0 p/rect2p.dat
1 16 -6 -4.852 52.31 4 0 0 0 0 -1.5118 0 -1 1.326 p/rect3.dat
1 16 6 -4.852 52.31 4 0 0 0 0 -1.5119 0 -1 1.326 p/rect3.dat
1 16 -6 10.069 54.958 -4 0 0 0 1 -1.6885 0 0 1.9249 p/rect3.dat
1 16 6 10.069 54.958 -4 0 0 0 1 -1.6886 0 0 1.9248 p/rect3.dat
1 16 0 11.42533 57.40223 -10 0 0 0 -1 -2.42533 0 0 2.76227 p/rect3.dat
1 16 -10 0 60 0 8 0 -6.364 0 6.364 -6.364 0 -6.364 p/5-16cylo.dat
1 16 10 0 60 0 -8 0 -6.364 0 6.364 -6.364 0 -6.364 p/5-16cylo.dat
1 16 -6 8.347 56.719 0 0 -4 0.0325 -1 0 0.1634 0 0 p/rect2p.dat
1 16 6 8.347 56.719 0 0 -4 0.0325 -1 0 0.1634 0 0 p/rect2p.dat
1 16 -2 0 60 0 1 0 -6.364 0 6.364 -6.364 0 -6.364 p/1-4ndis.dat
1 16 2 0 60 0 -1 0 -6.364 0 6.364 -6.364 0 -6.364 p/1-4ndis.dat
3 16 -2 0 47.272 -2 1.660861 45.28635 -2 -0.689 47.961
4 16 -2 0 47.272 -2 6.364 53.636 -2 11.7575 53.0331 -2 1.660861 45.28635
3 16 -2 11.7575 53.0331 -2 6.364 53.636 -2 8.3145 56.5556
3 16 -2 11.7575 53.0331 -2 8.3145 56.5556 -2 8.3805 56.8829
3 16 2 0 47.272 2 -0.689 47.961 2 1.660861 45.28635
4 16 2 1.660861 45.28635 2 11.7576 53.0332 2 6.364 53.636 2 0 47.272
3 16 2 11.7576 53.0332 2 8.3145 56.5556 2 6.364 53.636
3 16 2 11.7576 53.0332 2 8.3795 56.8824 2 8.3145 56.5556
4 16 -10 -5.205046 49.11995 -10 -7.347812 51 -10 -6.3638 53.636 -10 -3.3402 50.984
4 16 10 -3.3401 50.984 10 -6.3639 53.636 10 -7.347812 51 10 -5.205046 49.11995
4 16 -10 8.3805 56.8829 -10 9 60 -10 13.85066 54.63996 -10 11.7575 53.0331
3 16 -10 13.85066 54.63996 -10 9 60 -10 9 60.1645
4 16 10 11.7576 53.0332 10 13.85066 54.63996 10 9 60 10 8.3804 56.8828
3 16 10 13.85066 54.63996 10 9 60.1645 10 9 60
1 16 -6.5 -13.67385 51 -3.5 0 0 0 0 6.326094 0 1 0 p/rect3.dat
1 16 6.5 -13.67385 51 -3.5 0 0 0 0 6.326094 0 1 0 p/rect3.dat
1 16 0 9 80 0 0 -10 0 -1 0 20 0 0 p/rect2p.dat
4 16 10 -16.55582 51.68485 10 -7.347812 51 10 -6.3639 53.636 10 -13.63604 53.63604
3 16 10 -7.347812 51 10 -16.55582 51.68485 10 -20 51
4 16 -10 -13.63604 53.63604 -10 -6.3638 53.636 -10 -7.347812 51 -10 -16.55582 51.68485
3 16 -10 -7.347812 51 -10 -20 51 -10 -16.55582 51.68485
0 BFC INVERTNEXT
1 16 2 19.803 13.001 0 3 0 -0.0981 0 1.4968 1.4968 0 0.0981 p/4-4cylo.dat
1 16 2 19.803 13.001 0 3 0 -0.1962 0 2.9936 2.9936 0 0.1962 p/4-4cylo.dat
1 16 5 19.803 13.001 0 -1 0 -1.4968 0 -0.0981 -0.0981 0 1.4968 p/4-4ring1.dat
1 16 2 19.673 14.986 0 0 2 -1.9957 -0.1831 0 -0.1308 2.794 0 p/2-4cyli.dat
1 16 2 19.303 19.135 0 0 2.5 2.4786 0.1305 0 0.3263 -0.9914 0 p/2-4disc.dat
1 16 2 19.499 17.648 0 0 2.5 -2.4786 -0.1305 0 -0.3263 0.9914 0 p/2-4disc.dat
1 16 2 19.499 17.648 0 0 2 -2 0 0 -0.2617 1 0 p/2-4edge.dat
1 16 2 19.303 19.134 0 0 2 -2 0 0 -0.2617 1 0 p/2-4edge.dat
1 16 2 19.499 17.648 0 0 2.5 -2.4786 -0.1958 0 -0.3263 1.4872 0 p/2-4cylo.dat
1 16 2 19.328 19.007 0 0 2 -1.9616 -1.0007 0 -0.3902 5.0306 0 p/2-4cyli.dat
1 16 2 18.327 24.037 0 0 2 1.9616 0.1951 0 0.3902 -0.9808 0 p/2-4disc.dat
1 16 2 18.327 24.037 0 0 2 -1.9616 -0.1951 0 -0.3902 0.9808 0 p/2-4edge.dat
1 16 2 18.327 24.037 0 0 1.4968 -1.468 -0.1951 0 -0.292 0.9808 0 p/2-4edge.dat
1 16 2 18.327 24.037 0 0 1.4968 -1.468 -0.5067 0 -0.292 2.5473 0 p/2-4cyli.dat
1 16 2 17.808 26.648 0 0 1.5 -1.4489 -0.0212 0 -0.3882 0.079 0 p/2-4cyls.dat
1 16 2 17.808 26.648 0 0 1.5 -1.4489 0.0212 0 -0.3882 -0.079 0 p/2-4cyls.dat
1 16 2 17.787 26.71 0 0 1.4968 -1.4174 -2.6626 0 -0.4811 7.8436 0 p/2-4cyli.dat
1 16 2 15.104 34.616 0 0 1.5 -1.3858 -0.0313 0 -0.574 0.0755 0 p/2-4cyls.dat
1 16 2 15.104 34.616 0 0 1.5 -1.3858 0.0313 0 -0.574 -0.0755 0 p/2-4cyls.dat
1 16 2 15.075 34.675 0 0 1.4968 -1.3424 -3.6636 0 -0.662 7.429 0 p/2-4cyli.dat
1 16 2 11.382 42.162 0 0 1.5 -1.299 -0.0409 0 -0.75 0.0708 0 p/2-4cyls.dat
1 16 2 11.382 42.162 0 0 1.5 -1.299 0.0409 0 -0.75 -0.0708 0 p/2-4cyls.dat
1 16 2 11.346 42.217 0 0 1.4968 -1.2445 -0.9092 0 -0.8316 1.3608 0 p/2-4cyli.dat
1 16 2 18.62 22.566 0 0 2.5 2.452 0.1951 0 0.4877 -0.9808 0 p/2-4disc.dat
1 16 2 18.913 21.095 0 0 2.5 -2.452 -0.1951 0 -0.4877 0.9808 0 p/2-4disc.dat
1 16 2 18.913 21.095 0 0 2 -1.9616 -0.1951 0 -0.3902 0.9808 0 p/2-4edge.dat
1 16 2 18.62 22.566 0 0 2 -1.9616 -0.1951 0 -0.3902 0.9808 0 p/2-4edge.dat
1 16 2 18.913 21.095 0 0 2.5 -2.452 -0.2926 0 -0.4877 1.4712 0 p/2-4cylo.dat
0 BFC INVERTNEXT
1 16 2 7.936 47.319 0 3 0 -0.8334 0 1.2472 1.2472 0 0.8334 p/4-4cylo.dat
1 16 2 7.936 47.319 0 3 0 -1.6667 0 2.4944 2.4944 0 1.6667 p/4-4cylo.dat
1 16 5 7.936 47.319 0 -1 0 -1.2472 0 -0.8334 -0.8334 0 1.2472 p/4-4ring1.dat
1 16 2 10.437 43.578 0 0 2 -1.6629 -1.2778 0 -1.1111 1.9124 0 p/2-4cyli.dat
1 16 2 10.437 43.578 0 0 2 -1.6629 -0.5556 0 -1.1111 0.8315 0 p/2-4disc.dat
1 16 2 10.437 43.578 0 0 2 -1.6629 -0.5556 0 -1.1111 0.8315 0 p/2-4edge.dat
1 16 2 10.437 43.578 0 0 1.4968 -1.2445 -0.5556 0 -0.8316 0.8315 0 p/2-4edge.dat
0 BFC INVERTNEXT
1 16 -2 19.803 13.001 0 -3 0 -0.0981 0 1.4968 1.4968 0 0.0981 p/4-4cylo.dat
1 16 -2 19.803 13.001 0 -3 0 -0.1962 0 2.9936 2.9936 0 0.1962 p/4-4cylo.dat
1 16 -5 19.803 13.001 0 1 0 -1.4968 0 -0.0981 -0.0981 0 1.4968 p/4-4ring1.dat
1 16 -2 19.673 14.986 0 0 -2 -1.9957 -0.1831 0 -0.1308 2.794 0 p/2-4cyli.dat
1 16 -2 19.303 19.135 0 0 -2.5 2.4786 0.1305 0 0.3263 -0.9914 0 p/2-4disc.dat
1 16 -2 19.499 17.648 0 0 -2.5 -2.4786 -0.1305 0 -0.3263 0.9914 0 p/2-4disc.dat
1 16 -2 19.499 17.648 0 0 -2 -2 0 0 -0.2617 1 0 p/2-4edge.dat
1 16 -2 19.303 19.134 0 0 -2 -2 0 0 -0.2617 1 0 p/2-4edge.dat
1 16 -2 19.499 17.648 0 0 -2.5 -2.4786 -0.1958 0 -0.3263 1.4872 0 p/2-4cylo.dat
1 16 -2 19.328 19.007 0 0 -2 -1.9616 -1.0007 0 -0.3902 5.0306 0 p/2-4cyli.dat
1 16 -2 18.327 24.037 0 0 -2 1.9616 0.1951 0 0.3902 -0.9808 0 p/2-4disc.dat
1 16 -2 18.327 24.037 0 0 -2 -1.9616 -0.1951 0 -0.3902 0.9808 0 p/2-4edge.dat
1 16 -2 18.327 24.037 0 0 -1.4968 -1.468 -0.1951 0 -0.292 0.9808 0 p/2-4edge.dat
1 16 -2 18.327 24.037 0 0 -1.4968 -1.468 -0.5067 0 -0.292 2.5473 0 p/2-4cyli.dat
1 16 -2 17.808 26.648 0 0 -1.5 -1.4489 -0.0212 0 -0.3882 0.079 0 p/2-4cyls.dat
1 16 -2 17.808 26.648 0 0 -1.5 -1.4489 0.0212 0 -0.3882 -0.079 0 p/2-4cyls.dat
1 16 -2 17.787 26.71 0 0 -1.4968 -1.4174 -2.6626 0 -0.4811 7.8436 0 p/2-4cyli.dat
1 16 -2 15.104 34.616 0 0 -1.5 -1.3858 -0.0313 0 -0.574 0.0755 0 p/2-4cyls.dat
1 16 -2 15.104 34.616 0 0 -1.5 -1.3858 0.0313 0 -0.574 -0.0755 0 p/2-4cyls.dat
1 16 -2 15.075 34.675 0 0 -1.4968 -1.3424 -3.6636 0 -0.662 7.429 0 p/2-4cyli.dat
1 16 -2 11.382 42.162 0 0 -1.5 -1.299 -0.0409 0 -0.75 0.0708 0 p/2-4cyls.dat
1 16 -2 11.382 42.162 0 0 -1.5 -1.299 0.0409 0 -0.75 -0.0708 0 p/2-4cyls.dat
1 16 -2 11.346 42.217 0 0 -1.4968 -1.2445 -0.9092 0 -0.8316 1.3608 0 p/2-4cyli.dat
1 16 -2 18.62 22.566 0 0 -2.5 2.452 0.1951 0 0.4877 -0.9808 0 p/2-4disc.dat
1 16 -2 18.913 21.095 0 0 -2.5 -2.452 -0.1951 0 -0.4877 0.9808 0 p/2-4disc.dat
1 16 -2 18.913 21.095 0 0 -2 -1.9616 -0.1951 0 -0.3902 0.9808 0 p/2-4edge.dat
1 16 -2 18.62 22.566 0 0 -2 -1.9616 -0.1951 0 -0.3902 0.9808 0 p/2-4edge.dat
1 16 -2 18.913 21.095 0 0 -2.5 -2.452 -0.2926 0 -0.4877 1.4712 0 p/2-4cylo.dat
0 BFC INVERTNEXT
1 16 -2 7.936 47.319 0 -3 0 -0.8334 0 1.2472 1.2472 0 0.8334 p/4-4cylo.dat
1 16 -2 7.936 47.319 0 -3 0 -1.6667 0 2.4944 2.4944 0 1.6667 p/4-4cylo.dat
1 16 -5 7.936 47.319 0 1 0 -1.2472 0 -0.8334 -0.8334 0 1.2472 p/4-4ring1.dat
1 16 -2 10.437 43.578 0 0 -2 -1.6629 -1.2778 0 -1.1111 1.9124 0 p/2-4cyli.dat
1 16 -2 10.437 43.578 0 0 -2 -1.6629 -0.5556 0 -1.1111 0.8315 0 p/2-4disc.dat
1 16 -2 10.437 43.578 0 0 -2 -1.6629 -0.5556 0 -1.1111 0.8315 0 p/2-4edge.dat
1 16 -2 10.437 43.578 0 0 -1.4968 -1.2445 -0.5556 0 -0.8316 0.8315 0 p/2-4edge.dat
