0 BFC CERTIFY CCW
1 16 0 0 0 1 0 0 0 1 0 0 0 1 parts/s/44139s01.dat
1 16 0 0 0 -1 0 0 0 1 0 0 0 1 parts/s/44139s01.dat
1 16 0 0 0 0 12 0 0 0 12 12 0 0 p/8-8sphe.dat
4 16 5.2208 -2.7789 9.5 5.2208 -2.7789 31 -5.2208 -2.7789 31 -5.2208 -2.7789 9.5
4 16 5.2208 -2.7789 31 8 -2.7789 36.5 -8 -2.7789 36.5 -5.2208 -2.7789 31
3 16 25 20.85 31 0 6 31 -25 20.85 31
1 16 0 23.425 31 0 0 25 2.575 0 0 0 1 0 p/rect2p.dat
4 16 10 30 31 25 26 31 -25 26 31 -10 30 31
4 16 -8 -2.7789 36.5 8 -2.7789 36.5 9.5675 -2.2475 36.5 -9.5675 -2.2475 36.5
4 16 9.5675 -2.2475 36.5 6 2 36.5 -6 2 36.5 -9.5675 -2.2475 36.5
4 16 -6 2 36.5 6 2 36.5 6.5 8 36.5 -6.5 8 36.5
4 16 -6.5 8 36.5 6.5 8 36.5 5.5 26 36.5 -5.5 26 36.5
0 BFC INVERTNEXT
1 16 0 26 42 0 0 -5.5 0 4 0 5.5 0 0 p/box5-4a.dat
3 16 5.5 26 48.5 0 26 54 -5.56 26 48.5
4 16 5.5 26 47.5 5.5 26 48.5 -5.56 26 48.5 -5.5 26 47.5
3 16 -10 26 69.5 0 26 66 10 26 69.5
0 BFC INVERTNEXT
1 16 0 30 60 0 0 6 0 -4 0 6 0 0 p/4-4cylo.dat
1 16 0 26 60 0 0 6 0 1 0 6 0 0 p/4-4ndis.dat
1 16 0 30 60 0 0 6 0 -1 0 6 0 0 p/4-4ndis.dat
3 16 10 30 49 -10 30 49 0 30 54
3 16 10 30 69.5 0 30 66 -10 30 69.5
1 16 0 40 40 0 1 0 0 0 1 1 0 0 p/connhole.dat
1 16 -10 40 40 0 20 0 0 0 9 9 0 0 p/2-4cylo.dat
1 16 10 40 40 0 -1 0 0 0 -9 9 0 0 p/2-4ndis.dat
1 16 -10 40 40 0 1 0 0 0 -9 9 0 0 p/2-4ndis.dat
1 16 0 35.5 31 0 0 10 4.5 0 0 0 1 0 p/rect2p.dat
1 16 0 35.5 49 0 0 -10 4.5 0 0 0 -1 0 p/rect2p.dat
1 16 0 30 40 0 0 -10 0 1 0 9 0 0 p/box4o8a.dat
1 16 0 30 40 10 0 0 0 1 0 0 0 9 p/recte3.dat
0 BFC INVERTNEXT
1 16 10 100 69.5 0 -20 0 -70 0 0 0 0 70 p/48/1-8cyli.dat
1 16 10 100 69.5 0 -20 0 -74 0 0 0 0 74 p/48/5-48cyli.dat
1 16 0 50.503 120.4112 10 0 0 0 -1 0 0 0 -1.4142 p/rect3.dat
1 16 0 46.43305 121.8254 -10 0 0 0 0 -4.06995 0 -1 0 p/rect.dat
4 16 14 39.7016 118.7938 10 42.3631 121.8254 -10 42.3631 121.8254 -14 39.7016 118.7938
1 16 0 39.7016 117.2813 14 0 0 0 1 0 0 0 1.5125 p/rect2p.dat
4 16 -14 39.7016 115.7688 -10 41.2884 114.5512 10 41.2884 114.5512 14 39.7016 115.7688
