0 BFC CERTIFY CCW
1 16 0 0 0 1 0 0 0 1 0 0 0 1 s\44148s01.dat
1 16 0 0 0 -1 0 0 0 1 0 0 0 1 s\44148s01.dat
1 16 0 -8 39 -2.5 0 0 0 1 0 0 0 -2.5 4-4edge.dat
0 BFC INVERTNEXT
1 16 0 -8 39 -2.5 0 0 0 2 0 0 0 -2.5 4-4cyli.dat
1 16 0 -8 39 -6 0 0 0 1 0 0 0 -6 4-4edge.dat
1 16 0 -8 39 -2.5 0 0 0 1 0 0 0 -2.5 4-4ring1.dat
1 16 0 -8 39 -1 0 0 0 1 0 0 0 -1 4-4ring5.dat
1 16 0 -8 39 -6 0 0 0 2 0 0 0 -6 4-4cyli.dat
1 16 0 -8 39 -9 0 0 0 1 0 0 0 -9 2-4edge.dat
1 16 0 -8 39 -9 0 0 0 1 0 0 0 -9 2-4ndis.dat
1 16 0 -6 39 -9 0 0 0 1 0 0 0 -9 2-4disc.dat
0 BFC INVERTNEXT
1 16 0 -8 39 -9 0 0 0 2 0 0 0 -9 2-4cyli.dat
1 16 0 -6 39 -9 0 0 0 1 0 0 0 -9 2-4edge.dat
4 16 -9 -6 39 -9 -6 76 -9 -8 76 -9 -8 39
4 16 -9 -6 76 -7 -6 76 -7 -8 76 -9 -8 76
4 16 7 -6 76 9 -6 76 9 -8 76 7 -8 76
4 16 9 -8 39 9 -8 76 9 -6 76 9 -6 39
1 16 0 -6 39 -6 0 0 0 1 0 0 0 -6 4-4edge.dat
1 16 0 -6 39 -2.5 0 0 0 1 0 0 0 -2.5 4-4edge.dat
1 16 -4 -6 56 -1.8 0 0 0 0 -1.8 0 -1 0 1-4edge.dat
1 16 -4 -6 56 -1.8 0 0 0 0 -1.8 0 -1 0 1-4disc.dat
1 16 -4 -6 56 -1.8 0 0 0 0 -1.8 0 -17 0 1-4cyli.dat
1 16 4 -6 56 1.8 0 0 0 0 -1.8 0 1 0 1-4edge.dat
0 BFC INVERTNEXT
1 16 4 -6 56 1.8 0 0 0 0 -1.8 0 1 0 1-4disc.dat
1 16 4 -6 56 1.8 0 0 0 0 -1.8 0 -17 0 1-4cyli.dat
4 16 4 -6 56 -4 -6 56 -4 -7.8 56 4 -7.8 56
4 16 4 -7.8 56 -4 -7.8 56 -4 -7.8 42 4 -7.8 42
4 16 9 -6 76 0 -6 73 0 -6 39 9 -6 39
3 16 7 -6 76 0 -6 73 9 -6 76
3 16 -9 -6 76 0 -6 73 -7 -6 76
4 16 0 -6 73 -9 -6 76 -9 -6 39 0 -6 39
1 16 -2 -6 56 -1.7 0 0 0 0 -1.7 0 -1 0 1-4edge.dat
1 16 -2 -6 56 -1.7 0 0 0 0 -1.7 0 17 0 1-4cyli.dat
1 16 2 -6 56 1.7 0 0 0 0 -1.7 0 1 0 1-4edge.dat
1 16 2 -6 56 1.7 0 0 0 0 -1.7 0 17 0 1-4cyli.dat
4 16 2 -7.7 73 -2 -7.7 73 -2 -7.7 56 2 -7.7 56
1 16 0 0 0 12.81 0 0 0 12.81 0 0 0 12.81 8-8sphe.dat
1 16 0 0 0 0 0 1 -1 0 0 0 -1 0 axlesphe.dat
1 16 0 0 12.8 0 0 -1 -1 0 0 0 7.2 0 axlehol8.dat
1 16 0 0 20 0 0 1 -1 0 0 0 -1 0 axlehol2.dat
1 16 0 0 20 0 0 1 -1 0 0 0 -1 0 axlehol9.dat
1 16 0 -4 80 -9 0 0 0 -1 0 0 0 9 4-4ndis.dat
1 16 0 -8 80 9 0 0 0 1 0 0 0 9 2-4ndis.dat
1 16 0 -8 80 8.31492 0 3.44415 0 1 0 -3.44415 0 8.31492 5-8edge.dat
1 16 0 -20 80 -9 0 0 0 -1 0 0 0 9 4-4edge.dat
1 16 0 -20 80 9 0 0 0 14 0 0 0 9 4-4cyli.dat
0 BFC INVERTNEXT
1 16 0 -18 80 6 0 0 0 16 0 0 0 6 4-4cyli.dat
1 16 0 -20 80 1 0 0 0 1 0 0 0 1 peghole.dat
1 16 0 -20 80 1 0 0 0 1 0 0 0 1 4-4ring8.dat
1 16 0 -4 80 -9 0 0 0 -1 0 0 0 9 4-4edge.dat
1 16 0 0 80 -1 0 0 0 -1 0 0 0 1 peghole.dat
1 16 0 0 80 -1 0 0 0 -1 0 0 0 1 4-4ring8.dat
1 16 0 0 80 -9 0 0 0 -1 0 0 0 9 4-4edge.dat
1 16 0 0 80 -9 0 0 0 -4 0 0 0 9 4-4cyli.dat
