0 BFC CERTIFY CCW
1 16 0 0 0 13 0 0 0 -6 0 0 0 20 p/4-4cylo.dat
1 16 0 -7 0 12.48 0 0 0 -20 0 0 0 19.2 p/4-4cyli.dat
1 16 0 -7 0 12.48 0 0 0 -1 0 0 0 19.2 p/4-4edge.dat
1 16 0 -6 0 0.52 0 0 0 -1 0 0 0 0.8 p/4-4con24.dat
1 16 0 -35 0 8.91429 0 0 0 3 0 0 0 8.91429 p/4-4cylc.dat
1 16 0 -39 0 4 0 0 0 4 0 0 0 4 p/4-4cylc.dat
1 16 0 -27 0 8.91429 0 0 0 -12.5 0 0 0 13.7143 p/t01o4000.dat
1 16 0 -32 0 8.91429 0 0 0 1 0 0 0 13.7143 p/4-4disc.dat
0 BFC INVERTNEXT
1 16 0 0 0 9.4 0 0 0 -28 0 0 0 16.4 p/4-4cylo.dat
1 16 0 -28 0 9.4 0 0 0 -1 0 0 0 16.4 p/4-4disc.dat
4 16 12.0107 0 -7.654 8.6847 0 -6.2763 9.4 0 0 13 0 0
4 16 9.1923 0 -14.142 6.6467 0 -11.5964 8.6847 0 -6.2763 12.0107 0 -7.654
4 16 4.9751 0 -18.478 3.5974 0 -15.152 6.6467 0 -11.5964 9.1923 0 -14.142
4 16 3.5974 0 -15.152 4.9751 0 -18.478 0 0 -20 0 0 -16.4
4 16 9.4 0 0 8.6847 0 6.2763 12.0107 0 7.654 13 0 0
4 16 8.6847 0 6.2763 6.6467 0 11.5964 9.1923 0 14.142 12.0107 0 7.654
4 16 6.6467 0 11.5964 3.5974 0 15.152 4.9751 0 18.478 9.1923 0 14.142
4 16 0 0 20 4.9751 0 18.478 3.5974 0 15.152 0 0 16.4
4 16 -9.4 0 0 -8.6847 0 -6.2763 -12.0107 0 -7.654 -13 0 0
4 16 -8.6847 0 -6.2763 -6.6467 0 -11.5964 -9.1923 0 -14.142 -12.0107 0 -7.654
4 16 -6.6467 0 -11.5964 -3.5974 0 -15.152 -4.9751 0 -18.478 -9.1923 0 -14.142
4 16 0 0 -20 -4.9751 0 -18.478 -3.5974 0 -15.152 0 0 -16.4
4 16 -12.0107 0 7.654 -8.6847 0 6.2763 -9.4 0 0 -13 0 0
4 16 -9.1923 0 14.142 -6.6467 0 11.5964 -8.6847 0 6.2763 -12.0107 0 7.654
4 16 -4.9751 0 18.478 -3.5974 0 15.152 -6.6467 0 11.5964 -9.1923 0 14.142
4 16 -3.5974 0 15.152 -4.9751 0 18.478 0 0 20 0 0 16.4
1 16 0 -32.2 28 4 0 0 0 18 0 0 0 4 p/4-4cylo.dat
1 16 0 -32.2 28 5 0 0 0 -2 0 0 0 5 p/4-4cylc.dat
1 16 0 -34.2 28 5 0 0 0 1 0 0 0 5 p/4-4disc.dat
1 16 0 -12.2 28 5 0 0 0 -2 0 0 0 5 p/4-4cylc.dat
1 16 0 -14.2 28 5 0 0 0 1 0 0 0 5 p/4-4disc.dat
1 16 0 -10 17.9 4 0 0 0 0 -4 0 10.1 0 p/4-4cyli.dat
1 16 0 -10 19.2 0 0 4 4 0 0 0 1 -1.2237 p/2-4edge.dat
1 16 0 -10 19.2 0 0 -4 4 0 0 0 1 -1.2237 p/2-4edge.dat
1 16 0 -12.2 28 4 0 0 0 2.2 0 0 0 4 p/4-4cyli.dat
1 16 0 -10 28 4 0 0 0 4 0 0 0 4 p/4-8sphe.dat
1 16 0 -10 28 4 0 0 0 0 -4 0 1 -4 p/1-8edge.dat
1 16 0 -10 28 -4 0 0 0 0 -4 0 1 -4 p/1-8edge.dat
1 16 0 -12.2 28 2.82843 0 2.82843 0 -1 0 -2.82843 0 2.82843 p/3-4edge.dat
1 16 0 -31.9122 12.0243 4 0 0 0 -6.61733 -3.69552 0 15.9756 -1.53073 p/4-4cyli.dat
1 16 0 -30.4364 8.4616 4 0 0 0 -1.47573 -3.69552 0 3.56273 -1.53073 p/2-4cyli.dat
1 16 0 -38.5295 28 0 0 4 3.6955 0 0 0 -1.5307 0 p/1-4cyls2.dat
1 16 0 -38.5295 28 0 0 -4 3.6955 0 0 0 -1.5307 0 p/1-4cyls2.dat
1 16 0 -38.5295 28 4 0 0 0 0 -3.6955 0 4 0 p/2-8sphe.dat
1 16 0 -38.5295 28 4 0 0 0 4.3295 0 0 0 4 p/4-4cyli.dat
1 16 0 -34.2 28 2.82842 0 2.82843 0 1 0 -2.82843 0 2.82842 p/3-4edge.dat
1 16 0 -38.5295 28 4 0 0 0 1 6 0 0 -4 p/1-8edge.dat
1 16 0 -38.5295 28 -4 0 0 0 1 6 0 0 -4 p/1-8edge.dat
1 16 0 -43.7966 -30.5255 4 0 0 0 14.8492 -2.82843 0 14.8492 2.82843 p/4-4cyli.dat
1 16 0 -43.7966 -30.5255 4 0 0 0 1 -2.82843 0 0 2.82843 p/4-4edge.dat
1 16 0 -43.7966 -30.5255 5 0 0 0 -1.41421 -3.53553 0 -1.41421 3.53553 p/4-4cylc.dat
1 16 0 -45.2108 -31.9397 5 0 0 0 1 -3.53553 0 0 3.53553 p/4-4disc.dat
1 16 0 -45.2108 -31.9397 4 0 0 0 1 -2.82843 0 0 2.82843 p/4-4edge.dat
1 16 0 -41.4395 -35.7109 0 -5.33333 0 -3.77124 0 -3.77124 3.77124 0 -3.77124 p/t08q7500.dat
1 16 0 -46.773 -35.711 1 0 0 0 -1.12 1 0 -16 0 p/4-4con3.dat
1 16 0 -47.893 -51.711 1 0 0 0 -0.28 1 0 -4 0 p/4-4con3.dat
1 16 0 -47.893 -51.711 4 0 0 0 0 4 0 -1 0 p/4-4edge.dat
1 16 0 -47.893 -51.711 4 0 0 0 0 4 0 -1 0 p/4-4disc.dat
1 16 0 -47.893 -51.711 3 0 0 0 0 3 0 -1 0 p/4-4edge.dat
1 16 0 -48.173 -55.711 3 0 0 0 0 3 0 -1 0 p/4-4edge.dat
1 16 0 -48.173 -55.711 3 0 0 0 0 3 0 1 0 p/4-4disc.dat
