0 BFC CERTIFY CCW
1 16 0 0 0 1 0 0 0 1 0 0 0 1 parts/s/44556s02.dat
1 16 0 0 0 0.866 -0.5 0 0.5 0.866 0 0 0 1 parts/s/44556s02.dat
1 16 0 0 0 0.5 -0.866 0 0.866 0.5 0 0 0 1 parts/s/44556s02.dat
1 16 0 0 0 0 -1 0 1 0 0 0 0 1 parts/s/44556s02.dat
1 16 0 0 0 -0.5 -0.866 0 0.866 -0.5 0 0 0 1 parts/s/44556s02.dat
1 16 0 0 0 -0.866 -0.5 0 0.5 -0.866 0 0 0 1 parts/s/44556s02.dat
1 16 0 0 0 -1 0 0 0 -1 0 0 0 1 parts/s/44556s02.dat
1 16 0 0 0 -0.866 0.5 0 -0.5 -0.866 0 0 0 1 parts/s/44556s02.dat
1 16 0 0 0 -0.5 0.866 0 -0.866 -0.5 0 0 0 1 parts/s/44556s02.dat
1 16 0 0 0 0 1 0 -1 0 0 0 0 1 parts/s/44556s02.dat
1 16 0 0 0 0.5 0.866 0 -0.866 0.5 0 0 0 1 parts/s/44556s02.dat
1 16 0 0 0 0.866 0.5 0 -0.5 0.866 0 0 0 1 parts/s/44556s02.dat
