0 BFC CERTIFY CCW
4 16 -40 104 -40 -36 104 -36 36 104 -36 40 104 -40
4 16 -36 104 16 -36.5 104 20 36.5 104 20 36 104 16
1 16 0 92 -20 1 0 0 0 -3 0 0 0 1 p/stug4-1x3.dat
1 16 0 88 0 1 0 0 0 -4 0 0 0 1 p/stud4od.dat
1 16 0 104 0 8 0 0 0 -12 0 0 0 8 p/4-4cylo.dat
0 BFC INVERTNEXT
1 16 0 92 -10 0 0 -36 0 12 0 26 0 0 p/box4.dat
1 16 0 92 0 8 0 0 0 -1 0 0 0 8 p/4-4ndis.dat
3 16 36 92 -36 -36 92 -36 0 92 -8
3 16 0 92 8 -36 92 16 36 92 16
1 16 0 96 -40 -40 0 0 0 0 8 0 1 0 p/rect2p.dat
1 16 0 98 20 36.5 0 0 0 0 6 0 -1 0 p/rect3.dat
1 16 0 88 0 6 0 0 0 1 0 0 0 6 p/4-4ndis.dat
3 16 -40 88 20 0 88 6 40 88 20
3 16 40 88 -40 0 88 -6 -40 88 -40
1 16 0 88 10 0 0 1 0 1 0 -1 0 0 p/stug-4x1.dat
1 16 0 88 -10 0 0 1 0 1 0 -1 0 0 p/stug-4x1.dat
1 16 0 88 -30 0 0 1 0 1 0 -1 0 0 p/stug-4x1.dat
4 16 36.5 104 36 -36.5 104 36 -40 104 40 40 104 40
1 16 0 104 28 -36.5 0 0 0 -1 0 0 0 8 p/recte3.dat
1 16 0 64 22 36.5 0 0 0 0 28 0 2 0 p/box2-5.dat
0 BFC INVERTNEXT
1 16 0 70 30 36.5 0 0 0 0 -34 0 6 0 p/box2-7.dat
1 16 0 98 28 1 0 0 0 -1 0 0 0 8 p/rect.dat
1 16 0 0 0 1 0 0 0 1 0 0 0 1 parts/s/44665s01.dat
1 16 0 0 0 -1 0 0 0 1 0 0 0 1 parts/s/44665s01.dat
0 BFC INVERTNEXT
1 16 0 60 -40 0 0 -40 -28 0 0 0 60 0 p/box3u2p.dat
4 16 -60 32 40 -40 32 20 40 32 20 60 32 40
4 16 -60 32 40 60 32 40 40 104 40 -40 104 40
1 16 0 32 0 -60 0 0 0 -1 0 0 0 40 p/recte3.dat
1 16 -50 32 0 0 0 1 0 1 0 -1 0 0 p/stug-1x4.dat
1 16 50 32 0 0 0 1 0 1 0 -1 0 0 p/stug-1x4.dat
1 16 0 32 30 0 0 1 0 1 0 -1 0 0 p/stug-4x1.dat
1 16 -70 8 -30 0 0 1 0 1 0 -1 0 0 p/stud.dat
1 16 -70 8 30 0 0 1 0 1 0 -1 0 0 p/stud.dat
1 16 70 8 -30 0 0 1 0 1 0 -1 0 0 p/stud.dat
1 16 70 8 30 0 0 1 0 1 0 -1 0 0 p/stud.dat
