0 BFC CERTIFY CCW
1 16 5 4 -5.5 0 0 1.5 0 20 0 -0.5 0 0 p/box3u6.dat
1 16 5 14 -5 0 -0.75 0.75 10 0 0 0 0.75 0.75 p/box2-5.dat
1 16 0 14 -6 0 0 -3.5 10 0 0 0 -1 0 p/rect1.dat
1 16 -5 4 -5.5 0 0 1.5 0 20 0 -0.5 0 0 p/box3u6.dat
1 16 -5 14 -5 0 -0.75 0.75 10 0 0 0 0.75 0.75 p/box2-5.dat
1 16 -5 4 5.5 0 0 -1.5 0 20 0 0.5 0 0 p/box3u6.dat
1 16 -5 14 5 0 0.75 -0.75 10 0 0 0 -0.75 -0.75 p/box2-5.dat
1 16 0 14 6 0 0 3.5 10 0 0 0 1 0 p/rect1.dat
1 16 5 4 5.5 0 0 -1.5 0 20 0 0.5 0 0 p/box3u6.dat
1 16 5 14 5 0 0.75 -0.75 10 0 0 0 -0.75 -0.75 p/box2-5.dat
0 BFC INVERTNEXT
1 16 6.5 14 0 0 9.5 0 -10 0 0 0 0 6 p/box3u4a.dat
0 BFC INVERTNEXT
1 16 -6.5 14 0 0 -9.5 0 -10 0 0 0 0 -6 p/box3u4a.dat
4 16 -16 4 6 16 4 6 16 4 -6 -16 4 -6
3 16 20 24 10 16 24 6 6.5 24 6
3 16 20 24 10 6.5 24 6 3.5 24 6
4 16 20 24 10 3.5 24 6 -3.5 24 6 -20 24 10
3 16 -3.5 24 6 -6.5 24 6 -20 24 10
3 16 -6.5 24 6 -16 24 6 -20 24 10
4 16 -20 24 10 -16 24 6 -16 24 -6 -20 24 -10
3 16 -20 24 -10 -16 24 -6 -6.5 24 -6
3 16 -20 24 -10 -6.5 24 -6 -3.5 24 -6
4 16 -20 24 -10 -3.5 24 -6 3.5 24 -6 20 24 -10
3 16 3.5 24 -6 6.5 24 -6 20 24 -10
3 16 6.5 24 -6 16 24 -6 20 24 -10
4 16 20 24 -10 16 24 -6 16 24 6 20 24 10
3 16 -6.5 24 -5 -5 24 -3.5 -3.5 24 -5
3 16 -3.5 24 5 -5 24 3.5 -6.5 24 5
3 16 3.5 24 -5 5 24 -3.5 6.5 24 -5
3 16 6.5 24 5 5 24 3.5 3.5 24 5
1 16 0 24 0 20 0 0 0 -24 0 0 0 10 p/box5.dat
1 16 0 0 0 0 0 -1 0 1 0 1 0 0 p/stug-2x1.dat
1 16 0 10 -10 4 0 0 0 0 4 0 -1 0 p/4-4edge.dat
1 16 0 10 -10 8 0 0 0 0 8 0 -1 0 p/4-4edge.dat
1 16 0 10 -10 0 0 1 1 0 0 0 1 0 p/connect.dat
