0 BFC CERTIFY CCW
1 16 0 0 0 1 0 0 0 1 0 0 0 1 p/clikitshole.dat
0 BFC INVERTNEXT
1 16 0 3 0 6.5 0 0 0 4 0 0 0 6.5 p/4-4cyli.dat
1 16 0 0 0 6.5 0 0 0 1 0 0 0 6.5 p/4-4edge.dat
1 16 0 0 0 0.5 0 0 0 1 0 0 0 0.5 p/4-4rin13.dat
1 16 0 0 0 1 0 0 0 1 0 0 0 1 p/4-4ring7.dat
1 16 0 0 0 0.5 0 0 0 1 0 0 0 0.5 p/4-4rin16.dat
1 16 0 0 0 8.5 0 0 0 1 0 0 0 8.5 p/4-4cylo.dat
1 16 0 1 0 4.25 0 0 0 1 0 0 0 4.25 p/4-4ring2.dat
1 16 0 1 0 0.25 0 0 0 1 0 0 0 0.25 p/4-4rin51.dat
1 16 0 1 0 1 0 0 0 1 0 0 0 1 p/4-4rin13.dat
1 16 0 4 0 14 0 0 0 -21 0 0 0 14 p/t04o1429.dat
1 16 0 4 0 0 0 14 0 -21 0 -14 0 0 p/t04o1429.dat
1 16 0 4 0 -14 0 0 0 -21 0 0 0 -14 p/t04o1429.dat
1 16 0 4 0 0 0 -14 0 -21 0 14 0 0 p/t04o1429.dat
1 16 0 4 0 16 0 0 0 1 0 0 0 16 p/4-4edge.dat
1 16 0 4 0 0.5 0 0 0 -1 0 0 0 0.5 p/4-4rin17.dat
1 16 0 4 0 3 0 0 0 -1 0 0 0 3 p/4-4ring3.dat
1 16 0 4 0 4 0 0 0 -1 0 0 0 4 p/4-4ring3.dat
1 16 0 10 0 8.5 0 0 0 -6 0 0 0 8.5 p/4-4cylo.dat
1 16 0 10 0 0.5 0 0 0 -1 0 0 0 0.5 p/4-4rin13.dat
1 16 0 10 0 1 0 0 0 -1 0 0 0 1 p/4-4ring7.dat
1 16 0 10 0 0.5 0 0 0 -1 0 0 0 0.5 p/4-4rin16.dat
1 16 0 10 0 6.5 0 0 0 1 0 0 0 6.5 p/4-4edge.dat
1 16 0 10 0 0 0 1 0 -1 0 -1 0 0 p/clikitshole.dat
