0 BFC CERTIFY CCW
1 16 -4 0 0 0 -3.5 0 0 0 -1.5 1.5 0 0 p/stud3a.dat
1 16 -4 0 0 0 -1 0 -4.24264 0 -4.24264 4.24264 0 -4.24264 p/1-4edge.dat
1 16 -4 0 0 0 -1 0 4.24264 0 4.24264 -4.24264 0 4.24264 p/1-4edge.dat
1 16 0 0 0 0 -1 0 -4.24264 0 4.24264 -4.24264 0 -4.24264 p/1-4edge.dat
1 16 0 0 0 0 -1 0 4.24264 0 -4.24264 4.24264 0 4.24264 p/1-4edge.dat
1 16 0 0 20 0 -1 0 9 0 0 0 0 9 p/2-4edge.dat
1 16 0 0 20 0 -1 0 9 0 0 0 0 9 p/2-4cyli.dat
1 16 0 0 20 0 -1 0 -9 0 0 0 0 -9 p/2-4ndis.dat
1 16 0 0 20 0 -1 0 1 0 0 0 0 1 p/4-4ring8.dat
1 16 0 0 -20 0 -1 0 -9 0 0 0 0 -9 p/2-4edge.dat
1 16 0 0 -20 0 -1 0 -9 0 0 0 0 -9 p/2-4cyli.dat
1 16 0 0 -20 0 -1 0 9 0 0 0 0 9 p/2-4ndis.dat
1 16 0 0 -20 0 -1 0 -1 0 0 0 0 -1 p/4-4ring8.dat
1 16 0 0 20 0 -1 0 0 0 -8 8 0 0 p/4-4edge.dat
1 16 0 0 20 0 2 0 0 0 -2 -2 0 0 p/4-4con3.dat
1 16 2 0 20 0 -1 0 0 0 -6 6 0 0 p/4-4edge.dat
1 16 2 0 20 0 -1 0 0 0 -2 2 0 0 p/ring2.dat
1 16 0 0 -20 0 -1 0 0 0 -8 8 0 0 p/4-4edge.dat
1 16 0 0 -20 0 2 0 0 0 -2 -2 0 0 p/4-4con3.dat
1 16 2 0 -20 0 -1 0 0 0 -6 6 0 0 p/4-4edge.dat
1 16 2 0 -20 0 -1 0 0 0 -2 2 0 0 p/ring2.dat
4 16 0 -4.242 11 0 -4.242 4.242 0 4.242 4.242 0 4.242 11
4 16 0 4.242 -11 0 4.242 -4.242 0 -4.242 -4.242 0 -4.242 -11
4 16 -4 -4.242 11 -4 -4.242 4.242 0 -4.242 4.242 0 -4.242 11
4 16 0 4.242 11 0 4.242 4.242 -4 4.242 4.242 -4 4.242 11
4 16 -4 4.242 -11 -4 4.242 -4.242 0 4.242 -4.242 0 4.242 -11
4 16 0 -4.242 -11 0 -4.242 -4.242 -4 -4.242 -4.242 -4 -4.242 -11
4 16 -4 9 -11 -4 9 11 -4 4.242 11 -4 4.242 -11
4 16 -4 -9 11 -4 -9 -11 -4 -4.242 -11 -4 -4.242 11
4 16 -4 4.242 11 -4 9 11 0 9 11 0 4.242 11
4 16 0 -4.242 11 0 -9 11 -4 -9 11 -4 -4.242 11
4 16 -4 -4.242 -11 -4 -9 -11 0 -9 -11 0 -4.242 -11
4 16 0 4.242 -11 0 9 -11 -4 9 -11 -4 4.242 -11
4 16 -4 -9 11 0 -9 11 0 -9 20 -4 -9 20
4 16 0 9 11 -4 9 11 -4 9 20 0 9 20
4 16 -4 9 -11 0 9 -11 0 9 -20 -4 9 -20
4 16 0 -9 -11 -4 -9 -11 -4 -9 -20 0 -9 -20
1 16 -1 0 20 0 -3 0 0 0 -9 9 0 0 p/1-4cyls.dat
1 16 -1 0 20 0 -3 0 0 0 9 9 0 0 p/1-4cyls.dat
1 16 -1 0 -20 0 -3 0 0 0 9 -9 0 0 p/1-4cyls.dat
1 16 -1 0 -20 0 -3 0 0 0 -9 -9 0 0 p/1-4cyls.dat
1 16 -4 0 20 0 -1 3 9 0 0 0 0 9 p/2-4edge.dat
1 16 -4 0 -20 0 -1 3 -9 0 0 0 0 -9 p/2-4edge.dat
1 16 -4 0 20 0 -3 1 3 0 0 0 0 3 p/2-4con2.dat
1 16 -4 0 -20 0 -3 1 -3 0 0 0 0 -3 p/2-4con2.dat
1 16 -7 0 20 0 -1 2 6 0 0 0 0 6 p/2-4edge.dat
1 16 -7 0 -20 0 -1 2 -6 0 0 0 0 -6 p/2-4edge.dat
1 16 -7 0 20 0 1 2 6 0 0 0 0 6 p/2-4disc.dat
1 16 -7 0 -20 0 1 2 -6 0 0 0 0 -6 p/2-4disc.dat
4 16 -9.25 -6 10 -9.25 6 10 -10 6 0 -10 -6 0
4 16 -9.25 6 -10 -9.25 -6 -10 -10 -6 0 -10 6 0
4 16 -9.25 -6 10 -7 -6 20 -7 6 20 -9.25 6 10
4 16 -9.25 6 -10 -7 6 -20 -7 -6 -20 -9.25 -6 -10
4 16 -6.25 9 10 -7 9 0 -10 6 0 -9.25 6 10
4 16 -7 -9 0 -6.25 -9 10 -9.25 -6 10 -10 -6 0
4 16 -6.25 -9 -10 -7 -9 0 -10 -6 0 -9.25 -6 -10
4 16 -7 9 0 -6.25 9 -10 -9.25 6 -10 -10 6 0
4 16 -4 9 20 -6.25 9 10 -9.25 6 10 -7 6 20
4 16 -6.25 -9 10 -4 -9 20 -7 -6 20 -9.25 -6 10
4 16 -4 -9 -20 -6.25 -9 -10 -9.25 -6 -10 -7 -6 -20
4 16 -6.25 9 -10 -4 9 -20 -7 6 -20 -9.25 6 -10
3 16 -7 9 0 -6.25 9 10 -6.25 9 -10
3 16 -7 -9 0 -6.25 -9 -10 -6.25 -9 10
4 16 -6.25 9 10 -4 9 20 -4 9 -20 -6.25 9 -10
4 16 -6.25 -9 -10 -4 -9 -20 -4 -9 20 -6.25 -9 10
1 16 56 0 20 0 3 0 0 0 4 4 0 0 p/4-8sphe.dat
1 16 56 0 20 0 -1 0 0 0 4 4 0 0 p/4-4edge.dat
1 16 2 0 20 0 50 0 2.2961 0 -5.54328 5.54328 0 2.2961 p/1-8cyli.dat
1 16 2 0 20 0 8 0 -5.54328 0 -2.2961 2.2961 0 -5.54328 p/1-8cyli.dat
1 16 32 0 20 0 20 0 -5.54328 0 -2.2961 2.2961 0 -5.54328 p/1-8cyli.dat
1 16 2 0 20 0 8 0 5.54328 0 2.2961 -2.2961 0 5.54328 p/1-8cyli.dat
1 16 32 0 20 0 20 0 5.54328 0 2.2961 -2.2961 0 5.54328 p/1-8cyli.dat
1 16 2 0 20 0 50 0 -2.2961 0 5.54328 -5.54328 0 -2.2961 p/1-8cyli.dat
4 16 52 2.828 25.189 56 2.828 22.828 2 2.828 22.828 2 2.828 25.189
4 16 56 -2.828 22.828 52 -2.828 25.189 2 -2.828 25.189 2 -2.828 22.828
4 16 52 -5.189 22.828 56 -2.828 22.828 2 -2.828 22.828 2 -5.189 22.828
4 16 56 -2.828 17.172 52 -5.189 17.172 2 -5.189 17.172 2 -2.828 17.172
4 16 52 -2.828 14.811 56 -2.828 17.172 2 -2.828 17.172 2 -2.828 14.811
4 16 56 2.828 17.172 52 2.828 14.811 2 2.828 14.811 2 2.828 17.172
4 16 52 5.189 17.172 56 2.828 17.172 2 2.828 17.172 2 5.189 17.172
4 16 56 2.828 22.828 52 5.189 22.828 2 5.189 22.828 2 2.828 22.828
1 16 52 0 20 0 -1 0 2.2961 0 -5.54328 5.54328 0 2.2961 p/1-8edge.dat
1 16 52 0 20 0 -1 0 -5.54328 0 -2.2961 2.2961 0 -5.54328 p/1-8edge.dat
1 16 52 0 20 0 -1 0 -2.2961 0 5.54328 -5.54328 0 -2.2961 p/1-8edge.dat
1 16 52 0 20 0 -1 0 5.54328 0 2.2961 -2.2961 0 5.54328 p/1-8edge.dat
4 16 2 -2.298 25.544 2 -2.828 25.189 52 -2.828 25.189 52 -2.298 25.544
4 16 52 2.298 25.544 52 2.828 25.189 2 2.828 25.189 2 2.298 25.544
4 16 2 -5.544 17.702 2 -5.189 17.172 52 -5.189 17.172 52 -5.544 17.702
4 16 52 -5.544 22.298 52 -5.189 22.828 2 -5.189 22.828 2 -5.544 22.298
4 16 2 2.298 14.456 2 2.828 14.811 52 2.828 14.811 52 2.298 14.456
4 16 52 -2.298 14.456 52 -2.828 14.811 2 -2.828 14.811 2 -2.298 14.456
4 16 2 5.544 22.298 2 5.189 22.828 52 5.189 22.828 52 5.544 22.298
4 16 52 5.544 17.702 52 5.189 17.172 2 5.189 17.172 2 5.544 17.702
4 16 56 -1.532 23.696 52 -2.296 25.543 52 -2.828 25.189 56 -2.828 22.828
4 16 56 0 24 52 0 26 52 -2.296 25.543 56 -1.532 23.696
4 16 56 1.532 23.696 52 2.296 25.543 52 0 26 56 0 24
4 16 56 2.828 22.828 52 2.828 25.189 52 2.296 25.543 56 1.532 23.696
4 16 56 -3.696 18.468 52 -5.543 17.704 52 -5.189 17.172 56 -2.828 17.172
4 16 56 -4 20 52 -6 20 52 -5.543 17.704 56 -3.696 18.468
4 16 56 -3.696 21.532 52 -5.543 22.296 52 -6 20 56 -4 20
4 16 56 -2.828 22.828 52 -5.189 22.828 52 -5.543 22.296 56 -3.696 21.532
4 16 56 1.532 16.304 52 2.296 14.457 52 2.828 14.811 56 2.828 17.172
4 16 56 0 16 52 0 14 52 2.296 14.457 56 1.532 16.304
4 16 56 -1.532 16.304 52 -2.296 14.457 52 0 14 56 0 16
4 16 56 -2.828 17.172 52 -2.828 14.811 52 -2.296 14.457 56 -1.532 16.304
4 16 56 3.696 21.532 52 5.543 22.296 52 5.189 22.828 56 2.828 22.828
4 16 56 4 20 52 6 20 52 5.543 22.296 56 3.696 21.532
4 16 56 3.696 18.468 52 5.543 17.704 52 6 20 56 4 20
4 16 56 2.828 17.172 52 5.189 17.172 52 5.543 17.704 56 3.696 18.468
1 16 12 -6 20 0 0 -2 0.397 1 0 2 0 0 p/1-4edge.dat
0 BFC INVERTNEXT
1 16 12 -5.603 20 0 0 -2 0 -0.397 0 2 0 0 p/1-4cyls.dat
1 16 12 -6 20 0 0 -2 0.397 1 0 2 0 0 p/1-4ndis.dat
1 16 30 -6 20 2 0 0 0 1 0.397 0 0 2 p/1-4edge.dat
0 BFC INVERTNEXT
1 16 30 -5.603 20 0 0 2 0 -0.397 0 2 0 0 p/1-4cyls.dat
1 16 30 -6 20 2 0 0 0 1 0.397 0 0 2 p/1-4ndis.dat
4 16 10 -5.603 22 32 -5.603 22 32 -5.544 22.298 10 -5.544 22.298
1 16 30 -6 20 0 0 2 0.397 1 0 -2 0 0 p/1-4edge.dat
0 BFC INVERTNEXT
1 16 30 -5.603 20 0 0 2 0 -0.397 0 -2 0 0 p/1-4cyls.dat
1 16 30 -6 20 0 0 2 0.397 1 0 -2 0 0 p/1-4ndis.dat
1 16 12 -6 20 -2 0 0 0 1 0.397 0 0 -2 p/1-4edge.dat
0 BFC INVERTNEXT
1 16 12 -5.603 20 0 0 -2 0 -0.397 0 -2 0 0 p/1-4cyls.dat
1 16 12 -6 20 -2 0 0 0 1 0.397 0 0 -2 p/1-4ndis.dat
4 16 32 -5.603 18 10 -5.603 18 10 -5.544 17.702 32 -5.544 17.702
1 16 12 6 20 0 0 -2 -0.397 -1 0 -2 0 0 p/1-4edge.dat
0 BFC INVERTNEXT
1 16 12 5.603 20 0 0 -2 0 0.397 0 -2 0 0 p/1-4cyls.dat
1 16 12 6 20 0 0 -2 -0.397 -1 0 -2 0 0 p/1-4ndis.dat
1 16 30 6 20 2 0 0 0 -1 -0.397 0 0 -2 p/1-4edge.dat
0 BFC INVERTNEXT
1 16 30 5.603 20 0 0 2 0 0.397 0 -2 0 0 p/1-4cyls.dat
1 16 30 6 20 2 0 0 0 -1 -0.397 0 0 -2 p/1-4ndis.dat
4 16 10 5.603 18 32 5.603 18 32 5.544 17.702 10 5.544 17.702
1 16 30 6 20 0 0 2 -0.397 -1 0 2 0 0 p/1-4edge.dat
0 BFC INVERTNEXT
1 16 30 5.603 20 0 0 2 0 0.397 0 2 0 0 p/1-4cyls.dat
1 16 30 6 20 0 0 2 -0.397 -1 0 2 0 0 p/1-4ndis.dat
1 16 12 6 20 -2 0 0 0 -1 -0.397 0 0 2 p/1-4edge.dat
0 BFC INVERTNEXT
1 16 12 5.603 20 0 0 -2 0 0.397 0 2 0 0 p/1-4cyls.dat
1 16 12 6 20 -2 0 0 0 -1 -0.397 0 0 2 p/1-4ndis.dat
4 16 32 5.603 22 10 5.603 22 10 5.544 22.298 32 5.544 22.298
0 BFC INVERTNEXT
1 16 12 -5.603 20 0 0 -2 0 11.206 0 2 0 0 p/2-4cyli.dat
0 BFC INVERTNEXT
1 16 30 -5.603 20 0 0 2 0 11.206 0 -2 0 0 p/2-4cyli.dat
4 16 30 -5.603 22 12 -5.603 22 12 5.603 22 30 5.603 22
4 16 12 -5.603 18 30 -5.603 18 30 5.603 18 12 5.603 18
1 16 18 0 20 0 -1 0 -2.2961 0 5.54328 -5.54328 0 -2.2961 p/1-8edge.dat
1 16 22 0 20 0 -1 0 -2.2961 0 5.54328 -5.54328 0 -2.2961 p/1-8edge.dat
1 16 20 -2.828 15.811 2 0 -2 0 1 0 -1 0 -1 p/1-4edge.dat
1 16 20 -2.828 15.811 2 0 -2 0 1 0 -1 0 -1 p/1-4chrd.dat
1 16 20 2.828 15.811 2 0 -2 0 1 0 -1 0 -1 p/1-4edge.dat
1 16 20 2.828 15.811 2 0 -2 0 -1 0 -1 0 -1 p/1-4chrd.dat
4 16 18.916 -2.828 14.504 18 -2.828 14.811 18 -2.298 14.456 18.916 -2.298 14.149
4 16 20 -2.828 14.397 18.916 -2.828 14.504 18.916 -2.298 14.149 20 -2.298 14.042
4 16 21.084 -2.828 14.504 20 -2.828 14.397 20 -2.298 14.042 21.084 -2.298 14.149
4 16 22 -2.828 14.811 21.084 -2.828 14.504 21.084 -2.298 14.149 22 -2.298 14.456
4 16 18.916 -2.298 14.149 18 -2.298 14.456 18 0 14 18.916 0 13.693
4 16 20 -2.298 14.042 18.916 -2.298 14.149 18.916 0 13.693 20 0 13.586
4 16 21.084 -2.298 14.149 20 -2.298 14.042 20 0 13.586 21.084 0 13.693
4 16 22 -2.298 14.456 21.084 -2.298 14.149 21.084 0 13.693 22 0 14
4 16 21.084 2.828 14.504 22 2.828 14.811 22 2.298 14.456 21.084 2.298 14.149
4 16 20 2.828 14.397 21.084 2.828 14.504 21.084 2.298 14.149 20 2.298 14.042
4 16 18.916 2.828 14.504 20 2.828 14.397 20 2.298 14.042 18.916 2.298 14.149
4 16 18 2.828 14.811 18.916 2.828 14.504 18.916 2.298 14.149 18 2.298 14.456
4 16 21.084 2.298 14.149 22 2.298 14.456 22 0 14 21.084 0 13.693
4 16 20 2.298 14.042 21.084 2.298 14.149 21.084 0 13.693 20 0 13.586
4 16 18.916 2.298 14.149 20 2.298 14.042 20 0 13.586 18.916 0 13.693
4 16 18 2.298 14.456 18.916 2.298 14.149 18.916 0 13.693 18 0 14
1 16 56 0 -20 0 3 0 0 0 4 4 0 0 p/4-8sphe.dat
1 16 56 0 -20 0 -1 0 0 0 4 4 0 0 p/4-4edge.dat
1 16 2 0 -20 0 50 0 2.2961 0 -5.54328 5.54328 0 2.2961 p/1-8cyli.dat
1 16 2 0 -20 0 8 0 -5.54328 0 -2.2961 2.2961 0 -5.54328 p/1-8cyli.dat
1 16 32 0 -20 0 20 0 -5.54328 0 -2.2961 2.2961 0 -5.54328 p/1-8cyli.dat
1 16 2 0 -20 0 8 0 5.54328 0 2.2961 -2.2961 0 5.54328 p/1-8cyli.dat
1 16 32 0 -20 0 20 0 5.54328 0 2.2961 -2.2961 0 5.54328 p/1-8cyli.dat
1 16 2 0 -20 0 50 0 -2.2961 0 5.54328 -5.54328 0 -2.2961 p/1-8cyli.dat
4 16 52 2.828 -14.811 56 2.828 -17.172 2 2.828 -17.172 2 2.828 -14.811
4 16 56 -2.828 -17.172 52 -2.828 -14.811 2 -2.828 -14.811 2 -2.828 -17.172
4 16 52 -5.189 -17.172 56 -2.828 -17.172 2 -2.828 -17.172 2 -5.189 -17.172
4 16 56 -2.828 -22.828 52 -5.189 -22.828 2 -5.189 -22.828 2 -2.828 -22.828
4 16 52 -2.828 -25.189 56 -2.828 -22.828 2 -2.828 -22.828 2 -2.828 -25.189
4 16 56 2.828 -22.828 52 2.828 -25.189 2 2.828 -25.189 2 2.828 -22.828
4 16 52 5.189 -22.828 56 2.828 -22.828 2 2.828 -22.828 2 5.189 -22.828
4 16 56 2.828 -17.172 52 5.189 -17.172 2 5.189 -17.172 2 2.828 -17.172
1 16 52 0 -20 0 -1 0 2.2961 0 -5.54328 5.54328 0 2.2961 p/1-8edge.dat
1 16 52 0 -20 0 -1 0 -5.54328 0 -2.2961 2.2961 0 -5.54328 p/1-8edge.dat
1 16 52 0 -20 0 -1 0 -2.2961 0 5.54328 -5.54328 0 -2.2961 p/1-8edge.dat
1 16 52 0 -20 0 -1 0 5.54328 0 2.2961 -2.2961 0 5.54328 p/1-8edge.dat
4 16 2 -2.298 -14.456 2 -2.828 -14.811 52 -2.828 -14.811 52 -2.298 -14.456
4 16 52 2.298 -14.456 52 2.828 -14.811 2 2.828 -14.811 2 2.298 -14.456
4 16 2 -5.544 -22.298 2 -5.189 -22.828 52 -5.189 -22.828 52 -5.544 -22.298
4 16 52 -5.544 -17.702 52 -5.189 -17.172 2 -5.189 -17.172 2 -5.544 -17.702
4 16 2 2.298 -25.544 2 2.828 -25.189 52 2.828 -25.189 52 2.298 -25.544
4 16 52 -2.298 -25.544 52 -2.828 -25.189 2 -2.828 -25.189 2 -2.298 -25.544
4 16 2 5.544 -17.702 2 5.189 -17.172 52 5.189 -17.172 52 5.544 -17.702
4 16 52 5.544 -22.298 52 5.189 -22.828 2 5.189 -22.828 2 5.544 -22.298
4 16 56 -1.532 -16.304 52 -2.296 -14.457 52 -2.828 -14.811 56 -2.828 -17.172
4 16 56 0 -16 52 0 -14 52 -2.296 -14.457 56 -1.532 -16.304
4 16 56 1.532 -16.304 52 2.296 -14.457 52 0 -14 56 0 -16
4 16 56 2.828 -17.172 52 2.828 -14.811 52 2.296 -14.457 56 1.532 -16.304
4 16 56 -3.696 -21.532 52 -5.543 -22.296 52 -5.189 -22.828 56 -2.828 -22.828
4 16 56 -4 -20 52 -6 -20 52 -5.543 -22.296 56 -3.696 -21.532
4 16 56 -3.696 -18.468 52 -5.543 -17.704 52 -6 -20 56 -4 -20
4 16 56 -2.828 -17.172 52 -5.189 -17.172 52 -5.543 -17.704 56 -3.696 -18.468
4 16 56 1.532 -23.696 52 2.296 -25.543 52 2.828 -25.189 56 2.828 -22.828
4 16 56 0 -24 52 0 -26 52 2.296 -25.543 56 1.532 -23.696
4 16 56 -1.532 -23.696 52 -2.296 -25.543 52 0 -26 56 0 -24
4 16 56 -2.828 -22.828 52 -2.828 -25.189 52 -2.296 -25.543 56 -1.532 -23.696
4 16 56 3.696 -18.468 52 5.543 -17.704 52 5.189 -17.172 56 2.828 -17.172
4 16 56 4 -20 52 6 -20 52 5.543 -17.704 56 3.696 -18.468
4 16 56 3.696 -21.532 52 5.543 -22.296 52 6 -20 56 4 -20
4 16 56 2.828 -22.828 52 5.189 -22.828 52 5.543 -22.296 56 3.696 -21.532
1 16 12 -6 -20 0 0 -2 0.397 1 0 2 0 0 p/1-4edge.dat
0 BFC INVERTNEXT
1 16 12 -5.603 -20 0 0 -2 0 -0.397 0 2 0 0 p/1-4cyls.dat
1 16 12 -6 -20 0 0 -2 0.397 1 0 2 0 0 p/1-4ndis.dat
1 16 30 -6 -20 2 0 0 0 1 0.397 0 0 2 p/1-4edge.dat
0 BFC INVERTNEXT
1 16 30 -5.603 -20 0 0 2 0 -0.397 0 2 0 0 p/1-4cyls.dat
1 16 30 -6 -20 2 0 0 0 1 0.397 0 0 2 p/1-4ndis.dat
4 16 10 -5.603 -18 32 -5.603 -18 32 -5.544 -17.702 10 -5.544 -17.702
1 16 30 -6 -20 0 0 2 0.397 1 0 -2 0 0 p/1-4edge.dat
0 BFC INVERTNEXT
1 16 30 -5.603 -20 0 0 2 0 -0.397 0 -2 0 0 p/1-4cyls.dat
1 16 30 -6 -20 0 0 2 0.397 1 0 -2 0 0 p/1-4ndis.dat
1 16 12 -6 -20 -2 0 0 0 1 0.397 0 0 -2 p/1-4edge.dat
0 BFC INVERTNEXT
1 16 12 -5.603 -20 0 0 -2 0 -0.397 0 -2 0 0 p/1-4cyls.dat
1 16 12 -6 -20 -2 0 0 0 1 0.397 0 0 -2 p/1-4ndis.dat
4 16 32 -5.603 -22 10 -5.603 -22 10 -5.544 -22.298 32 -5.544 -22.298
1 16 12 6 -20 0 0 -2 -0.397 -1 0 -2 0 0 p/1-4edge.dat
0 BFC INVERTNEXT
1 16 12 5.603 -20 0 0 -2 0 0.397 0 -2 0 0 p/1-4cyls.dat
1 16 12 6 -20 0 0 -2 -0.397 -1 0 -2 0 0 p/1-4ndis.dat
1 16 30 6 -20 2 0 0 0 -1 -0.397 0 0 -2 p/1-4edge.dat
0 BFC INVERTNEXT
1 16 30 5.603 -20 0 0 2 0 0.397 0 -2 0 0 p/1-4cyls.dat
1 16 30 6 -20 2 0 0 0 -1 -0.397 0 0 -2 p/1-4ndis.dat
4 16 10 5.603 -22 32 5.603 -22 32 5.544 -22.298 10 5.544 -22.298
1 16 30 6 -20 0 0 2 -0.397 -1 0 2 0 0 p/1-4edge.dat
0 BFC INVERTNEXT
1 16 30 5.603 -20 0 0 2 0 0.397 0 2 0 0 p/1-4cyls.dat
1 16 30 6 -20 0 0 2 -0.397 -1 0 2 0 0 p/1-4ndis.dat
1 16 12 6 -20 -2 0 0 0 -1 -0.397 0 0 2 p/1-4edge.dat
0 BFC INVERTNEXT
1 16 12 5.603 -20 0 0 -2 0 0.397 0 2 0 0 p/1-4cyls.dat
1 16 12 6 -20 -2 0 0 0 -1 -0.397 0 0 2 p/1-4ndis.dat
4 16 32 5.603 -18 10 5.603 -18 10 5.544 -17.702 32 5.544 -17.702
0 BFC INVERTNEXT
1 16 12 -5.603 -20 0 0 -2 0 11.206 0 2 0 0 p/2-4cyli.dat
0 BFC INVERTNEXT
1 16 30 -5.603 -20 0 0 2 0 11.206 0 -2 0 0 p/2-4cyli.dat
4 16 30 -5.603 -18 12 -5.603 -18 12 5.603 -18 30 5.603 -18
4 16 12 -5.603 -22 30 -5.603 -22 30 5.603 -22 12 5.603 -22
1 16 18 0 -20 0 -1 0 -2.2961 0 5.54328 -5.54328 0 -2.2961 p/1-8edge.dat
1 16 22 0 -20 0 -1 0 -2.2961 0 5.54328 -5.54328 0 -2.2961 p/1-8edge.dat
1 16 20 -2.828 -24.189 2 0 -2 0 1 0 -1 0 -1 p/1-4edge.dat
1 16 20 -2.828 -24.189 2 0 -2 0 1 0 -1 0 -1 p/1-4chrd.dat
1 16 20 2.828 -24.189 2 0 -2 0 1 0 -1 0 -1 p/1-4edge.dat
1 16 20 2.828 -24.189 2 0 -2 0 -1 0 -1 0 -1 p/1-4chrd.dat
4 16 18.916 -2.828 -25.496 18 -2.828 -25.189 18 -2.298 -25.544 18.916 -2.298 -25.851
4 16 20 -2.828 -25.603 18.916 -2.828 -25.496 18.916 -2.298 -25.851 20 -2.298 -25.958
4 16 21.084 -2.828 -25.496 20 -2.828 -25.603 20 -2.298 -25.958 21.084 -2.298 -25.851
4 16 22 -2.828 -25.189 21.084 -2.828 -25.496 21.084 -2.298 -25.851 22 -2.298 -25.544
4 16 18.916 -2.298 -25.851 18 -2.298 -25.544 18 0 -26 18.916 0 -26.307
4 16 20 -2.298 -25.958 18.916 -2.298 -25.851 18.916 0 -26.307 20 0 -26.414
4 16 21.084 -2.298 -25.851 20 -2.298 -25.958 20 0 -26.414 21.084 0 -26.307
4 16 22 -2.298 -25.544 21.084 -2.298 -25.851 21.084 0 -26.307 22 0 -26
4 16 21.084 2.828 -25.496 22 2.828 -25.189 22 2.298 -25.544 21.084 2.298 -25.851
4 16 20 2.828 -25.603 21.084 2.828 -25.496 21.084 2.298 -25.851 20 2.298 -25.958
4 16 18.916 2.828 -25.496 20 2.828 -25.603 20 2.298 -25.958 18.916 2.298 -25.851
4 16 18 2.828 -25.189 18.916 2.828 -25.496 18.916 2.298 -25.851 18 2.298 -25.544
4 16 21.084 2.298 -25.851 22 2.298 -25.544 22 0 -26 21.084 0 -26.307
4 16 20 2.298 -25.958 21.084 2.298 -25.851 21.084 0 -26.307 20 0 -26.414
4 16 18.916 2.298 -25.851 20 2.298 -25.958 20 0 -26.414 18.916 0 -26.307
4 16 18 2.298 -25.544 18.916 2.298 -25.851 18.916 0 -26.307 18 0 -26
