0 BFC CERTIFY CW
1 16 0 0 6 22 0 0 0 0 22 0 22 0 p/4-4edge.dat
1 16 0 0 -6 22 0 0 0 0 22 0 22 0 p/4-4edge.dat
1 16 0 0 -6 19.8 0 0 0 0 19.8 0 19.8 0 p/4-4edge.dat
1 16 0 0 6 19.8 0 0 0 0 19.8 0 19.8 0 p/4-4edge.dat
1 16 0 0 -6 22 0 0 0 0 22 0 12 0 p/4-4cyli.dat
1 16 0 0 6 -2 0 0 0 0 -2 0 -2 0 p/4-4rin10.dat
1 16 0 0 -6 1.1 0 0 0 0 -1.1 0 1.1 0 p/1-4rin18.dat
1 16 0 0 -6 0 0 -1.1 -1.1 0 0 0 1.1 0 p/1-4rin18.dat
1 16 0 0 -6 -1.1 0 0 0 0 1.1 0 1.1 0 p/1-4rin18.dat
1 16 0 0 -6 0 0 1.1 1.1 0 0 0 1.1 0 p/1-4rin18.dat
1 16 0 0 6 -1.1 0 0 0 0 -1.1 0 -1.1 0 p/1-4rin18.dat
1 16 0 0 6 0 0 1.1 -1.1 0 0 0 -1.1 0 p/1-4rin18.dat
1 16 0 0 6 1.1 0 0 0 0 1.1 0 -1.1 0 p/1-4rin18.dat
1 16 0 0 6 0 0 -1.1 1.1 0 0 0 -1.1 0 p/1-4rin18.dat
1 16 0 0 -6 2 0 0 0 0 -2 0 2 0 p/4-4rin10.dat
0 BFC INVERTNEXT
1 16 0 0 -6 19.8 0 0 0 0 19.8 0 12 0 p/4-4cyli.dat
