0 BFC CERTIFY CCW
1 16 -19 0 0 0 1 0 4 0 0 0 0 4 p/4-4disc.dat
1 16 -19 0 0 0 1 0 4 0 0 0 0 4 p/4-4edge.dat
1 16 -24 0 0 0 1 0 4 0 0 0 0 4 p/4-4edge.dat
0 BFC INVERTNEXT
1 16 -24 0 0 0 5 0 4 0 0 0 0 4 p/4-4cyli.dat
1 16 -24 0 0 0 1 0 2 0 0 0 0 2 p/4-4ring2.dat
1 16 -24 0 0 0 -1 0 6 0 0 0 0 6 p/4-4edge.dat
1 16 -22 0 0 0 -2 0 2 0 0 0 0 2 p/4-4con3.dat
1 16 -14.5 0 0 0 -7.5 0 8 0 0 0 0 8 p/4-4cyli.dat
1 16 -14.5 0 0 0 -1 0 8 0 0 0 0 8 p/4-4edge.dat
1 16 -22 0 0 0 -1 0 8 0 0 0 0 8 p/4-4edge.dat
1 16 -14.5 0 0 0 2 0 2 0 0 0 0 2 p/4-4con3.dat
1 16 -12.5 0 0 0 -1 0 6 0 0 0 0 6 p/4-4edge.dat
1 16 -12.5 0 0 0 -1 0 1 0 0 0 0 1 p/4-4ring5.dat
1 16 -4 0 0 0 -8.5 0 5 0 0 0 0 5 p/4-4cyli.dat
1 16 -4 0 0 0 -8.5 0 5 0 0 0 0 5 p/4-4edge.dat
1 16 -12.5 0 0 0 -8.5 0 5 0 0 0 0 5 p/4-4edge.dat
1 16 -4 0 0 0 -1 0 1 0 0 0 0 1 p/4-4ring4.dat
1 16 -4 0 0 0 8 0 4 0 0 0 0 4 p/4-4cyli.dat
1 16 -4 0 0 0 1 0 4 0 0 0 0 4 p/4-4edge.dat
1 16 4 0 0 0 1 0 4 0 0 0 0 4 p/4-4edge.dat
1 16 19 0 0 0 -1 0 4 0 0 0 0 4 p/4-4disc.dat
1 16 19 0 0 0 -1 0 4 0 0 0 0 4 p/4-4edge.dat
1 16 24 0 0 0 -1 0 4 0 0 0 0 4 p/4-4edge.dat
0 BFC INVERTNEXT
1 16 24 0 0 0 -5 0 4 0 0 0 0 4 p/4-4cyli.dat
1 16 24 0 0 0 -1 0 2 0 0 0 0 2 p/4-4ring2.dat
1 16 24 0 0 0 1 0 6 0 0 0 0 6 p/4-4edge.dat
1 16 22 0 0 0 2 0 2 0 0 0 0 2 p/4-4con3.dat
1 16 14.5 0 0 0 7.5 0 8 0 0 0 0 8 p/4-4cyli.dat
1 16 14.5 0 0 0 1 0 8 0 0 0 0 8 p/4-4edge.dat
1 16 22 0 0 0 1 0 8 0 0 0 0 8 p/4-4edge.dat
1 16 14.5 0 0 0 -2 0 2 0 0 0 0 2 p/4-4con3.dat
1 16 12.5 0 0 0 1 0 6 0 0 0 0 6 p/4-4edge.dat
1 16 12.5 0 0 0 1 0 1 0 0 0 0 1 p/4-4ring5.dat
1 16 4 0 0 0 8.5 0 5 0 0 0 0 5 p/4-4cyli.dat
1 16 4 0 0 0 8.5 0 5 0 0 0 0 5 p/4-4edge.dat
1 16 12.5 0 0 0 8.5 0 5 0 0 0 0 5 p/4-4edge.dat
1 16 4 0 0 0 1 0 1 0 0 0 0 1 p/4-4ring4.dat
