0 BFC CERTIFY CCW
1 16 -120 4 0 1 0 0 0 -1 0 0 0 1 p/stug4-3x3.dat
1 16 -60 4 0 1 0 0 0 -1 0 0 0 1 p/stug4-3x3.dat
1 16 0 4 0 1 0 0 0 -1 0 0 0 1 p/stug4-3x3.dat
1 16 60 4 0 1 0 0 0 -1 0 0 0 1 p/stug4-3x3.dat
1 16 120 4 0 1 0 0 0 -1 0 0 0 1 p/stug4-3x3.dat
0 BFC INVERTNEXT
1 16 0 8 0 156 0 0 0 -4 0 0 0 36 p/box5.dat
4 16  -156 8 40  156 8 40   156 8 36  -156 8 36
4 16  -156 8 -40 -156 8 -36 156 8 -36 156 8 -40
4 16  -160 8 -36 -160 8 36  -156 8 36 -156 8 -36
4 16  160 8 -36  156 8 -36  156 8 36  160 8 36
1 16 156 0 36 4 0 0 0 8 0 0 0 4 p/1-4cylc.dat
1 16 156 0 -36 4 0 0 0 8 0 0 0 -4 p/1-4cylc.dat
1 16 -156 0 36 -4 0 0 0 8 0 0 0 4 p/1-4cylc.dat
1 16 -156 0 -36 -4 0 0 0 8 0 0 0 -4 p/1-4cylc.dat
1 16 156 8 36 4 0 0 0 -1 0 0 0 4 p/1-4disc.dat
1 16 156 8 -36 4 0 0 0 -1 0 0 0 -4 p/1-4disc.dat
1 16 -156 8 36 -4 0 0 0 -1 0 0 0 4 p/1-4disc.dat
1 16 -156 8 -36 -4 0 0 0 -1 0 0 0 -4 p/1-4disc.dat
4 16 156 0 36 -156 0 36 -156 0 -36 156 0 -36
4 16 -156 0 36 156 0 36 156 0 40 -156 0 40
4 16 156 0 -40 156 0 -36 -156 0 -36 -156 0 -40
4 16 -156 0 -36 -156 0 36 -160 0 36 -160 0 -36
4 16 160 0 36 156 0 36 156 0 -36 160 0 -36
4 16 -156 0 40 156 0 40 156 8 40 -156 8 40
4 16 -156 8 -40 156 8 -40 156 0 -40 -156 0 -40
4 16 -160 8 36 -160 8 -36 -160 0 -36 -160 0 36
4 16 160 0 36 160 0 -36 160 8 -36 160 8 36
1 16 100 0 20 1 0 0 0 1 0 0 0 1 p/stug-2x2.dat
1 16 100 0 -20 1 0 0 0 1 0 0 0 1 p/stug-2x2.dat
1 16 0 0 20 1 0 0 0 1 0 0 0 1 p/stug-2x2.dat
1 16 0 0 -20 1 0 0 0 1 0 0 0 1 p/stug-2x2.dat
1 16 -100 0 20 1 0 0 0 1 0 0 0 1 p/stug-2x2.dat
1 16 -100 0 -20 1 0 0 0 1 0 0 0 1 p/stug-2x2.dat
