0 BFC CERTIFY CCW
1 16 0 0 -20 1 0 0 0 1 0 0 0 1 parts/s/46667s01.dat
1 16 0 0 -20 0.809017 0.587785 0 -0.587785 0.809017 0 0 0 1 parts/s/46667s01.dat
1 16 0 0 -20 0.309017 0.951057 0 -0.951057 0.309017 0 0 0 1 parts/s/46667s01.dat
1 16 0 0 -20 -0.309017 0.951057 0 -0.951057 -0.309017 0 0 0 1 parts/s/46667s01.dat
1 16 0 0 -20 -0.809017 0.587785 0 -0.587785 -0.809017 0 0 0 1 parts/s/46667s01.dat
1 16 0 0 0 1 0 0 0 0 1 0 -1 0 p/connect.dat
1 16 0 0 -20 -1 0 0 0 -1 0 0 0 1 parts/s/46667s01.dat
1 16 0 0 -20 -0.809017 -0.587785 0 0.587785 -0.809017 0 0 0 1 parts/s/46667s01.dat
1 16 0 0 -20 -0.309017 -0.951057 0 0.951057 -0.309017 0 0 0 1 parts/s/46667s01.dat
1 16 0 0 -20 0.309017 -0.951057 0 0.951057 0.309017 0 0 0 1 parts/s/46667s01.dat
1 16 0 0 -20 0.809017 -0.587785 0 0.587785 0.809017 0 0 0 1 parts/s/46667s01.dat
0 BFC INVERTNEXT
1 16 0 0 0 4 0 0 0 0 4 0 -24 0 p/4-4cyli.dat
1 16 0 0 -20 9 0 0 0 0 9 0 -20 0 p/4-8sphe.dat
1 16 0 0 0 9 0 0 0 0 9 0 -20 0 p/4-4cyli.dat
1 16 0 0 0 9 0 0 0 0 9 0 1 0 p/4-4edge.dat
1 16 0 0 -24 4 0 0 0 0 4 0 1 0 p/4-4edge.dat
1 16 0 0 -24 4 0 0 0 0 4 0 -1 0 p/4-4disc.dat
1 16 0 0 0 8 0 0 0 0 8 0 1 0 p/4-4edge.dat
1 16 0 0 0 1 0 0 0 0 1 0 -1 0 p/4-4ring8.dat
