0 BFC CERTIFY CCW
1 16 0 0 0 1 0 0 0 1 0 0 0 1 parts/s/6161s03.dat
1 16 -220 0 -220 1 0 0 0 1 0 0 0 1 parts/s/47117s01.dat
1 16 -220 0 220 1 0 0 0 1 0 0 0 1 parts/s/47117s01.dat
1 16 220 0 220 1 0 0 0 1 0 0 0 1 parts/s/47117s01.dat
1 16 220 0 20 1 0 0 0 1 0 0 0 1 parts/s/47117s01.dat
1 16 -20 0 -220 1 0 0 0 1 0 0 0 1 parts/s/47117s01.dat
1 16 220 0 220 0 0 1 0 1 0 1 0 0 parts/s/52040s02.dat
1 16 -220 0 220 -1 0 0 0 1 0 0 0 1 parts/s/52040s02.dat
1 16 -220 0 -220 0 0 -1 0 1 0 -1 0 0 parts/s/52040s02.dat
1 16 -20 0 -220 0 0 -1 0 1 0 -1 0 0 parts/s/52040s02.dat
1 16 220 0 20 0 0 -1 0 1 0 -1 0 0 parts/s/52040s02.dat
1 16 -220 4 -220 0 0 -1 0 1 0 1 0 0 p/axl3hol2.dat
1 16 -220 4 -220 0 0 -1 0 1 0 1 0 0 p/axl3hol9.dat
1 16 -220 4 -220 0 0 -1 0 14 0 1 0 0 p/axl3hol8.dat
1 16 -220 18 -220 0 0 -1 0 -1 0 1 0 0 p/axl3ho10.dat
1 16 -220 18 -220 0 0 -1 0 -1 0 1 0 0 p/axl3hol9.dat
1 16 -220 18 -220 0 0 -1 0 -1 0 1 0 0 p/axl3hol2.dat
1 16 -20 4 -220 0 0 -1 0 1 0 1 0 0 p/axl3hol2.dat
1 16 -20 4 -220 0 0 -1 0 1 0 1 0 0 p/axl3hol9.dat
1 16 -20 4 -220 0 0 -1 0 14 0 1 0 0 p/axl3hol8.dat
1 16 -20 18 -220 0 0 -1 0 -1 0 1 0 0 p/axl3ho10.dat
1 16 -20 18 -220 0 0 -1 0 -1 0 1 0 0 p/axl3hol9.dat
1 16 -20 18 -220 0 0 -1 0 -1 0 1 0 0 p/axl3hol2.dat
1 16 -220 4 220 0 0 -1 0 1 0 1 0 0 p/axl3hol2.dat
1 16 -220 4 220 0 0 -1 0 1 0 1 0 0 p/axl3hol9.dat
1 16 -220 4 220 0 0 -1 0 14 0 1 0 0 p/axl3hol8.dat
1 16 -220 18 220 0 0 -1 0 -1 0 1 0 0 p/axl3ho10.dat
1 16 -220 18 220 0 0 -1 0 -1 0 1 0 0 p/axl3hol9.dat
1 16 -220 18 220 0 0 -1 0 -1 0 1 0 0 p/axl3hol2.dat
1 16 220 4 220 0 0 -1 0 1 0 1 0 0 p/axl3hol2.dat
1 16 220 4 220 0 0 -1 0 1 0 1 0 0 p/axl3hol9.dat
1 16 220 4 220 0 0 -1 0 14 0 1 0 0 p/axl3hol8.dat
1 16 220 18 220 0 0 -1 0 -1 0 1 0 0 p/axl3ho10.dat
1 16 220 18 220 0 0 -1 0 -1 0 1 0 0 p/axl3hol9.dat
1 16 220 18 220 0 0 -1 0 -1 0 1 0 0 p/axl3hol2.dat
1 16 220 4 20 0 0 -1 0 1 0 1 0 0 p/axl3hol2.dat
1 16 220 4 20 0 0 -1 0 1 0 1 0 0 p/axl3hol9.dat
1 16 220 4 20 0 0 -1 0 14 0 1 0 0 p/axl3hol8.dat
1 16 220 18 20 0 0 -1 0 -1 0 1 0 0 p/axl3ho10.dat
1 16 220 18 20 0 0 -1 0 -1 0 1 0 0 p/axl3hol9.dat
1 16 220 18 20 0 0 -1 0 -1 0 1 0 0 p/axl3hol2.dat
