0 BFC CERTIFY CW
1 16 0 0 0 0 0 1 1 0 0 0 20 0 axle.dat
1 16 0 10 20.5 0 0 10 0 1 0 -20.5 0 0 rect.dat
1 16 0 10 0 10 0 0 0 0 -19 0 -1 0 2-4disc.dat
1 16 0 10 0 10 0 0 0 0 -19 0 -1 0 2-4edge.dat
1 16 -10 0 50 0 1 0 0 0 1 1 0 0 4-4ring8.dat
1 16 10 0 50 0 -1 0 0 0 1 -1 0 0 4-4ring8.dat
1 16 10 0 50 0 -1 0 0 0 1 -1 0 0 peghole.dat
1 16 -10 0 50 0 1 0 0 0 1 -1 0 0 peghole.dat
0 BFC INVERTNEXT
1 16 8 0 50 0 -16 0 0 0 6 -6 0 0 4-4cyli.dat
1 16 10 0 50 0 1 0 0 0 -9 -9 0 0 2-4edge.dat
1 16 -10 0 50 0 1 0 0 0 -9 -9 0 0 2-4edge.dat
1 16 10 0 50 0 -20 0 0 0 -9 -9 0 0 2-4cyli.dat
1 16 10 10 50 0 -8 0 0 0 1 -1 0 0 npeghol2.dat
1 16 -10 10 50 0 8 0 0 0 1 -1 0 0 npeghol2.dat
1 16 0 10 59 0 0 10 -10 0 0 0 -1 0 rect2p.dat
1 16 0 5 41 0 0 10 -5 0 0 0 1 0 rect2p.dat
1 16 -10 20 50 0 1 0 1 0 0 0 0 -1 4-4ring8.dat
1 16 10 20 50 0 -1 0 1 0 0 0 0 1 4-4ring8.dat
1 16 10 20 50 0 -1 0 0 0 1 -1 0 0 peghole.dat
1 16 -10 20 50 0 1 0 0 0 1 -1 0 0 peghole.dat
0 BFC INVERTNEXT
1 16 8 20 50 0 -16 0 0 0 6 -6 0 0 4-4cyli.dat
1 16 10 20 50 0 1 0 0 0 9 9 0 0 2-4edge.dat
1 16 -10 20 50 0 1 0 0 0 9 9 0 0 2-4edge.dat
1 16 10 20 50 0 -20 0 0 0 9 9 0 0 1-4cyli.dat
1 16 0 0 0 1 0 0 0 1 0 0 0 1 s\47314s01.dat
1 16 0 0 0 -1 0 0 0 1 0 0 0 1 s\47314s01.dat
4 16 -2.416 -3.435 -175.071 -1.663 -6.235 -176.545 1.663 -6.235 -176.545 2.416 -3.435 -175.071
3 16 0 10 -168 -2.416 -3.435 -175.071 2.416 -3.435 -175.071
4 16 -1.663 -6.235 -176.545 -1.461 -7 -176.697 1.461 -7 -176.697 1.663 -6.235 -176.545
4 16 -1.461 -7 -176.697 -1.313 -7.554 -176.587 1.313 -7.554 -176.587 1.461 -7 -176.697
4 16 -1.313 -7.554 -176.587 -1.124 -7.765 -176.545 1.124 -7.765 -176.545 1.313 -7.554 -176.587
4 16 -1.124 -7.765 -176.545 -.543 -8.414 -176.111 .543 -8.414 -176.111 1.124 -7.765 -176.545
4 16 -.543 -8.414 -176.111 -.157 -8.848 -175.463 .157 -8.848 -175.463 .543 -8.414 -176.111
4 16 -.157 -8.848 -175.463 -.114 -8.899 -175.206 .114 -8.899 -175.206 .157 -8.848 -175.463
3 16 .114 -8.899 -175.206 0 -9 -174.697 -.114 -8.899 -175.206
