0 BFC CERTIFY CCW
1 16 0 0 0 1 0 0 0 1 0 0 0 1 parts/s/47311s01.dat
1 16 0 0 0 -1 0 0 0 1 0 0 0 1 parts/s/47311s01.dat
1 16 10 0 0 0 -20 0 -6.36 0 6.36 -6.36 0 -6.36 p/2-4cyli.dat
1 16 0 0 0 0 -1 0 1 0 0 0 0 1 p/connhole.dat
1 16 0 0 -40 12.81 0 0 0 12.81 0 0 0 12.81 p/8-8sphe.dat
1 16 0 0 -20 1 0 0 0 0 1 0 -7.2 0 p/axlehol8.dat
1 16 0 0 -40 0 0 1 -1 0 0 0 -1 0 p/axlesphe.dat
1 16 0 0 -20 1 0 0 0 0 1 0 1 0 p/axlehol9.dat
1 16 0 0 -20 1 0 0 0 0 1 0 1 0 p/axlehol2.dat
1 16 0 0 40 12.81 0 0 0 12.81 0 0 0 12.81 p/8-8sphe.dat
1 16 0 0 20 1 0 0 0 0 1 0 7.2 0 p/axlehol8.dat
1 16 0 0 40 0 0 1 -1 0 0 0 1 0 p/axlesphe.dat
1 16 0 0 20 1 0 0 0 0 1 0 1 0 p/axlehol2.dat
1 16 0 0 20 1 0 0 0 0 1 0 1 0 p/axlehol9.dat
1 16 0 9 7.9 6 0 0 0 0 6 0 -3.3 0 p/2-4cyli.dat
1 16 0 9 15.9 6 0 0 0 0 6 0 -3.3 0 p/2-4cyli.dat
1 16 0 -19.304 3.174 2.456 0 0 0 4.444 2.386 0 -18.216 .582 p/4-4cyli.dat
1 16 0 -19.304 3.174 2.456 0 0 0 1 2.386 0 0 .582 p/4-4edge.dat
1 16 0 -19.304 3.174 3.44 0 0 0 -.6995 3.342 0 2.86462 .815 p/4-4cylc3.dat
1 16 0 -19.304 3.174 3.44 0 0 0 1 3.342 0 0 .815 p/4-4edge.dat
1 16 0 -20.004 6.0386 0 0 3.44 3.342 -1.792 0 .815 7.395 0 p/4-4cylse.dat
1 16 0 9 20 9 0 0 0 0 9 0 -1 0 p/2-4disc.dat
1 16 0 9 20 9 0 0 0 0 9 0 -2.9 0 p/2-4cyli.dat
1 16 0 9 20 9 0 0 0 0 9 0 -1 0 p/2-4edge.dat
1 16 0 9 15.9 9 0 0 0 0 9 0 1 1.2 p/2-4edge.dat
1 16 0 9 15.9 3 0 0 0 0 3 0 1 .4 p/2-4ring2.dat
1 16 0 9 15.9 6 0 0 0 0 6 0 1 .8 p/2-4edge.dat
1 16 0 9 7.9 1 0 0 0 1 0 0 0 1 parts/s/47311s02.dat
1 16 0 9 -.1 1 0 0 0 1 0 0 0 1 parts/s/47311s02.dat
1 16 0 7.044 -7.098 1 0 0 0 .906 .423 0 -.423 .906 parts/s/47311s02.dat
1 16 0 6.11904 -8.33407 3 0 0 0 -1 1.17076 0 0 -2.77787 p/2-4ring2.dat
1 16 0 6.11904 -8.33407 9 0 0 0 -1 3.51227 0 0 -8.33361 p/2-4edge.dat
1 16 0 6.11904 -8.33407 6 0 0 0 -1 2.34151 0 0 -5.55574 p/2-4edge.dat
1 16 0 6.11904 -8.33407 6 0 0 0 -1 2.34151 0 0 -5.55574 p/2-4ering.dat
1 16 0 4.368 -9.3 9 0 0 0 .91721 4.34684 0 .50592 -7.88067 p/2-4cyli.dat
1 16 0 4.368 -9.3 9 0 0 0 1 4.34684 0 0 -7.88067 p/2-4edge.dat
4 16 10.0127 -9.568 -2.2374 3.0234 -28.9784 22.6391 -3.0234 -28.9784 22.6391 -10.0127 -9.568 -2.2374
4 16 7.9338 -6.3639 -6.3639 10.0127 -9.568 -2.2374 -10.0127 -9.568 -2.2374 -7.9338 -6.3639 -6.3639
4 16 8.6191 9.2795 -20 3.53924 -14.75977 -19.89606 -3.53924 -14.75977 -19.89606 -8.6191 9.2795 -20
4 16 8.897 9.6275 -18.8355 -8.897 9.6275 -18.8355 -9 4.368 -9.3 9 4.368 -9.3
4 16 9 9 20 -9 9 20 -9 -9.8434 20 9 -9.8434 20
4 16 9 -9.8434 20 -9 -9.8434 20 -5.3759 -22.3512 29.3211 5.3759 -22.3512 29.3211
4 16 -7.9338 -6.3639 -6.3639 -4.30197 -16.1512 -13.00474 4.30197 -16.1512 -13.00474 7.9338 -6.3639 -6.3639
4 16 -3.0234 -28.9784 22.6391 3.0234 -28.9784 22.6391 2.7513 -29.7337 23.6491 -2.7513 -29.7337 23.6491
4 16 -2.7513 -29.7337 23.6491 2.7513 -29.7337 23.6491 2.5819 -30.2008 24.7851 -2.5819 -30.2008 24.7851
4 16 2.5223 -30.3599 26.0031 -2.5223 -30.3599 26.0031 -2.5819 -30.2008 24.7851 2.5819 -30.2008 24.7851
4 16 -2.5223 -30.3599 26.0031 2.5223 -30.3599 26.0031 2.577 -30.1994 27.2211 -2.577 -30.1994 27.2211
4 16 2.577 -30.1994 27.2211 2.7418 -29.7307 28.3571 -2.7418 -29.7307 28.3571 -2.577 -30.1994 27.2211
4 16 2.7418 -29.7307 28.3571 3.0061 -28.9849 29.3321 -3.0061 -28.9849 29.3321 -2.7418 -29.7307 28.3571
4 16 3.0061 -28.9849 29.3321 3.3522 -28.0114 30.0801 -3.3522 -28.0114 30.0801 -3.0061 -28.9849 29.3321
4 16 3.3522 -28.0114 30.0801 3.7558 -26.8786 30.5501 -3.7558 -26.8786 30.5501 -3.3522 -28.0114 30.0801
4 16 3.7558 -26.8786 30.5501 4.1897 -25.6629 30.7111 -4.1897 -25.6629 30.7111 -3.7558 -26.8786 30.5501
4 16 4.1897 -25.6629 30.7111 4.6253 -24.4446 30.5501 -4.6253 -24.4446 30.5501 -4.1897 -25.6629 30.7111
4 16 5.3759 -22.3512 29.3211 -5.3759 -22.3512 29.3211 -5.0306 -23.313 30.0802 5.0306 -23.313 30.0802
4 16 4.6253 -24.4446 30.5501 5.0306 -23.313 30.0802 -5.0306 -23.313 30.0802 -4.6253 -24.4446 30.5501
4 16 -8.897 9.6275 -18.8355 8.897 9.6275 -18.8355 8.6191 9.2795 -20 -8.6191 9.2795 -20
