0 BFC CERTIFY CCW
1 16 0 0 0 -1 0 0 0 1 0 0 0 1 s\47328s01.dat
1 16 0 0 0 1 0 0 0 1 0 0 0 1 s\47328s01.dat
1 16 0 0 0 12.81 0 0 0 12.81 0 0 0 12.81 8-8sphe.dat
1 16 0 0 0 1 0 0 0 0 1 0 1 0 axlesphe.dat
1 16 0 0 -12.81 1 0 0 0 0 -1 0 -5.0854 0 axlehol8.dat
1 16 0 0 -40 1 0 0 0 1 0 0 0 1 connhole.dat
1 16 0 0 -49 0 0 10 10 0 0 0 1 0 rect.dat
3 16 0 7 -19.625 2 7 -19.7568 -2 7 -19.7568
4 16 -2 7 -28 -2 7 -19.7568 2 7 -19.7568 2 7 -28
4 16 -4 28 -28 -2 7 -28 2 7 -28 4 28 -28
4 16 -10.4174 28 -30 -4 28 -28 4 28 -28 10.4174 28 -30
4 16 16.3172 10 -30 -16.3172 10 -30 -10.4174 28 -30 10.4174 28 -30
4 16 16.7239 10 -31 -16.7239 10 -31 -16.3172 10 -30 16.3172 10 -30
3 16 0 -4 -22 -3.5 -4 -29 3.5 -4 -29
4 16 -14.3411 -8 -29 14.3411 -8 -29 3.5 -4 -29 -3.5 -4 -29
4 16 -17.3013 -8 -31 17.3013 -8 -31 14.3411 -8 -29 -14.3411 -8 -29
4 16 20 -10 -31 17.3013 -8 -31 -17.3013 -8 -31 -20 -10 -31
1 16 0 -19 -51.3077 0 0 5 4 1 0 .3077 0 0 rect1.dat
1 16 0 -23 -51.6154 5 0 0 0 0 -5 0 -1 -.3846 2-4chrd.dat
1 16 0 -23 -52.6 5 0 0 0 0 -5 0 .9846 -.3846 2-4cyli.dat
1 16 0 -23 -51.6154 5 0 0 0 0 -5 0 -1 -.3846 2-4edge.dat
1 16 0 -23 -52.6 5 0 0 0 0 -5 0 -1 -1 2-4ndis.dat
1 16 0 -23 -52.6 5 0 0 0 0 -5 0 -1 -1 2-4edge.dat
1 16 0 -20.575 -68.005 5 0 0 0 -1.947459 -4.943578 0 12.853303 -.749023 2-4cyli.dat
1 16 0 -20.575 -68.005 5 0 0 0 -.149805 -4.943578 0 .988716 -.749023 4-4edge.dat
1 16 0 -20.575 -68.005 1 0 0 0 .074902 .988716 0 -.494358 .149805 4-4con4.dat
1 16 0 -20.5 -68.5 1 0 0 0 .074902 .988716 0 -.494358 .149805 4-4con3.dat
1 16 0 -20.425 -68.995 3 0 0 0 1.947459 2.966147 0 -12.853303 .449414 4-4cyli.dat
1 16 0 -20.425 -68.995 3 0 0 0 -.149805 2.966147 0 .988716 .449414 4-4edge.dat
1 16 -3 -18 -85 0 6 0 0 0 4.5 4.5 0 0 5-16cylo.dat
1 16 -3 -18 -85 0 6 0 0 0 -4.5 4.5 0 0 3-8cylo.dat
1 16 0 -10 -90.1552 -4 0 0 0 -1 0 0 0 1.8219 rect2p.dat
1 16 0 -8.84335 -98.7426 -10 0 0 0 .84335 0 0 0 1.2574 box2-9p.dat
4 16 10 -14 -56 -10 -14 -56 -5 -15 -51 5 -15 -51
4 16 -10 -24 -56 -10 -14 -56 10 -14 -56 10 -24 -56
4 16 -10 -24 -56 10 -24 -56 6 -28 -56 -6 -28 -56
3 16 6 -28 -56 0 -28 -53.6 -6 -28 -56
4 16 -3 -13.8425 -86.7222 3 -13.8425 -86.7222 3 -14.7431 -88.0698 -3 -14.7431 -88.0698
4 16 3 -14.7431 -88.0698 3 -11 -88.2778 -3 -11 -88.2778 -3 -14.7431 -88.0698
4 16 -3 -11 -88.2778 3 -11 -88.2778 4 -10 -88.3333 -4 -10 -88.3333
4 16 4 -10 -91.9771 5.7659 -24 -93.117 -5.7659 -24 -93.117 -4 -10 -91.9771
4 16 10 -11.9118 -96.8062 -10 -11.9118 -96.8062 -5.7659 -24 -93.117 5.7659 -24 -93.117
4 16 10 -9.6867 -97.4852 -10 -9.6867 -97.4852 -10 -11.9118 -96.8062 10 -11.9118 -96.8062
4 16 -10 -16.58 -97.4852 -10 -8 -100 10 -8 -100 10 -16.58 -97.4852
4 16 10 -16.58 -97.4852 6 -28 -94 -6 -28 -94 -10 -16.58 -97.4852
4 16 6 -28 -94 6.3008 -28 -93 -6.3008 -28 -93 -6 -28 -94
4 16 8.1877 -26 -89.6667 -8.1877 -26 -89.6667 -6.3008 -28 -93 6.3008 -28 -93
4 16 8.1877 -26 -89.6667 3 -25 -89.5 -3 -25 -89.5 -8.1877 -26 -89.6667
4 16 3 -25 -89.5 3 -20.3655 -88.7276 -3 -20.3655 -88.7276 -3 -25 -89.5
4 16 3 -20.3655 -88.7276 3 -21.182 -88.182 -3 -21.182 -88.182 -3 -20.3655 -88.7276
0 BFC INVERTNEXT
1 16 0 -16.79535 -62.5 0 0 2 .68185 -4.6137 0 -4.5 0 0 box3u2p.dat
3 16 0 -17.0338 -58 2 -22.0909 -58 -2 -22.0909 -58
3 16 0 -15.6702 -67 -2 -20.7273 -67 2 -20.7272 -67
