0 BFC CERTIFY CW
1 16 0 0 0 1 0 0 0 1 0 0 0 1 parts/s/47398s01.dat
1 16 -20 0 110 0 0 -1 0 1 0 1 0 0 p/stud.dat
1 16 0 0 110 0 0 -1 0 1 0 1 0 0 p/stud.dat
1 16 20 0 110 0 0 -1 0 1 0 1 0 0 p/stud.dat
1 16 20 0 90 0 0 -1 0 1 0 1 0 0 p/stud.dat
1 16 0 0 90 0 0 -1 0 1 0 1 0 0 p/stud.dat
1 16 0 0 70 0 0 -1 0 1 0 1 0 0 p/stud.dat
1 16 20 0 70 0 0 -1 0 1 0 1 0 0 p/stud.dat
1 16 20 0 50 0 0 -1 0 1 0 1 0 0 p/stud.dat
1 16 0 0 50 0 0 -1 0 1 0 1 0 0 p/stud.dat
1 16 0 0 30 0 0 -1 0 1 0 1 0 0 p/stud.dat
1 16 20 0 30 0 0 -1 0 1 0 1 0 0 p/stud.dat
1 16 20 0 10 0 0 -1 0 1 0 1 0 0 p/stud.dat
1 16 0 0 10 0 0 -1 0 1 0 1 0 0 p/stud.dat
1 16 0 0 -10 0 0 -1 0 1 0 1 0 0 p/stud.dat
1 16 20 0 -10 0 0 -1 0 1 0 1 0 0 p/stud.dat
1 16 20 0 -30 0 0 -1 0 1 0 1 0 0 p/stud.dat
1 16 20 0 -50 0 0 -1 0 1 0 1 0 0 p/stud.dat
1 16 20 0 -70 0 0 -1 0 1 0 1 0 0 p/stud.dat
1 16 20 0 -90 0 0 -1 0 1 0 1 0 0 p/stud.dat
1 16 20 0 -110 0 0 -1 0 1 0 1 0 0 p/stud.dat
