0 BFC CERTIFY CCW
1 16 60 4 0 1 0 0 0 -17 0 0 0 1 p/stud4.dat
1 16 -60 4 0 1 0 0 0 -17 0 0 0 1 p/stud4.dat
1 16 0 4 0 1 0 0 0 -5 0 0 0 1 p/stud4.dat
0 BFC INVERTNEXT
1 16 60 72 0 16 0 0 0 -68 0 0 0 16 p/box5.dat
0 BFC INVERTNEXT
1 16 -60 72 0 16 0 0 0 -68 0 0 0 16 p/box5.dat
1 16 20 44 20 20 0 0 0 0 -20 0 1 0 p/1-4edge.dat
1 16 -20 44 20 -20 0 0 0 0 -20 0 1 0 p/1-4edge.dat
1 16 20 44 -20 20 0 0 0 0 -20 0 1 0 p/1-4edge.dat
1 16 -20 44 -20 -20 0 0 0 0 -20 0 1 0 p/1-4edge.dat
1 16 20 44 16 20 0 0 0 0 -20 0 1 0 p/1-4edge.dat
1 16 -20 44 16 -20 0 0 0 0 -20 0 1 0 p/1-4edge.dat
1 16 20 44 -16 20 0 0 0 0 -20 0 1 0 p/1-4edge.dat
1 16 -20 44 -16 -20 0 0 0 0 -20 0 1 0 p/1-4edge.dat
0 BFC INVERTNEXT
1 16 -30 14 0 0 0 10 0 -10 0 -16 0 0 p/box2-5.dat
0 BFC INVERTNEXT
1 16 30 14 0 0 0 -10 0 -10 0 16 0 0 p/box2-5.dat
0 BFC INVERTNEXT
1 16 0 24 0 16 0 0 0 -20 0 0 0 16 p/box5.dat
1 16 0 72 0 0 0 80 0 -72 0 20 0 0 p/box3u2p.dat
4 16 80 72 20 76 72 16 44 72 16 40 72 20
4 16 40 72 20 44 72 16 44 72 -16 40 72 -20
4 16 40 72 -20 44 72 -16 76 72 -16 80 72 -20
4 16 80 72 -20 76 72 -16 76 72 16 80 72 20
4 16 -40 72 20 -44 72 16 -76 72 16 -80 72 20
4 16 -40 72 -20 -44 72 -16 -44 72 16 -40 72 20
4 16 -80 72 -20 -76 72 -16 -44 72 -16 -40 72 -20
4 16 -80 72 20 -76 72 16 -76 72 -16 -80 72 -20
4 16 20 24 20 16 24 16 -16 24 16 -20 24 20
4 16 -20 24 20 -16 24 16 -16 24 -16 -20 24 -20
4 16 -20 24 -20 -16 24 -16 16 24 -16 20 24 -20
4 16 20 24 -20 16 24 -16 16 24 16 20 24 20
0 BFC INVERTNEXT
1 16 20 44 20 20 0 0 0 0 -20 0 -4 0 p/1-4cyli.dat
0 BFC INVERTNEXT
1 16 -20 44 20 -20 0 0 0 0 -20 0 -4 0 p/1-4cyli.dat
0 BFC INVERTNEXT
1 16 20 44 -20 20 0 0 0 0 -20 0 4 0 p/1-4cyli.dat
0 BFC INVERTNEXT
1 16 -20 44 -20 -20 0 0 0 0 -20 0 4 0 p/1-4cyli.dat
1 16 -40 58 0 0 -1 0 0 0 14 20 0 0 p/rect3.dat
1 16 40 58 0 0 1 0 0 0 14 20 0 0 p/rect3.dat
1 16 -40 24 0 0 -1 0 20 0 0 0 0 -16 p/rect2p.dat
1 16 40 24 0 0 1 0 20 0 0 0 0 -16 p/rect2p.dat
4 16 40 72 20 40 24 20 80 0 20 80 72 20
4 16 -80 72 20 -80 0 20 -40 24 20 -40 72 20
4 16 80 0 20 40 24 20 -40 24 20 -80 0 20
1 16 20 44 20 20 0 0 0 0 -20 0 -1 0 p/1-4ndis.dat
1 16 -20 44 20 -20 0 0 0 0 -20 0 -1 0 p/1-4ndis.dat
4 16 40 24 16 40 4 16 20 4 16 20 24 16
4 16 -20 24 16 -20 4 16 -40 4 16 -40 24 16
1 16 20 44 16 20 0 0 0 0 -20 0 1 0 p/1-4ndis.dat
1 16 -20 44 16 -20 0 0 0 0 -20 0 1 0 p/1-4ndis.dat
4 16 20 24 -16 20 4 -16 40 4 -16 40 24 -16
4 16 -40 24 -16 -40 4 -16 -20 4 -16 -20 24 -16
1 16 20 44 -16 20 0 0 0 0 -20 0 -1 0 p/1-4ndis.dat
1 16 -20 44 -16 -20 0 0 0 0 -20 0 -1 0 p/1-4ndis.dat
4 16 80 72 -20 80 0 -20 40 24 -20 40 72 -20
4 16 -40 72 -20 -40 24 -20 -80 0 -20 -80 72 -20
4 16 -80 0 -20 -40 24 -20 40 24 -20 80 0 -20
1 16 20 44 -20 20 0 0 0 0 -20 0 1 0 p/1-4ndis.dat
1 16 -20 44 -20 -20 0 0 0 0 -20 0 1 0 p/1-4ndis.dat
1 16 60 0 0 1 0 0 0 1 0 0 0 1 p/stug2.dat
1 16 20 0 0 1 0 0 0 1 0 0 0 1 p/stug2.dat
1 16 -20 0 0 1 0 0 0 1 0 0 0 1 p/stug2.dat
1 16 -60 0 0 1 0 0 0 1 0 0 0 1 p/stug2.dat
1 16 71.901 4 0 4.099 0 0 0 60 0 0 0 1 p/box3u8p.dat
1 16 48.099 4 0 -4.099 0 0 0 60 0 0 0 -1 p/box3u8p.dat
1 16 -71.901 4 0 -4.099 0 0 0 60 0 0 0 -1 p/box3u8p.dat
1 16 -48.099 4 0 4.099 0 0 0 60 0 0 0 1 p/box3u8p.dat
