0 BFC CERTIFY CCW
1 16 0 4 0 1 0 0 0 -5 0 0 0 1 p/stug4-1x3.dat
0 BFC INVERTNEXT
1 16 0 24 0 36 0 0 0 -20 0 0 0 16 p/box5.dat
1 16 0 24 0 40 0 0 0 -24 0 0 0 20 p/box4-1.dat
4 16 -40 0 -20 -40 24 -20 -20 24 -20 -20 16 -20
4 16 -40 0 -20 -20 16 -20 20 16 -20 40 0 -20
4 16 20 16 -20 20 24 -20 40 24 -20 40 0 -20
4 16 40 24 20 36 24 16 -36 24 16 -40 24 20
4 16 -40 24 20 -36 24 16 -36 24 -16 -40 24 -20
3 16 -40 24 -20 -36 24 -16 -20 24 -20
3 16 -16 24 -20 -20 24 -20 -36 24 -16
4 16 -16 24 -20 -36 24 -16 36 24 -16 16 24 -20
3 16 36 24 -16 20 24 -20 16 24 -20
3 16 20 24 -20 36 24 -16 40 24 -20
4 16 40 24 -20 36 24 -16 36 24 16 40 24 20
1 16 20 0 0 1 0 0 0 1 0 0 0 1 p/stug-2x2.dat
1 16 -20 0 0 1 0 0 0 1 0 0 0 1 p/stug-2x2.dat
1 16 0 24 -30 0 0 -20 0 -8 0 -10 0 0 p/box3u5p.dat
1 16 0 16 -40 20 0 0 0 1 0 0 0 -20 p/2-4chrd.dat
1 16 0 16 -40 20 0 0 0 8 0 0 0 -20 p/2-4cylo.dat
0 BFC INVERTNEXT
1 16 0 24 -30 16 0 0 0 -6 0 0 0 10 p/box4-4a.dat
1 16 0 18 -40 16 0 0 0 -1 0 0 0 -16 p/2-4chrd.dat
0 BFC INVERTNEXT
1 16 0 18 -40 16 0 0 0 6 0 0 0 -16 p/2-4cylo.dat
4 16 -16 24 -40 -20 24 -40 -20 24 -20 -16 24 -20
4 16 16 24 -20 20 24 -20 20 24 -40 16 24 -40
1 16 0 24 -40 4 0 0 0 -1 0 0 0 -4 p/2-4ring4.dat
1 16 0 16 -40 6 0 0 0 1 0 0 0 6 p/4-4edge.dat
1 16 0 16 -40 4 0 0 0 1 0 0 0 4 p/4-4edge.dat
0 BFC INVERTNEXT
1 16 0 10 -40 4 0 0 0 6 0 0 0 4 p/4-4cyli.dat
1 16 0 10 -40 6 0 0 0 6 0 0 0 6 p/4-4cyli.dat
1 16 0 10 -40 0 0 1 0 1 0 1 0 0 p/connect4.dat
