0 BFC CERTIFY CCW
1 16 0 0 0 1 0 0 0 1 0 0 0 1 p/stug-2x2.dat
1 16 0 0 0 1 0 0 0 16 0 0 0 1 p/axl3hol8.dat
1 16 0 0 0 1 0 0 0 1 0 0 0 1 p/axl3ho10.dat
1 16 0 16 0 1 0 0 0 -1 0 0 0 1 p/axl3ho10.dat
1 16 0 0 0 -1 0 0 0 1 0 0 0 -1 p/axl3hol2.dat
1 16 0 0 0 -1 0 0 0 1 0 0 0 -1 p/axl3hol9.dat
1 16 0 16 0 -1 0 0 0 1 0 0 0 -1 p/axl3hol9.dat
1 16 0 16 0 -1 0 0 0 1 0 0 0 -1 p/axl3hol3.dat
0 BFC INVERTNEXT
1 16 0 20 0 -6 0 0 0 -4 0 0 0 -6 p/4-4cyli.dat
1 16 0 20 0 1 0 0 0 -1.5 0 0 0 1 p/stud4a.dat
1 16 0 20 0 -8 0 0 0 1 0 0 0 -8 p/4-4edge.dat
1 16 0 20 0 -9 0 0 0 1 0 0 0 -9 p/4-4edge.dat
1 16 0 20 0 -1 0 0 0 -1 0 0 0 1 p/4-4ring8.dat
1 16 0 4 0 -9 0 0 0 1 0 0 0 -9 p/4-4edge.dat
1 16 0 4 0 -9 0 0 0 16 0 0 0 -9 p/4-4cyli.dat
1 16 0 0 0 6 0 0 0 1 0 0 0 6 p/4-4ndis.dat
1 16 0 4 0 3 0 0 0 -1 0 0 0 -3 p/4-4ring3.dat
1 16 0 4 0 4 0 0 0 -1 0 0 0 -4 p/4-4ring3.dat
4 16 6 0 0 17 0 0 15.71 0 6.51 6 0 6
4 16 6 0 6 15.71 0 6.51 12.02 0 12.02 6.51 0 15.71
4 16 6 0 6 6.51 0 15.71 0 0 17 0 0 6
4 16 0 0 6 0 0 17 -6.51 0 15.71 -6 0 6
4 16 -6 0 6 -6.51 0 15.71 -12.02 0 12.02 -15.71 0 6.51
4 16 -6 0 0 -6 0 6 -15.71 0 6.51 -17 0 0
4 16 -6 0 0 -17 0 0 -15.71 0 -6.51 -6 0 -6
4 16 -6 0 -6 -15.71 0 -6.51 -12.02 0 -12.02 -6.51 0 -15.71
4 16 -6 0 -6 -6.51 0 -15.71 0 0 -17 0 0 -6
4 16 0 0 -6 0 0 -17 6.51 0 -15.71 6 0 -6
4 16 6 0 -6 6.51 0 -15.71 12.02 0 -12.02 15.71 0 -6.51
4 16 6 0 -6 15.71 0 -6.51 17 0 0 6 0 0
4 16 17 0 0 15.71 0 -6.51 31.41 1.87 -13.01 34 1.87 0
4 16 34 1.87 0 31.41 1.87 -13.01 47.12 5 -19.52 51 5 0
4 16 51 5 0 47.12 5 -19.52 62.82 9.37 -26.02 68 9.37 0
4 16 68 9.37 0 62.82 9.37 -26.02 78.53 15 -32.53 85 15 0
4 16 15.71 0 -6.51 12.02 0 -12.02 24.04 1.87 -24.04 31.41 1.87 -13.01
4 16 31.41 1.87 -13.01 24.04 1.87 -24.04 36.06 5 -36.06 47.12 5 -19.52
4 16 47.12 5 -19.52 36.06 5 -36.06 48.08 9.37 -48.08 62.82 9.37 -26.02
4 16 62.82 9.37 -26.02 48.08 9.37 -48.08 60.1 15 -60.1 78.53 15 -32.53
4 16 12.02 0 -12.02 6.51 0 -15.71 13.01 1.87 -31.41 24.04 1.87 -24.04
4 16 24.04 1.87 -24.04 13.01 1.87 -31.41 19.52 5 -47.12 36.06 5 -36.06
4 16 36.06 5 -36.06 19.52 5 -47.12 26.02 9.37 -62.82 48.08 9.37 -48.08
4 16 48.08 9.37 -48.08 26.02 9.37 -62.82 32.53 15 -78.53 60.1 15 -60.1
4 16 6.51 0 -15.71 0 0 -17 0 1.87 -34 13.01 1.87 -31.41
4 16 13.01 1.87 -31.41 0 1.87 -34 0 5 -51 19.52 5 -47.12
4 16 19.52 5 -47.12 0 5 -51 0 9.37 -68 26.02 9.37 -62.82
4 16 26.02 9.37 -62.82 0 9.37 -68 0 15 -85 32.53 15 -78.53
4 16 0 0 -17 -6.51 0 -15.71 -13.01 1.87 -31.41 0 1.87 -34
4 16 0 1.87 -34 -13.01 1.87 -31.41 -19.52 5 -47.12 0 5 -51
4 16 0 5 -51 -19.52 5 -47.12 -26.02 9.37 -62.82 0 9.37 -68
4 16 0 9.37 -68 -26.02 9.37 -62.82 -32.53 15 -78.53 0 15 -85
4 16 -6.51 0 -15.71 -12.02 0 -12.02 -24.04 1.87 -24.04 -13.01 1.87 -31.41
4 16 -13.01 1.87 -31.41 -24.04 1.87 -24.04 -36.06 5 -36.06 -19.52 5 -47.12
4 16 -19.52 5 -47.12 -36.06 5 -36.06 -48.08 9.37 -48.08 -26.02 9.37 -62.82
4 16 -26.02 9.37 -62.82 -48.08 9.37 -48.08 -60.1 15 -60.1 -32.53 15 -78.53
4 16 -12.02 0 -12.02 -15.71 0 -6.51 -31.41 1.87 -13.01 -24.04 1.87 -24.04
4 16 -24.04 1.87 -24.04 -31.41 1.87 -13.01 -47.12 5 -19.52 -36.06 5 -36.06
4 16 -36.06 5 -36.06 -47.12 5 -19.52 -62.82 9.37 -26.02 -48.08 9.37 -48.08
4 16 -48.08 9.37 -48.08 -62.82 9.37 -26.02 -78.53 15 -32.53 -60.1 15 -60.1
4 16 -15.71 0 -6.51 -17 0 0 -34 1.87 0 -31.41 1.87 -13.01
4 16 -31.41 1.87 -13.01 -34 1.87 0 -51 5 0 -47.12 5 -19.52
4 16 -47.12 5 -19.52 -51 5 0 -68 9.37 0 -62.82 9.37 -26.02
4 16 -62.82 9.37 -26.02 -68 9.37 0 -85 15 0 -78.53 15 -32.53
4 16 -17 0 0 -15.71 0 6.51 -31.41 1.87 13.01 -34 1.87 0
4 16 -34 1.87 0 -31.41 1.87 13.01 -47.12 5 19.52 -51 5 0
4 16 -51 5 0 -47.12 5 19.52 -62.82 9.37 26.02 -68 9.37 0
4 16 -68 9.37 0 -62.82 9.37 26.02 -78.53 15 32.53 -85 15 0
4 16 -15.71 0 6.51 -12.02 0 12.02 -24.04 1.87 24.04 -31.41 1.87 13.01
4 16 -31.41 1.87 13.01 -24.04 1.87 24.04 -36.06 5 36.06 -47.12 5 19.52
4 16 -47.12 5 19.52 -36.06 5 36.06 -48.08 9.37 48.08 -62.82 9.37 26.02
4 16 -62.82 9.37 26.02 -48.08 9.37 48.08 -60.1 15 60.1 -78.53 15 32.53
4 16 -12.02 0 12.02 -6.51 0 15.71 -13.01 1.87 31.41 -24.04 1.87 24.04
4 16 -24.04 1.87 24.04 -13.01 1.87 31.41 -19.52 5 47.12 -36.06 5 36.06
4 16 -36.06 5 36.06 -19.52 5 47.12 -26.02 9.37 62.82 -48.08 9.37 48.08
4 16 -48.08 9.37 48.08 -26.02 9.37 62.82 -32.53 15 78.53 -60.1 15 60.1
4 16 -6.51 0 15.71 0 0 17 0 1.87 34 -13.01 1.87 31.41
4 16 -13.01 1.87 31.41 0 1.87 34 0 5 51 -19.52 5 47.12
4 16 -19.52 5 47.12 0 5 51 0 9.37 68 -26.02 9.37 62.82
4 16 -26.02 9.37 62.82 0 9.37 68 0 15 85 -32.53 15 78.53
4 16 0 0 17 6.51 0 15.71 13.01 1.87 31.41 0 1.87 34
4 16 0 1.87 34 13.01 1.87 31.41 19.52 5 47.12 0 5 51
4 16 0 5 51 19.52 5 47.12 26.02 9.37 62.82 0 9.37 68
4 16 0 9.37 68 26.02 9.37 62.82 32.53 15 78.53 0 15 85
4 16 6.51 0 15.71 12.02 0 12.02 24.04 1.87 24.04 13.01 1.87 31.41
4 16 13.01 1.87 31.41 24.04 1.87 24.04 36.06 5 36.06 19.52 5 47.12
4 16 19.52 5 47.12 36.06 5 36.06 48.08 9.37 48.08 26.02 9.37 62.82
4 16 26.02 9.37 62.82 48.08 9.37 48.08 60.1 15 60.1 32.53 15 78.53
4 16 12.02 0 12.02 15.71 0 6.51 31.41 1.87 13.01 24.04 1.87 24.04
4 16 24.04 1.87 24.04 31.41 1.87 13.01 47.12 5 19.52 36.06 5 36.06
4 16 36.06 5 36.06 47.12 5 19.52 62.82 9.37 26.02 48.08 9.37 48.08
4 16 48.08 9.37 48.08 62.82 9.37 26.02 78.53 15 32.53 60.1 15 60.1
4 16 15.71 0 6.51 17 0 0 34 1.87 0 31.41 1.87 13.01
4 16 31.41 1.87 13.01 34 1.87 0 51 5 0 47.12 5 19.52
4 16 47.12 5 19.52 51 5 0 68 9.37 0 62.82 9.37 26.02
4 16 62.82 9.37 26.02 68 9.37 0 85 15 0 78.53 15 32.53
4 16 32 5.38 0 29.57 5.38 -12.25 14.78 4 -6.12 16 4 0
4 16 48 7.67 0 44.35 7.67 -18.37 29.57 5.38 -12.25 32 5.38 0
4 16 64 10.88 0 59.13 10.88 -24.49 44.35 7.67 -18.37 48 7.67 0
4 16 80 15.02 0 73.91 15.02 -30.62 59.13 10.88 -24.49 64 10.88 0
4 16 29.57 5.38 -12.25 22.63 5.38 -22.63 11.31 4 -11.31 14.78 4 -6.12
4 16 44.35 7.67 -18.37 33.94 7.67 -33.94 22.63 5.38 -22.63 29.57 5.38 -12.25
4 16 59.13 10.88 -24.49 45.26 10.88 -45.26 33.94 7.67 -33.94 44.35 7.67 -18.37
4 16 73.91 15.02 -30.62 56.57 15.02 -56.57 45.26 10.88 -45.26 59.13 10.88 -24.49
4 16 22.63 5.38 -22.63 12.25 5.38 -29.57 6.12 4 -14.78 11.31 4 -11.31
4 16 33.94 7.67 -33.94 18.37 7.67 -44.35 12.25 5.38 -29.57 22.63 5.38 -22.63
4 16 45.26 10.88 -45.26 24.49 10.88 -59.13 18.37 7.67 -44.35 33.94 7.67 -33.94
4 16 56.57 15.02 -56.57 30.62 15.02 -73.91 24.49 10.88 -59.13 45.26 10.88 -45.26
4 16 12.25 5.38 -29.57 0 5.38 -32 0 4 -16 6.12 4 -14.78
4 16 18.37 7.67 -44.35 0 7.67 -48 0 5.38 -32 12.25 5.38 -29.57
4 16 24.49 10.88 -59.13 0 10.88 -64 0 7.67 -48 18.37 7.67 -44.35
4 16 30.62 15.02 -73.91 0 15.02 -80 0 10.88 -64 24.49 10.88 -59.13
4 16 0 5.38 -32 -12.25 5.38 -29.57 -6.12 4 -14.78 0 4 -16
4 16 0 7.67 -48 -18.37 7.67 -44.35 -12.25 5.38 -29.57 0 5.38 -32
4 16 0 10.88 -64 -24.49 10.88 -59.13 -18.37 7.67 -44.35 0 7.67 -48
4 16 0 15.02 -80 -30.62 15.02 -73.91 -24.49 10.88 -59.13 0 10.88 -64
4 16 -12.25 5.38 -29.57 -22.63 5.38 -22.63 -11.31 4 -11.31 -6.12 4 -14.78
4 16 -18.37 7.67 -44.35 -33.94 7.67 -33.94 -22.63 5.38 -22.63 -12.25 5.38 -29.57
4 16 -24.49 10.88 -59.13 -45.26 10.88 -45.26 -33.94 7.67 -33.94 -18.37 7.67 -44.35
4 16 -30.62 15.02 -73.91 -56.57 15.02 -56.57 -45.26 10.88 -45.26 -24.49 10.88 -59.13
4 16 -22.63 5.38 -22.63 -29.57 5.38 -12.25 -14.78 4 -6.12 -11.31 4 -11.31
4 16 -33.94 7.67 -33.94 -44.35 7.67 -18.37 -29.57 5.38 -12.25 -22.63 5.38 -22.63
4 16 -45.26 10.88 -45.26 -59.13 10.88 -24.49 -44.35 7.67 -18.37 -33.94 7.67 -33.94
4 16 -56.57 15.02 -56.57 -73.91 15.02 -30.62 -59.13 10.88 -24.49 -45.26 10.88 -45.26
4 16 -29.57 5.38 -12.25 -32 5.38 0 -16 4 0 -14.78 4 -6.12
4 16 -44.35 7.67 -18.37 -48 7.67 0 -32 5.38 0 -29.57 5.38 -12.25
4 16 -59.13 10.88 -24.49 -64 10.88 0 -48 7.67 0 -44.35 7.67 -18.37
4 16 -73.91 15.02 -30.62 -80 15.02 0 -64 10.88 0 -59.13 10.88 -24.49
4 16 -32 5.38 0 -29.57 5.38 12.25 -14.78 4 6.12 -16 4 0
4 16 -48 7.67 0 -44.35 7.67 18.37 -29.57 5.38 12.25 -32 5.38 0
4 16 -64 10.88 0 -59.13 10.88 24.49 -44.35 7.67 18.37 -48 7.67 0
4 16 -80 15.02 0 -73.91 15.02 30.62 -59.13 10.88 24.49 -64 10.88 0
4 16 -29.57 5.38 12.25 -22.63 5.38 22.63 -11.31 4 11.31 -14.78 4 6.12
4 16 -44.35 7.67 18.37 -33.94 7.67 33.94 -22.63 5.38 22.63 -29.57 5.38 12.25
4 16 -59.13 10.88 24.49 -45.26 10.88 45.26 -33.94 7.67 33.94 -44.35 7.67 18.37
4 16 -73.91 15.02 30.62 -56.57 15.02 56.57 -45.26 10.88 45.26 -59.13 10.88 24.49
4 16 -22.63 5.38 22.63 -12.25 5.38 29.57 -6.12 4 14.78 -11.31 4 11.31
4 16 -33.94 7.67 33.94 -18.37 7.67 44.35 -12.25 5.38 29.57 -22.63 5.38 22.63
4 16 -45.26 10.88 45.26 -24.49 10.88 59.13 -18.37 7.67 44.35 -33.94 7.67 33.94
4 16 -56.57 15.02 56.57 -30.62 15.02 73.91 -24.49 10.88 59.13 -45.26 10.88 45.26
4 16 -12.25 5.38 29.57 0 5.38 32 0 4 16 -6.12 4 14.78
4 16 -18.37 7.67 44.35 0 7.67 48 0 5.38 32 -12.25 5.38 29.57
4 16 -24.49 10.88 59.13 0 10.88 64 0 7.67 48 -18.37 7.67 44.35
4 16 -30.62 15.02 73.91 0 15.02 80 0 10.88 64 -24.49 10.88 59.13
4 16 0 5.38 32 12.25 5.38 29.57 6.12 4 14.78 0 4 16
4 16 0 7.67 48 18.37 7.67 44.35 12.25 5.38 29.57 0 5.38 32
4 16 0 10.88 64 24.49 10.88 59.13 18.37 7.67 44.35 0 7.67 48
4 16 0 15.02 80 30.62 15.02 73.91 24.49 10.88 59.13 0 10.88 64
4 16 12.25 5.38 29.57 22.63 5.38 22.63 11.31 4 11.31 6.12 4 14.78
4 16 18.37 7.67 44.35 33.94 7.67 33.94 22.63 5.38 22.63 12.25 5.38 29.57
4 16 24.49 10.88 59.13 45.26 10.88 45.26 33.94 7.67 33.94 18.37 7.67 44.35
4 16 30.62 15.02 73.91 56.57 15.02 56.57 45.26 10.88 45.26 24.49 10.88 59.13
4 16 22.63 5.38 22.63 29.57 5.38 12.25 14.78 4 6.12 11.31 4 11.31
4 16 33.94 7.67 33.94 44.35 7.67 18.37 29.57 5.38 12.25 22.63 5.38 22.63
4 16 45.26 10.88 45.26 59.13 10.88 24.49 44.35 7.67 18.37 33.94 7.67 33.94
4 16 56.57 15.02 56.57 73.91 15.02 30.62 59.13 10.88 24.49 45.26 10.88 45.26
4 16 29.57 5.38 12.25 32 5.38 0 16 4 0 14.78 4 6.12
4 16 44.35 7.67 18.37 48 7.67 0 32 5.38 0 29.57 5.38 12.25
4 16 59.13 10.88 24.49 64 10.88 0 48 7.67 0 44.35 7.67 18.37
4 16 73.91 15.02 30.62 80 15.02 0 64 10.88 0 59.13 10.88 24.49
1 16 0 15 0 85 0 0 0 1 0 0 0 85 p/4-4edge.dat
1 16 0 26 0 5 0 0 0 -11 0 0 0 -5 p/4-4con17.dat
0 BFC INVERTNEXT
1 16 0 21 0 4 0 0 0 -6 0 0 0 -4 p/4-4con20.dat
0 BFC INVERTNEXT
1 16 0 26 0 2 0 0 0 -5 0 0 0 -2 p/4-4con42.dat
1 16 0 26 0 90 0 0 0 1 0 0 0 90 p/4-4edge.dat
1 16 0 26 0 86 0 0 0 1 0 0 0 86 p/4-4edge.dat
1 16 0 33 0 80 0 0 0 1 0 0 0 80 p/4-4edge.dat
1 16 0 15 0 80 0 0 0 1 0 0 0 80 p/4-4edge.dat
1 16 0 15 0 80 0 0 0 18 0 0 0 80 p/4-4cyli.dat
1 16 0 33 0 77 0 0 0 1 0 0 0 77 p/4-4edge.dat
1 16 0 33 0 1 0 0 0 -1 0 0 0 -1 p/4-4rin77.dat
1 16 0 33 0 2 0 0 0 -1 0 0 0 -2 p/4-4rin39.dat
1 16 0 14.25 0 77 0 0 0 1 0 0 0 77 p/4-4edge.dat
0 BFC INVERTNEXT
1 16 0 14.25 0 77 0 0 0 18.75 0 0 0 77 p/4-4cyli.dat
1 16 0 26 0 2 0 0 0 -1 0 0 0 -2 p/4-4rin43.dat
1 16 0 26 0 2 0 0 0 -1 0 0 0 -2 p/4-4rin44.dat
1 16 8.7 4 -1.5 0 0 10 11 0 0 0 3 0 p/tri3u1.dat
1 16 -1.5 4 -8.7 0 3 0 11 0 0 0 0 -10 p/tri3u1.dat
1 16 -8.7 4 1.5 0 0 -10 11 0 0 0 -3 0 p/tri3u1.dat
1 16 1.5 4 8.7 0 -3 0 11 0 0 0 0 10 p/tri3u1.dat
