0 BFC CERTIFY CCW
1 16 0 0 0 0 0 1 0 1 0 -1 0 0 p/stug2.dat
1 16 0 4 0 1 0 0 0 -1 0 0 0 -1 p/stud4.dat
1 16 0 8 0 20 0 0 0 -8 0 0 0 20 p/box3u2p.dat
0 BFC INVERTNEXT
1 16 0 8 0 16 0 0 0 -4 0 0 0 16 p/box5.dat
4 16 16 8 -16 16 8 16 20 8 20 20 8 -20
4 16 16 8 16 -16 8 16 -20 8 20 20 8 20
4 16 -16 8 16 -16 8 -16 -20 8 -20 -20 8 20
4 16 -16 8 -16 16 8 -16 20 8 -20 -20 8 -20
1 16 40 -6 0 0 -1 0 1 0 0 0 0 1 p/connect.dat
1 16 -40 -6 0 0 1 0 1 0 0 0 0 -1 p/connect.dat
1 16 -40 -6 0 0 1 0 14 0 0 0 0 -14 p/4-4edge.dat
1 16 -40 -6 0 0 1 0 8 0 0 0 0 -8 p/4-4edge.dat
1 16 -40 -6 0 0 1 0 4 0 0 0 0 4 p/4-4edge.dat
1 16 -40 -6 0 0 1 0 14 0 0 0 0 -14 p/4-4disc.dat
1 16 -40 -6 0 0 3 0 14 0 0 0 0 -14 p/4-4cyli.dat
1 16 -37 -6 0 0 1 0 14 0 0 0 0 -14 p/4-4edge.dat
1 16 -37 -6 0 0 -1 0 14 0 0 0 0 -14 p/4-4disc.dat
1 16 40 -6 0 0 1 0 14 0 0 0 0 14 p/4-4edge.dat
1 16 40 -6 0 0 1 0 8 0 0 0 0 8 p/4-4edge.dat
1 16 40 -6 0 0 1 0 4 0 0 0 0 4 p/4-4edge.dat
1 16 40 -6 0 0 -1 0 14 0 0 0 0 14 p/4-4disc.dat
1 16 40 -6 0 0 -3 0 14 0 0 0 0 14 p/4-4cyli.dat
1 16 37 -6 0 0 1 0 14 0 0 0 0 14 p/4-4edge.dat
1 16 37 -6 0 0 1 0 14 0 0 0 0 14 p/4-4disc.dat
4 16 -20 -16 -8 -20 0 -16 -20 0 16 -20 -16 8
1 16 -34 -15.5 0 0 -1 0 0 0 -0.5 -3.353 0 0 p/rect.dat
1 16 -23 -15.5 0 0 1 0 0 0 -0.5 5 0 0 p/rect.dat
4 16 -34 -16 3.353 -23 -16 5 -23 -16 8 -37 -16 6
1 16 -21.5 -16 0 0 0 1.5 0 1 0 8 0 0 p/rect3.dat
1 16 21.5 -16 0 0 0 -1.5 0 1 0 -8 0 0 p/rect3.dat
4 16 -37 -16 -6 -23 -16 -8 -23 -16 -5 -34 -16 -3.353
4 16 -37 -16 -6 -34 -16 -3.353 -34 -16 3.353 -37 -16 6
4 16 -34 -15 3.353 -23 -15 5 -23 -16 5 -34 -16 3.353
4 16 -34 -16 -3.353 -23 -16 -5 -23 -15 -5 -34 -15 -3.353
4 16 -34 -15 -3.353 -23 -15 -5 -23 -15 5 -34 -15 3.353
4 16 -37 -12 6 -23 -12 8 -23 -12 -8 -37 -12 -6
3 16 -20 0 16 -20 0 20 -37 -8 12
3 16 -37 -8 -12 -20 0 -20 -20 0 -16
1 16 -28.5 0 -16 0 0 -8.5 4 0 -4 0 1 4 p/rect3.dat
1 16 -28.5 0 16 0 0 -8.5 4 0 -4 0 -1 -4 p/rect3.dat
1 16 28.5 0 16 0 0 8.5 4 0 -4 0 -1 -4 p/rect3.dat
1 16 28.5 0 -16 0 0 8.5 4 0 -4 0 1 4 p/rect3.dat
4 16 -37 0 -7 -37 -8 -7 -23 -1.412 -9 -23 2.588 -9
4 16 -23 2.588 9 -23 -1.412 9 -37 -8 7 -37 0 7
4 16 -37 0 -7 -23 2.588 -9 -20 4 -9.429 -20 8 -9.429
4 16 -20 8 9.429 -20 4 9.429 -23 2.588 9 -37 0 7
4 16 -20 4 -9.429 -23 2.588 -9 -23 2.588 9 -20 4 9.429
1 16 -20 6 0 0 1 0 0 0 -2 9.429 0 0 p/rect3.dat
4 16 -23 -1.412 -15.294 -20 0 -16 -20 -16 -8 -23 -16 -8
4 16 -23 -16 8 -20 -16 8 -20 0 16 -23 -1.412 15.294
4 16 -37 -8 12 -37 -8 7 -23 -1.412 9 -23 -1.412 15.294
4 16 -23 -1.412 -15.294 -23 -1.412 -9 -37 -8 -7 -37 -8 -12
3 16 -23 -1.412 -15.294 -23 -16 -8 -23 -12 -8
3 16 -23 -12 8 -23 -16 8 -23 -1.412 15.294
4 16 -23 -12 8 -23 -1.412 15.294 -23 -1.412 -15.294 -23 -12 -8
4 16 -33.948 1.436 -10.436 -20 8 -17 -20 8 -20 -37 0 -12
4 16 -20 8 -12.429 -33.948 1.436 -10.436 -37 0 -7 -20 8 -9.429
4 16 -33.948 -2.564 -10.436 -20 4 -17 -20 8 -17 -33.948 1.436 -10.436
4 16 -33.948 1.436 -10.436 -20 8 -12.429 -20 4 -12.429 -33.948 -2.564 -10.436
3 16 -33.948 -2.564 -10.436 -20 4 -12.429 -20 4 -17
3 16 -33.948 1.436 -10.436 -37 0 -12 -37 0 -7
4 16 -20 4 -17 -20 4 -12.429 -20 8 -12.429 -20 8 -17
4 16 -37 0 12 -20 8 20 -20 8 17 -33.948 1.436 10.436
4 16 -20 8 9.429 -37 0 7 -33.948 1.436 10.436 -20 8 12.429
4 16 -33.948 1.436 10.436 -20 8 17 -20 4 17 -33.948 -2.564 10.436
4 16 -33.948 -2.564 10.436 -20 4 12.429 -20 8 12.429 -33.948 1.436 10.436
3 16 -20 4 17 -20 4 12.429 -33.948 -2.564 10.436
3 16 -37 0 7 -37 0 12 -33.948 1.436 10.436
4 16 -20 8 17 -20 8 12.429 -20 4 12.429 -20 4 17
4 16 20 -16 8 20 0 16 20 0 -16 20 -16 -8
1 16 34 -15.5 0 0 1 0 0 0 -0.5 3.353 0 0 p/rect.dat
1 16 23 -15.5 0 0 -1 0 0 0 -0.5 -5 0 0 p/rect.dat
4 16 34 -16 -3.353 23 -16 -5 23 -16 -8 37 -16 -6
4 16 37 -16 6 23 -16 8 23 -16 5 34 -16 3.353
4 16 37 -16 6 34 -16 3.353 34 -16 -3.353 37 -16 -6
4 16 34 -15 -3.353 23 -15 -5 23 -16 -5 34 -16 -3.353
4 16 34 -16 3.353 23 -16 5 23 -15 5 34 -15 3.353
4 16 34 -15 3.353 23 -15 5 23 -15 -5 34 -15 -3.353
4 16 37 -12 -6 23 -12 -8 23 -12 8 37 -12 6
1 16 30 -14 7 7 0 0 0 0 -2 -1 -1 0 p/rect.dat
1 16 30 -14 -7 7 0 0 0 0 -2 1 1 0 p/rect.dat
1 16 -30 -14 -7 -7 0 0 0 0 -2 1 1 0 p/rect.dat
1 16 -30 -14 7 -7 0 0 0 0 -2 -1 -1 0 p/rect.dat
3 16 20 0 -16 20 0 -20 37 -8 -12
3 16 37 -8 12 20 0 20 20 0 16
4 16 37 -8 -12 20 0 -20 20 8 -20 37 0 -12
4 16 37 0 7 37 -8 7 23 -1.412 9 23 2.588 9
4 16 23 2.588 -9 23 -1.412 -9 37 -8 -7 37 0 -7
4 16 37 0 7 23 2.588 9 20 4 9.429 20 8 9.429
4 16 20 8 -9.429 20 4 -9.429 23 2.588 -9 37 0 -7
4 16 20 4 9.429 23 2.588 9 23 2.588 -9 20 4 -9.429
1 16 23 0.588 0 0 -1 0 0 0 2 9 0 0 p/rect3.dat
1 16 -23 0.588 0 0 1 0 0 0 2 -9 0 0 p/rect3.dat
1 16 20 6 0 0 -1 0 0 0 -2 -9.429 0 0 p/rect3.dat
4 16 23 -1.412 15.294 20 0 16 20 -16 8 23 -16 8
4 16 23 -16 -8 20 -16 -8 20 0 -16 23 -1.412 -15.294
4 16 37 -8 -12 37 -8 -7 23 -1.412 -9 23 -1.412 -15.294
4 16 23 -1.412 15.294 23 -1.412 9 37 -8 7 37 -8 12
3 16 23 -1.412 15.294 23 -16 8 23 -12 8
3 16 23 -12 -8 23 -16 -8 23 -1.412 -15.294
4 16 23 -12 -8 23 -1.412 -15.294 23 -1.412 15.294 23 -12 8
4 16 33.948 1.436 10.436 20 8 17 20 8 20 37 0 12
4 16 20 8 12.429 33.948 1.436 10.436 37 0 7 20 8 9.429
4 16 33.948 -2.564 10.436 20 4 17 20 8 17 33.948 1.436 10.436
4 16 33.948 1.436 10.436 20 8 12.429 20 4 12.429 33.948 -2.564 10.436
3 16 33.948 -2.564 10.436 20 4 12.429 20 4 17
3 16 33.948 1.436 10.436 37 0 12 37 0 7
4 16 20 4 17 20 4 12.429 20 8 12.429 20 8 17
4 16 37 0 -12 20 8 -20 20 8 -17 33.948 1.436 -10.436
4 16 20 8 -9.429 37 0 -7 33.948 1.436 -10.436 20 8 -12.429
4 16 33.948 1.436 -10.436 20 8 -17 20 4 -17 33.948 -2.564 -10.436
4 16 33.948 -2.564 -10.436 20 4 -12.429 20 8 -12.429 33.948 1.436 -10.436
3 16 20 4 -17 20 4 -12.429 33.948 -2.564 -10.436
3 16 37 0 -7 37 0 -12 33.948 1.436 -10.436
4 16 20 8 -17 20 8 -12.429 20 4 -12.429 20 4 -17
1 16 -37 -12 0 0 0 2 0 1 0 -2 0 0 p/2-4edge.dat
1 16 -37 1 0 0 0 2 0 1 0 -2 0 0 p/2-4edge.dat
1 16 -37 1 0 0 0 2 0 -1 0 -2 0 0 p/2-4disc.dat
1 16 -37 -12 0 0 0 2 0 13 0 -2 0 0 p/2-4cyli.dat
1 16 37 -12 0 0 0 -2 0 1 0 2 0 0 p/2-4edge.dat
1 16 37 1 0 0 0 -2 0 1 0 2 0 0 p/2-4edge.dat
1 16 37 1 0 0 0 -2 0 -1 0 2 0 0 p/2-4disc.dat
1 16 37 -12 0 0 0 -2 0 13 0 2 0 0 p/2-4cyli.dat
