0 BFC CERTIFY CCW
1 16 -30 0 0 0 0 -1 0 1 0 1 0 0 p/stug-1x2.dat
1 16 0 40 0 1 0 0 0 -8 0 0 0 1 p/stud4a.dat
1 16 0 41 -11.8 0 0 1 0 26 0 4.2 0 0 p/box3u7a.dat
1 16 0 41 11.8 0 0 1 0 26 0 -4.2 0 0 p/box3u7a.dat
1 16 20 36 0 1 0 0 0 -9 0 0 0 1 p/stud4a.dat
1 16 -20 36 0 -1 0 0 0 -9 0 0 0 1 p/stud4a.dat
0 BFC INVERTNEXT
1 16 -20 36 0 6 0 0 0 -10 0 0 0 6 p/1-4cyls.dat
0 BFC INVERTNEXT
1 16 -20 36 0 6 0 0 0 -10 0 0 0 -6 p/1-4cyls.dat
0 BFC INVERTNEXT
1 16 -20 36 0 0 0 -6 0 -32 0 6 0 0 p/2-4cyli.dat
1 16 -20 36 0 8 0 0 0 -10 0 0 0 -8 p/1-4cyls.dat
1 16 -20 36 0 8 0 0 0 -10 0 0 0 8 p/1-4cyls.dat
1 16 -20 36 0 0 0 -8 0 -32 0 8 0 0 p/2-4cyli.dat
1 16 -20 4 0 -3.06147 0 -7.39104 0 -1 0 7.39104 0 -3.06147 p/3-8edge.dat
1 16 -20 4 0 -2.2961 0 -5.54328 0 -1 0 5.54328 0 -2.2961 p/3-8edge.dat
1 16 -20 24 -11.8 0 0 -1 0 43 0 4.2 0 0 p/box3u7a.dat
1 16 -20 24 11.8 0 0 -1 0 43 0 -4.2 0 0 p/box3u7a.dat
0 BFC INVERTNEXT
1 16 20 36 0 -6 0 0 0 -10 0 0 0 6 p/1-4cyls.dat
0 BFC INVERTNEXT
1 16 20 36 0 -6 0 0 0 -10 0 0 0 -6 p/1-4cyls.dat
0 BFC INVERTNEXT
1 16 20 36 0 0 0 6 0 -32 0 6 0 0 p/2-4cyli.dat
1 16 20 36 0 -8 0 0 0 -10 0 0 0 -8 p/1-4cyls.dat
1 16 20 36 0 -8 0 0 0 -10 0 0 0 8 p/1-4cyls.dat
1 16 20 36 0 0 0 8 0 -32 0 8 0 0 p/2-4cyli.dat
1 16 20 4 0 3.06147 0 7.39104 0 -1 0 7.39104 0 -3.06147 p/3-8edge.dat
1 16 20 4 0 2.2961 0 5.54328 0 -1 0 5.54328 0 -2.2961 p/3-8edge.dat
1 16 20 24 -11.8 0 0 1 0 43 0 4.2 0 0 p/box3u7a.dat
1 16 20 24 11.8 0 0 1 0 43 0 -4.2 0 0 p/box3u7a.dat
1 16 -60 68 0 0 1 0 0 0 -4 -20 0 0 p/rect.dat
1 16 60 68 0 0 -1 0 0 0 -4 20 0 0 p/rect.dat
1 16 -56 68 0 0 -1 0 -4 0 0 0 0 -16 p/rect.dat
1 16 56 68 0 0 1 0 -4 0 0 0 0 16 p/rect.dat
1 16 30 0 0 10 0 0 0 1 0 0 0 20 p/rect.dat
1 16 -30 0 0 10 0 0 0 1 0 0 0 20 p/rect.dat
4 16 56 72 -16 56 72 16 60 72 20 60 72 -20
4 16 56 72 -16 60 72 -20 -60 72 -20 -56 72 -16
4 16 -56 72 -16 -60 72 -20 -60 72 20 -56 72 16
4 16 -60 72 20 60 72 20 56 72 16 -56 72 16
0 BFC INVERTNEXT
1 16 0 20 20 0 0 -18 18 0 0 0 -40 0 p/48/5-16cyli.dat
0 BFC INVERTNEXT
1 16 0 20 20 0 0 18 18 0 0 0 -40 0 p/48/5-16cyli.dat
1 16 0 20 20 18 0 0 0 0 18 0 -1 0 p/48/2-4ndis.dat
1 16 0 20 -20 18 0 0 0 0 18 0 1 0 p/48/2-4ndis.dat
1 16 0 20 20 18 0 0 0 0 18 0 -1 0 p/48/2-4edge.dat
1 16 0 20 -20 18 0 0 0 0 18 0 1 0 p/48/2-4edge.dat
0 BFC INVERTNEXT
1 16 -72.3992 20 20 32.39916 0 0 0 0 47.6242 0 -40 0 p/48/3-16cylo.dat
1 16 0 20 20 -16.62983 0 -6.8883 -6.8883 0 16.62983 0 -1 0 p/48/1-16ndis.dat
1 16 0 20 -20 -16.62983 0 -6.8883 -6.8883 0 16.62983 0 1 0 p/48/1-16ndis.dat
1 16 0 20 20 16.62983 0 6.8883 -6.8883 0 16.62983 0 -1 0 p/48/1-16ndis.dat
1 16 0 20 -20 16.62983 0 6.8883 -6.8883 0 16.62983 0 1 0 p/48/1-16ndis.dat
1 16 0 20 20 -16.62983 0 -6.8883 -6.8883 0 16.62983 0 -1 0 p/48/1-16edge.dat
1 16 0 20 -20 -16.62983 0 -6.8883 -6.8883 0 16.62983 0 1 0 p/48/1-16edge.dat
1 16 0 20 20 16.62983 0 6.8883 -6.8883 0 16.62983 0 -1 0 p/48/1-16edge.dat
1 16 0 20 -20 16.62983 0 6.8883 -6.8883 0 16.62983 0 1 0 p/48/1-16edge.dat
1 16 -72.3992 20 20 32.39916 0 0 0 0 47.6242 0 -1 0 p/48/3-16ndis.dat
4 16 -40 0 20 -20 0 20 -16.6302 13.1114 20 -40 20 20
4 16 -40 20 20 -16.6302 13.1114 20 -23.5181 29.7415 20 -40 67.6242 20
4 16 -18 38 20 -40 67.6242 20 -23.5181 29.7415 20 -18.0005 20.0001 20
3 16 -60 72 20 -60 64 20 -40 67.6242 20
1 16 -72.3992 20 -20 32.39916 0 0 0 0 47.6242 0 1 0 p/48/3-16ndis.dat
4 16 -16.6302 13.1114 -20 -20 0 -20 -40 0 -20 -40 20 -20
4 16 -23.5181 29.7415 -20 -16.6302 13.1114 -20 -40 20 -20 -40 67.6242 -20
4 16 -23.5181 29.7415 -20 -40 67.6242 -20 -18 38 -20 -18.0005 20.0001 -20
4 16 40 0 -20 20 0 -20 16.6302 13.1114 -20 40 20 -20
4 16 40 20 -20 16.6302 13.1114 -20 23.5181 29.7415 -20 40 67.6242 -20
4 16 18 38 -20 40 67.6242 -20 23.5181 29.7415 -20 18.0005 20.0001 -20
4 16 18 38 -20 -18 38 -20 -40 67.6242 -20 40 67.6242 -20
3 16 -60 64 -20 -60 72 -20 -40 67.6242 -20
1 16 -40 10 0 0 1 0 10 0 0 0 0 -20 p/rect2p.dat
1 16 -18.3151 6.5557 0 0 -1 1.6849 0 0 6.5557 -20 0 0 p/rect3.dat
0 BFC INVERTNEXT
1 16 72.3992 20 20 -32.39916 0 0 0 0 47.6242 0 -40 0 p/48/3-16cylo.dat
1 16 72.3992 20 20 -32.39916 0 0 0 0 47.6242 0 -1 0 p/48/3-16ndis.dat
4 16 16.6302 13.1114 20 20 0 20 40 0 20 40 20 20
4 16 23.5181 29.7415 20 16.6302 13.1114 20 40 20 20 40 67.6242 20
4 16 23.5181 29.7415 20 40 67.6242 20 18 38 20 18.0005 20.0001 20
3 16 60 64 20 60 72 20 40 67.6242 20
1 16 72.3992 20 -20 -32.39916 0 0 0 0 47.6242 0 1 0 p/48/3-16ndis.dat
3 16 60 72 -20 60 64 -20 40 67.6242 -20
1 16 40 10 0 0 -1 0 -10 0 0 0 0 -20 p/rect2p.dat
4 16 -40 67.6242 20 -18 38 20 18 38 20 40 67.6242 20
4 16 -40 67.6242 20 40 67.6242 20 60 72 20 -60 72 20
4 16 60 72 -20 40 67.6242 -20 -40 67.6242 -20 -60 72 -20
1 16 -68.3992 20 16 32.39916 0 0 0 0 47.6242 0 -32 0 p/3-16cylo.dat
1 16 -68.3992 20 -16 32.39916 0 0 0 0 47.6242 0 -1 0 p/3-16ndis.dat
4 16 -24 4 -16 -22 20 -16 -36 20 -16 -36 4 -16
4 16 -36 20 -16 -22 20 -16 -22 42 -16 -36 67.6242 -16
4 16 36 20 -16 22 20 -16 24 4 -16 36 4 -16
4 16 22 42 -16 22 20 -16 36 20 -16 36 67.6242 -16
4 16 -22 42 -16 22 42 -16 36 67.6242 -16 -36 67.6242 -16
3 16 -56 64 -16 -36 67.6242 -16 -56 72 -16
1 16 -68.3992 20 16 32.39916 0 0 0 0 47.6242 0 1 0 p/3-16ndis.dat
4 16 -36 20 16 -22 20 16 -24 4 16 -36 4 16
4 16 -22 42 16 -22 20 16 -36 20 16 -36 67.6242 16
3 16 -36 67.6242 16 -56 64 16 -56 72 16
1 16 -36 12 0 0 -1 0 -8 0 0 0 0 -16 p/rect2p.dat
1 16 -23 12 0 -1 1 0 -8 0 0 0 0 16 p/rect2p.dat
1 16 68.3992 20 16 -32.39916 0 0 0 0 47.6242 0 -32 0 p/3-16cylo.dat
1 16 30 4 0 -6 0 0 0 -1 0 0 0 16 p/rect.dat
1 16 68.3992 20 -16 -32.39916 0 0 0 0 47.6242 0 -1 0 p/3-16ndis.dat
3 16 36 67.6242 -16 56 64 -16 56 72 -16
1 16 68.3992 20 16 -32.39916 0 0 0 0 47.6242 0 1 0 p/3-16ndis.dat
4 16 24 4 16 22 20 16 36 20 16 36 4 16
4 16 36 20 16 22 20 16 22 42 16 36 67.6242 16
3 16 56 64 16 36 67.6242 16 56 72 16
1 16 36 12 0 0 1 0 8 0 0 0 0 -16 p/rect2p.dat
1 16 23 12 0 -1 -1 0 8 0 0 0 0 16 p/rect2p.dat
1 16 0 20 -16 22 0 0 0 0 22 0 -1 0 p/2-4ndis.dat
4 16 -56 72 -16 -36 67.6242 -16 36 67.6242 -16 56 72 -16
1 16 0 20 16 22 0 0 0 0 22 0 1 0 p/2-4ndis.dat
4 16 36 67.6242 16 22 42 16 -22 42 16 -36 67.6242 16
4 16 36 67.6242 16 -36 67.6242 16 -56 72 16 56 72 16
1 16 0 20 16 22 0 0 0 0 22 0 -32 0 p/2-4cylo.dat
1 16 18.3149 6.55585 0 0 1 -1.6851 0 0 6.55585 20 0 0 p/rect3.dat
1 16 -30 4 0 6 0 0 0 -1 0 0 0 16 p/rect.dat
1 16 30 0 0 0 0 -1 0 1 0 1 0 0 p/stug-1x2.dat
