0 BFC CERTIFY CCW
1 16 0 2.75 0 1 0 0 0 -1.3125 0 0 0 1 p/stud4.dat
4 16 11.36 2.75 16 14.14 2.75 14.14 16 2.75 11.36 8 2.75 8
4 16 16 2.75 -11.36 14.14 2.75 -14.14 11.36 2.75 -16 8 2.75 -8
4 16 -11.36 2.75 -16 -14.14 2.75 -14.14 -16 2.75 -11.36 -8 2.75 -8
4 16 -16 2.75 11.36 -14.14 2.75 14.14 -11.36 2.75 16 -8 2.75 8
4 16 16 2.75 11.36 16 2.75 -11.36 8 2.75 -8 8 2.75 8
4 16 11.36 2.75 -16 -11.36 2.75 -16 -8 2.75 -8 8 2.75 -8
4 16 -16 2.75 -11.36 -16 2.75 11.36 -8 2.75 8 -8 2.75 -8
4 16 -11.36 2.75 16 11.36 2.75 16 8 2.75 8 -8 2.75 8
1 16 0 2.75 0 8 0 0 0 -1 0 0 0 8 p/4-4ndis.dat
1 16 0 2.75 0 6 0 0 0 -1 0 0 0 6 p/4-4disc.dat
1 16 0 5.375 -16 11.36 0 0 0 0 -2.625 0 -1 0 p/rect.dat
4 16 7.6537 8 -18.4776 -7.6537 8 -18.4776 -11.36 8 -16 11.36 8 -16
1 16 0 8 0 -7.6537 0 18.4776 0 -1 0 -18.4776 0 -7.6537 p/1-8chrd.dat
1 16 0 2.75 0 -7.6537 0 18.4776 0 5.25 0 -18.4776 0 -7.6537 p/1-8cyli.dat
1 16 0 8 0 -7.6537 0 18.4776 0 1 0 -18.4776 0 -7.6537 p/1-8edge.dat
4 16 7.6537 2.75 -18.4776 7.6537 8 -18.4776 11.36 8 -16 11.36 2.75 -16
4 16 -7.6537 8 -18.4776 -7.6537 2.75 -18.4776 -11.36 2.75 -16 -11.36 8 -16
1 16 16 5.375 0 0 1 0 0 0 -2.625 11.36 0 0 p/rect.dat
4 16 18.4776 8 7.6537 18.4776 8 -7.6537 16 8 -11.36 16 8 11.36
1 16 0 8 0 18.4776 0 7.6537 0 -1 0 -7.6537 0 18.4776 p/1-8chrd.dat
1 16 0 2.75 0 18.4776 0 7.6537 0 5.25 0 -7.6537 0 18.4776 p/1-8cyli.dat
1 16 0 8 0 18.4776 0 7.6537 0 1 0 -7.6537 0 18.4776 p/1-8edge.dat
4 16 18.4776 2.75 7.6537 18.4776 8 7.6537 16 8 11.36 16 2.75 11.36
4 16 18.4776 8 -7.6537 18.4776 2.75 -7.6537 16 2.75 -11.36 16 8 -11.36
1 16 0 5.375 16 -11.36 0 0 0 0 -2.625 0 1 0 p/rect.dat
4 16 -7.6537 8 18.4776 7.6537 8 18.4776 11.36 8 16 -11.36 8 16
1 16 0 8 0 7.6537 0 -18.4776 0 -1 0 18.4776 0 7.6537 p/1-8chrd.dat
1 16 0 2.75 0 7.6537 0 -18.4776 0 5.25 0 18.4776 0 7.6537 p/1-8cyli.dat
1 16 0 8 0 7.6537 0 -18.4776 0 1 0 18.4776 0 7.6537 p/1-8edge.dat
4 16 -7.6537 2.75 18.4776 -7.6537 8 18.4776 -11.36 8 16 -11.36 2.75 16
4 16 7.6537 8 18.4776 7.6537 2.75 18.4776 11.36 2.75 16 11.36 8 16
1 16 -16 5.375 0 0 -1 0 0 0 -2.625 -11.36 0 0 p/rect.dat
4 16 -18.4776 8 -7.6537 -18.4776 8 7.6537 -16 8 11.36 -16 8 -11.36
1 16 0 8 0 -18.4776 0 -7.6537 0 -1 0 7.6537 0 -18.4776 p/1-8chrd.dat
1 16 0 2.75 0 -18.4776 0 -7.6537 0 5.25 0 7.6537 0 -18.4776 p/1-8cyli.dat
1 16 0 8 0 -18.4776 0 -7.6537 0 1 0 7.6537 0 -18.4776 p/1-8edge.dat
4 16 -18.4776 2.75 -7.6537 -18.4776 8 -7.6537 -16 8 -11.36 -16 2.75 -11.36
4 16 -18.4776 8 7.6537 -18.4776 2.75 7.6537 -16 2.75 11.36 -16 8 11.36
1 16 0 0 0 20 0 0 0 2.75 0 0 0 20 p/4-4cyli.dat
1 16 0 -28.75 0 0.6667 0 0 0 7.1875 0 0 0 0.6667 p/4-4con33.dat
1 16 0 -21.5625 0 2 0 0 0 21.5625 0 0 0 2 p/4-4con10.dat
1 16 0 -28.1667 0 22.6667 0 0 0 1 0 0 0 22.6667 p/4-4edge.dat
1 16 0 -31 0 22.6667 0 0 0 22.6667 0 0 0 22.6667 p/t01o1250.dat
1 16 0 -38 0 0.287 0 -0.6929 0 7 0 0.6929 0 0.287 p/3-8con34.dat
1 16 0 -38 0 -0.287 0 0.6929 0 7 0 -0.6929 0 -0.287 p/3-8con34.dat
4 16 9.7586 -31 23.5596 10.0455 -38 24.2526 15.5945 -38 20.5443 15.4915 -33.6605 20.0646
4 16 15.4915 -33.6605 20.0646 18.0691 -31.5 18.0691 18.0312 -31 18.0312 9.7586 -31 23.5596
4 16 20.0646 -33.6605 15.4915 20.5443 -38 15.5945 24.2526 -38 10.0455 23.5596 -31 9.7586
4 16 23.5596 -31 9.7586 18.0312 -31 18.0312 18.0691 -31.5 18.0691 20.0646 -33.6605 15.4915
4 16 -9.7586 -31 -23.5596 -10.0455 -38 -24.2526 -15.5945 -38 -20.5443 -15.4915 -33.6605 -20.0646
4 16 -15.4915 -33.6605 -20.0646 -18.0691 -31.5 -18.0691 -18.0312 -31 -18.0312 -9.7586 -31 -23.5596
4 16 -20.0646 -33.6605 -15.4915 -20.5443 -38 -15.5945 -24.2526 -38 -10.0455 -23.5596 -31 -9.7586
4 16 -23.5596 -31 -9.7586 -18.0312 -31 -18.0312 -18.0691 -31.5 -18.0691 -20.0646 -33.6605 -15.4915
1 16 0 -38.75 0 26.25 0 0 0 0.75 0 0 0 26.25 p/4-4cyli.dat
1 16 0 -38.75 0 24.5 0 0 0 -24.5 0 0 0 24.5 p/t01o0714.dat
1 16 0 -38.75 0 24.5 0 0 0 -24.5 0 0 0 24.5 p/t01i0714.dat
0 BFC INVERTNEXT
1 16 0 -34.4545 0 0.3827 0 -0.9239 0 2.4545 0 0.9239 0 0.3827 p/3-8con20.dat
0 BFC INVERTNEXT
1 16 0 -38.75 0 0.6697 0 -1.6168 0 4.2955 0 1.6168 0 0.6697 p/3-8con12.dat
0 BFC INVERTNEXT
1 16 0 -34.4545 0 -0.3827 0 0.9239 0 2.4545 0 -0.9239 0 -0.3827 p/3-8con20.dat
0 BFC INVERTNEXT
1 16 0 -38.75 0 -0.6697 0 1.6168 0 4.2955 0 -1.6168 0 -0.6697 p/3-8con12.dat
4 16 14.8608 -37.3097 16.2137 15.7265 -37.5 15.7265 16.0867 -38.75 16.0867 8.7061 -38.75 21.0188
3 16 14.0171 -36.7677 16.517 14.8608 -37.3097 16.2137 8.7061 -38.75 21.0188
3 16 13.3239 -35.9567 16.5905 14.0171 -36.7677 16.517 8.7061 -38.75 21.0188
3 16 12.8871 -35 16.4226 13.3239 -35.9567 16.5905 8.7061 -38.75 21.0188
4 16 12.8871 -35 16.4226 8.7061 -38.75 21.0188 7.6537 -32 18.4781 12.7727 -34.0432 16.0392
3 16 7.6537 -32 18.4781 12.9986 -33.2322 15.4985 12.7727 -34.0432 16.0392
3 16 12.9986 -33.2322 15.4985 7.6537 -32 18.4781 13.53 -32.6902 14.883
4 16 7.6537 -32 18.4781 14.1421 -32 14.1421 14.2862 -32.5 14.2862 13.53 -32.6902 14.883
4 16 21.0188 -38.75 8.7061 16.0867 -38.75 16.0867 15.7265 -37.5 15.7265 16.2137 -37.3097 14.8608
3 16 21.0188 -38.75 8.7061 16.2137 -37.3097 14.8608 16.517 -36.7677 14.0171
3 16 21.0188 -38.75 8.7061 16.517 -36.7677 14.0171 16.5905 -35.9567 13.3239
3 16 21.0188 -38.75 8.7061 16.5905 -35.9567 13.3239 16.4226 -35 12.8871
4 16 16.0392 -34.0432 12.7727 18.4781 -32 7.6537 21.0188 -38.75 8.7061 16.4226 -35 12.8871
3 16 16.0392 -34.0432 12.7727 15.4985 -33.2322 12.9986 18.4781 -32 7.6537
3 16 14.883 -32.6902 13.53 18.4781 -32 7.6537 15.4985 -33.2322 12.9986
4 16 14.883 -32.6902 13.53 14.2862 -32.5 14.2862 14.1421 -32 14.1421 18.4781 -32 7.6537
4 16 -14.8608 -37.3097 -16.2137 -15.7265 -37.5 -15.7265 -16.0867 -38.75 -16.0867 -8.7061 -38.75 -21.0188
3 16 -14.0171 -36.7677 -16.517 -14.8608 -37.3097 -16.2137 -8.7061 -38.75 -21.0188
3 16 -13.3239 -35.9567 -16.5905 -14.0171 -36.7677 -16.517 -8.7061 -38.75 -21.0188
3 16 -12.8871 -35 -16.4226 -13.3239 -35.9567 -16.5905 -8.7061 -38.75 -21.0188
4 16 -12.8871 -35 -16.4226 -8.7061 -38.75 -21.0188 -7.6537 -32 -18.4781 -12.7727 -34.0432 -16.0392
3 16 -7.6537 -32 -18.4781 -12.9986 -33.2322 -15.4985 -12.7727 -34.0432 -16.0392
3 16 -12.9986 -33.2322 -15.4985 -7.6537 -32 -18.4781 -13.53 -32.6902 -14.883
4 16 -7.6537 -32 -18.4781 -14.1421 -32 -14.1421 -14.2862 -32.5 -14.2862 -13.53 -32.6902 -14.883
4 16 -21.0188 -38.75 -8.7061 -16.0867 -38.75 -16.0867 -15.7265 -37.5 -15.7265 -16.2137 -37.3097 -14.8608
3 16 -21.0188 -38.75 -8.7061 -16.2137 -37.3097 -14.8608 -16.517 -36.7677 -14.0171
3 16 -21.0188 -38.75 -8.7061 -16.517 -36.7677 -14.0171 -16.5905 -35.9567 -13.3239
3 16 -21.0188 -38.75 -8.7061 -16.5905 -35.9567 -13.3239 -16.4226 -35 -12.8871
4 16 -16.0392 -34.0432 -12.7727 -18.4781 -32 -7.6537 -21.0188 -38.75 -8.7061 -16.4226 -35 -12.8871
3 16 -16.0392 -34.0432 -12.7727 -15.4985 -33.2322 -12.9986 -18.4781 -32 -7.6537
3 16 -14.883 -32.6902 -13.53 -18.4781 -32 -7.6537 -15.4985 -33.2322 -12.9986
4 16 -14.883 -32.6902 -13.53 -14.2862 -32.5 -14.2862 -14.1421 -32 -14.1421 -18.4781 -32 -7.6537
1 16 0 -32 0 2 0 0 0 1 0 0 0 2 p/4-4ring9.dat
1 16 0 -32 0 20 0 0 0 1 0 0 0 20 p/4-4edge.dat
0 BFC INVERTNEXT
1 16 0 -32 0 2 0 0 0 32 0 0 0 2 p/4-4con8.dat
1 16 0 -32 0 18 0 0 0 1 0 0 0 18 p/4-4edge.dat
1 16 0 0 0 16 0 0 0 1 0 0 0 16 p/4-4disc.dat
1 16 0 0 0 16 0 0 0 1 0 0 0 16 p/4-4edge.dat
1 16 18.5616 -35 18.5616 -2.1187 -0.5556 0 0 0 -2.5 1.4157 -0.8315 0 p/1-4ndis.dat
1 16 18.5616 -35 18.5616 0 -0.5556 -2.1187 2.5 0 0 0 -0.8315 1.4157 p/1-4ring1.dat
3 16 14.3241 -38 21.3929 16.4428 -37.5 19.9773 16.4428 -35 19.9773
3 16 14.3241 -38 21.3929 16.4428 -35 19.9773 14.3241 -35 21.3929
4 16 18.5616 -37.5 18.5616 16.4428 -37.5 19.9773 14.3241 -38 21.3929 18.5616 -38 18.5616
1 16 18.5616 -35 18.5616 1.4157 -0.5556 0 0 0 -2.5 -2.1187 -0.8315 0 p/1-4ndis.dat
1 16 18.5616 -35 18.5616 0 -0.5556 1.4157 2.5 0 0 0 -0.8315 -2.1187 p/1-4ring1.dat
3 16 19.9773 -35 16.4428 19.9773 -37.5 16.4428 21.3929 -38 14.3241
3 16 21.3929 -35 14.3241 19.9773 -35 16.4428 21.3929 -38 14.3241
4 16 18.5616 -38 18.5616 21.3929 -38 14.3241 19.9773 -37.5 16.4428 18.5616 -37.5 18.5616
1 16 -18.5616 -35 -18.5616 2.1187 0.5556 0 0 0 -2.5 -1.4157 0.8315 0 p/1-4ndis.dat
1 16 -18.5616 -35 -18.5616 0 0.5556 2.1187 2.5 0 0 0 0.8315 -1.4157 p/1-4ring1.dat
3 16 -14.3241 -38 -21.3929 -16.4428 -37.5 -19.9773 -16.4428 -35 -19.9773
3 16 -14.3241 -38 -21.3929 -16.4428 -35 -19.9773 -14.3241 -35 -21.3929
4 16 -18.5616 -37.5 -18.5616 -16.4428 -37.5 -19.9773 -14.3241 -38 -21.3929 -18.5616 -38 -18.5616
1 16 -18.5616 -35 -18.5616 -1.4157 0.5556 0 0 0 -2.5 2.1187 0.8315 0 p/1-4ndis.dat
1 16 -18.5616 -35 -18.5616 0 0.5556 -1.4157 2.5 0 0 0 0.8315 2.1187 p/1-4ring1.dat
3 16 -19.9773 -35 -16.4428 -19.9773 -37.5 -16.4428 -21.3929 -38 -14.3241
3 16 -21.3929 -35 -14.3241 -19.9773 -35 -16.4428 -21.3929 -38 -14.3241
4 16 -18.5616 -38 -18.5616 -21.3929 -38 -14.3241 -19.9773 -37.5 -16.4428 -18.5616 -37.5 -18.5616
1 16 18.5616 -35 18.5616 -4.2385 -1.0607 0 0 0 5 2.8325 -1.0607 0 p/1-4cyli.dat
4 16 13.2624 -38 20.3334 14.323 -38 21.3941 14.323 -35 21.3941 13.2624 -35 20.3334
1 16 18.5616 -35 18.5616 2.8325 -1.0607 0 0 0 5 -4.2385 -1.0607 0 p/1-4cyli.dat
4 16 20.3334 -35 13.2624 21.3941 -35 14.323 21.3941 -38 14.323 20.3334 -38 13.2624
1 16 -18.5616 -35 -18.5616 4.2385 1.0607 0 0 0 5 -2.8325 1.0607 0 p/1-4cyli.dat
4 16 -13.2624 -38 -20.3334 -14.323 -38 -21.3941 -14.323 -35 -21.3941 -13.2624 -35 -20.3334
1 16 -18.5616 -35 -18.5616 -2.8325 1.0607 0 0 0 5 4.2385 1.0607 0 p/1-4cyli.dat
4 16 -20.3334 -35 -13.2624 -21.3941 -35 -14.323 -21.3941 -38 -14.323 -20.3334 -38 -13.2624
4 16 18.5616 -37.5 18.5616 19.1036 -37.3097 17.7506 16.2137 -37.3097 14.8608 15.7265 -37.5 15.7265
4 16 19.1036 -37.3097 17.7506 19.563 -36.7677 17.0631 16.517 -36.7677 14.0171 16.2137 -37.3097 14.8608
4 16 19.563 -36.7677 17.0631 19.8701 -35.9567 16.6035 16.5905 -35.9567 13.3239 16.517 -36.7677 14.0171
4 16 19.8701 -35.9567 16.6035 19.9778 -35 16.4423 16.4226 -35 12.8871 16.5905 -35.9567 13.3239
4 16 19.9778 -35 16.4423 19.8701 -34.0432 16.6035 16.0392 -34.0432 12.7727 16.4226 -35 12.8871
4 16 19.8701 -34.0432 16.6035 19.563 -33.2322 17.0631 15.4985 -33.2322 12.9986 16.0392 -34.0432 12.7727
4 16 19.563 -33.2322 17.0631 19.1036 -32.6902 17.7506 14.883 -32.6902 13.53 15.4985 -33.2322 12.9986
4 16 19.1036 -32.6902 17.7506 18.5616 -32.5 18.5616 14.2862 -32.5 14.2862 14.883 -32.6902 13.53
4 16 15.7265 -37.5 15.7265 14.8608 -37.3097 16.2137 17.7506 -37.3097 19.1036 18.5616 -37.5 18.5616
4 16 14.8608 -37.3097 16.2137 14.0171 -36.7677 16.517 17.0631 -36.7677 19.563 17.7506 -37.3097 19.1036
4 16 14.0171 -36.7677 16.517 13.3239 -35.9567 16.5905 16.6035 -35.9567 19.8701 17.0631 -36.7677 19.563
4 16 13.3239 -35.9567 16.5905 12.8871 -35 16.4226 16.4423 -35 19.9778 16.6035 -35.9567 19.8701
4 16 12.8871 -35 16.4226 12.7727 -34.0432 16.0392 16.6035 -34.0432 19.8701 16.4423 -35 19.9778
4 16 12.7727 -34.0432 16.0392 12.9986 -33.2322 15.4985 17.0631 -33.2322 19.563 16.6035 -34.0432 19.8701
4 16 12.9986 -33.2322 15.4985 13.53 -32.6902 14.883 17.7506 -32.6902 19.1036 17.0631 -33.2322 19.563
4 16 13.53 -32.6902 14.883 14.2862 -32.5 14.2862 18.5616 -32.5 18.5616 17.7506 -32.6902 19.1036
4 16 -18.5616 -37.5 -18.5616 -19.1036 -37.3097 -17.7506 -16.2137 -37.3097 -14.8608 -15.7265 -37.5 -15.7265
4 16 -19.1036 -37.3097 -17.7506 -19.563 -36.7677 -17.0631 -16.517 -36.7677 -14.0171 -16.2137 -37.3097 -14.8608
4 16 -19.563 -36.7677 -17.0631 -19.8701 -35.9567 -16.6035 -16.5905 -35.9567 -13.3239 -16.517 -36.7677 -14.0171
4 16 -19.8701 -35.9567 -16.6035 -19.9778 -35 -16.4423 -16.4226 -35 -12.8871 -16.5905 -35.9567 -13.3239
4 16 -19.9778 -35 -16.4423 -19.8701 -34.0432 -16.6035 -16.0392 -34.0432 -12.7727 -16.4226 -35 -12.8871
4 16 -19.8701 -34.0432 -16.6035 -19.563 -33.2322 -17.0631 -15.4985 -33.2322 -12.9986 -16.0392 -34.0432 -12.7727
4 16 -19.563 -33.2322 -17.0631 -19.1036 -32.6902 -17.7506 -14.883 -32.6902 -13.53 -15.4985 -33.2322 -12.9986
4 16 -19.1036 -32.6902 -17.7506 -18.5616 -32.5 -18.5616 -14.2862 -32.5 -14.2862 -14.883 -32.6902 -13.53
4 16 -15.7265 -37.5 -15.7265 -14.8608 -37.3097 -16.2137 -17.7506 -37.3097 -19.1036 -18.5616 -37.5 -18.5616
4 16 -14.8608 -37.3097 -16.2137 -14.0171 -36.7677 -16.517 -17.0631 -36.7677 -19.563 -17.7506 -37.3097 -19.1036
4 16 -14.0171 -36.7677 -16.517 -13.3239 -35.9567 -16.5905 -16.6035 -35.9567 -19.8701 -17.0631 -36.7677 -19.563
4 16 -13.3239 -35.9567 -16.5905 -12.8871 -35 -16.4226 -16.4423 -35 -19.9778 -16.6035 -35.9567 -19.8701
4 16 -12.8871 -35 -16.4226 -12.7727 -34.0432 -16.0392 -16.6035 -34.0432 -19.8701 -16.4423 -35 -19.9778
4 16 -12.7727 -34.0432 -16.0392 -12.9986 -33.2322 -15.4985 -17.0631 -33.2322 -19.563 -16.6035 -34.0432 -19.8701
4 16 -12.9986 -33.2322 -15.4985 -13.53 -32.6902 -14.883 -17.7506 -32.6902 -19.1036 -17.0631 -33.2322 -19.563
4 16 -13.53 -32.6902 -14.883 -14.2862 -32.5 -14.2862 -18.5616 -32.5 -18.5616 -17.7506 -32.6902 -19.1036
1 16 18.5616 -35 18.5616 0 -0.5556 -2.1187 2.5 0 0 0 -0.8315 1.4157 p/2-4edge.dat
1 16 18.5616 -35 18.5616 0 0.8315 1.4157 2.5 0 0 0 0.5556 -2.1187 p/2-4edge.dat
1 16 -18.5616 -35 -18.5616 0 0.5556 2.1187 2.5 0 0 0 0.8315 -1.4157 p/2-4edge.dat
1 16 -18.5616 -35 -18.5616 0 -0.8315 -1.4157 2.5 0 0 0 -0.5556 2.1187 p/2-4edge.dat
1 16 18.5616 -35 18.5616 0 -0.5556 -4.2375 5 0 0 0 -0.8315 2.8314 p/1-4edge.dat
1 16 18.5616 -35 18.5616 0 0.5556 2.8314 5 0 0 0 0.8315 -4.2375 p/1-4edge.dat
1 16 -18.5616 -35 -18.5616 0 0.5556 4.2375 5 0 0 0 0.8315 -2.8314 p/1-4edge.dat
1 16 -18.5616 -35 -18.5616 0 -0.5556 -2.8314 5 0 0 0 -0.8315 4.2375 p/1-4edge.dat
