0 BFC CERTIFY CCW
1 16 0 0 0 1 0 0 0 1 0 0 0 1 parts/s/4841s01.dat
1 16 0 0 0 1 0 0 0 1 0 0 0 1 parts/s/4841s02.dat
1 16 0 0 0 -1 0 0 0 1 0 0 0 1 parts/s/4841s02.dat
1 16 0 0 0 0.5 0 0.86603 0 1 0 -0.86603 0 0.5 parts/s/4841s01.dat
1 16 0 0 0 -0.5 0 0.86603 0 1 0 -0.86603 0 -0.5 parts/s/4841s01.dat
1 16 0 0 0 -1 0 0 0 1 0 0 0 -1 parts/s/4841s01.dat
1 16 0 0 0 -0.5 0 -0.86603 0 1 0 0.86603 0 -0.5 parts/s/4841s01.dat
1 16 0 0 0 0.5 0 -0.86603 0 1 0 0.86603 0 0.5 parts/s/4841s01.dat
1 16 0 -112 0 18.8888 0 0 0 1 0 0 0 18.8888 p/48/4-4aring.dat
1 16 0 -112 0 9.4444 0 0 0 1 0 0 0 9.4444 p/4-4ring1.dat
0 BFC INVERTNEXT
1 16 0 -112 0 9.4444 0 0 0 -4 0 0 0 9.4444 p/bump5000.dat
0 BFC INVERTNEXT
1 16 0 -105 0 12 0 0 0 123 0 0 0 12 p/4-4cylc.dat
1 16 0 18 0 4 0 0 0 -1 0 0 0 4 p/4-4ring3.dat
1 16 0 8 0 4 0 0 0 -1 0 0 0 4 p/4-4ring4.dat
1 16 0 8 0 16 0 0 0 10 0 0 0 16 p/4-4cylo.dat
1 16 0 8 0 20 0 0 0 -1 0 0 0 20 p/48/4-4aring.dat
1 16 0 0 0 -0.5 0 0.86603 0 1 0 -0.86603 0 -0.5 parts/s/4841s02.dat
1 16 0 0 0 0.5 0 0.86603 0 1 0 0.86603 0 -0.5 parts/s/4841s02.dat
1 16 0 0 0 -0.5 0 -0.86603 0 1 0 0.86603 0 -0.5 parts/s/4841s02.dat
1 16 0 0 0 0.5 0 -0.86603 0 1 0 -0.86603 0 -0.5 parts/s/4841s02.dat
