0 BFC CERTIFY CW
1 16 0 20 0 0 0 1 0 -1 0 1 0 0 p/stud4f2w.dat
1 16 0 20 0 0 0 6 0 -1 0 6 0 0 p/4-4edge.dat
1 16 0 20 12 0 0 2 0 4 0 4 0 0 p/box3u6.dat
1 16 0 20 -12 0 0 -2 0 4 0 -4 0 0 p/box3u6.dat
0 BFC INVERTNEXT
1 16 0 24 0 16 0 0 0 -4 0 0 0 16 p/box4o8a.dat
1 16 0 20 0 16 0 0 0 -4 0 0 0 16 p/rect.dat
4 16 -20 24 20 -16 24 16 16 24 16 20 24 20
4 16 -20 24 -20 -16 24 -16 -16 24 16 -20 24 20
4 16 20 24 -20 16 24 -16 -16 24 -16 -20 24 -20
4 16 20 24 20 16 24 16 16 24 -16 20 24 -20
1 16 -10 4 30 0 0 1 0 6 0 1 0 0 p/stud2s.dat
1 16 10 4 30 0 0 1 0 6 0 1 0 0 p/stud2s.dat
1 16 -10 4 -30 0 0 1 0 6 0 -1 0 0 p/stud2s.dat
1 16 10 4 -30 0 0 1 0 6 0 -1 0 0 p/stud2s.dat
4 16 20 0 20 20 0 40 20 4 40 20 24 20
4 16 20 4 -40 20 0 -40 20 0 -20 20 24 -20
4 16 -20 4 40 -20 0 40 -20 0 20 -20 24 20
4 16 -20 0 -20 -20 0 -40 -20 4 -40 -20 24 -20
4 16 18 0 38 18 0 22 18 18 22 18 2 38
4 16 18 18 -22 18 0 -22 18 0 -38 18 2 -38
4 16 -18 18 22 -18 0 22 -18 0 38 -18 2 38
4 16 -18 0 -38 -18 0 -22 -18 18 -22 -18 2 -38
1 16 0 24 0 0 0 20 0 -8 0 20 0 0 p/box3u8p.dat
1 16 0 8 20 20 0 0 0 0 8 0 1 0 p/rect.dat
1 16 0 8 -20 20 0 0 0 0 8 0 -1 0 p/rect.dat
1 16 0 12 30 20 0 0 0 2 -10 0 0 10 p/box2-5.dat
1 16 0 12 -30 20 0 0 0 2 -10 0 0 -10 p/box2-5.dat
0 BFC INVERTNEXT
1 16 0 9 30 18 0 0 0 1 -8 0 0 8 p/box2-5.dat
0 BFC INVERTNEXT
1 16 0 9 -30 18 0 0 0 1 -8 0 0 -8 p/box2-5.dat
1 16 0 9 22 18 0 0 0 0 -9 0 -1 0 p/rect3.dat
1 16 0 9 -22 18 0 0 0 0 -9 0 1 0 p/rect3.dat
4 16 18 0 38 -18 0 38 -20 0 40 20 0 40
4 16 -18 0 38 -18 0 22 -20 0 20 -20 0 40
4 16 -18 0 22 18 0 22 20 0 20 -20 0 20
4 16 18 0 22 18 0 38 20 0 40 20 0 20
4 16 -20 0 -40 -18 0 -38 18 0 -38 20 0 -40
4 16 -20 0 -20 -18 0 -22 -18 0 -38 -20 0 -40
4 16 20 0 -20 18 0 -22 -18 0 -22 -20 0 -20
4 16 20 0 -40 18 0 -38 18 0 -22 20 0 -20
1 16 0 16 0 1 0 0 0 1 0 0 0 1 p/stug-2x2.dat
1 16 10 4 30 1 0 0 0 2 0 0 0 1 p/stud2a.dat
1 16 -10 4 30 1 0 0 0 2 0 0 0 1 p/stud2a.dat
1 16 10 4 -30 1 0 0 0 2 0 0 0 1 p/stud2a.dat
1 16 -10 4 -30 1 0 0 0 2 0 0 0 1 p/stud2a.dat
