0 BFC CERTIFY CCW
1 16 0 4 10 0 0 -1 0 -1 0 1 0 0 stud3.dat
0 BFC INVERTNEXT
1 16 0 8 10 16 0 0 0 -4 0 0 0 6 box5.dat
4 16 20 8 20 16 8 16 -16 8 16 -20 8 20
4 16 -17.3082 8 0 -16 8 4 16 8 4 17.3082 8 0
4 16 -16 7.0148 0 -17.3082 8 0 17.3082 8 0 16 7.0148 0
4 16 -16 7.0148 0 16 7.0148 0 10.4549 4 0 -10.4548 4 0
1 16 0 4 -22 0 0 -20 4 0 0 0 42 0 box3u2p.dat
1 16 0 0 0 0 0 20 0 1 0 -20 0 0 rect1.dat
3 16 0 -6.005 -20 20 0 -20 -20 0 -20
1 16 0 0 0 0 0 -1 0 1 0 1 0 0 stug-2x2.dat
0 BFC INVERTNEXT
1 16 0 28 0 10.4549 0 -25.24037 -24.00023 0 -9.94122 0 -22 0 48\1-8cyli.dat
1 16 0 28 0 10.4549 0 -25.24037 -24.00023 0 -9.94122 0 1 0 48\1-8edge.dat
1 16 0 28 0 10.4549 0 -25.24037 -24.00023 0 -9.94122 0 1 0 48\1-8chrd.dat
1 16 0 0 0 1 0 0 0 1 0 0 0 1 s\49097s01.dat
1 16 0 0 0 -1 0 0 0 1 0 0 0 1 s\49097s01.dat
