0 BFC CERTIFY CCW
1 16 0 0 0 1 0 0 0 1 0 0 0 1 parts/s/55615s01.dat
1 16 0 0 0 1 0 0 0 0 -1 0 -1 0 parts/s/55615s01.dat
1 16 9 0 0 0 1 0 0 0 9 -9 0 0 p/4-4cyli.dat
1 16 0 0 0 0 1 0 0 0 1 1 0 0 p/connhole.dat
1 16 0 0 0 9 0 0 0 0 9 0 -9 0 p/1-8tric.dat
1 16 0 0 0 -9 0 0 0 0 9 0 -9 0 p/1-8tric.dat
1 16 10 0 0 0 1 0 0 0 9 -9 0 0 p/4-4edge.dat
1 16 -10 0 0 0 1 0 0 0 9 -9 0 0 p/4-4edge.dat
1 16 -9 0 0 0 -1 0 0 0 9 -9 0 0 p/4-4cyli.dat
1 16 0 0 -10 0 0 1 1 0 0 0 1 0 p/connect7.dat
1 16 0 0 -10 -2.82843 0 -2.82843 -2.82843 0 2.82843 0 1 0 p/1-4edge.dat
1 16 0 0 -10 2.82843 0 2.82843 2.82843 0 -2.82843 0 1 0 p/1-4edge.dat
1 16 0 -40 -10 0 0 1 1 0 0 0 1 0 p/connect7.dat
1 16 0 -40 -10 -2.82843 0 -2.82843 -2.82843 0 2.82843 0 1 0 p/1-4edge.dat
1 16 0 -40 -10 2.82843 0 2.82843 2.82843 0 -2.82843 0 1 0 p/1-4edge.dat
1 16 0 10 40 0 0 1 0 -1 0 1 0 0 p/connect7.dat
1 16 0 10 40 -2.82843 0 -2.82843 0 -1 0 -2.82843 0 2.82843 p/1-4edge.dat
1 16 0 10 40 2.82843 0 2.82843 0 -1 0 2.82843 0 -2.82843 p/1-4edge.dat
1 16 0 10 0 0 0 1 0 -1 0 1 0 0 p/connect7.dat
1 16 0 10 0 -2.82843 0 -2.82843 0 -1 0 -2.82843 0 2.82843 p/1-4edge.dat
1 16 0 10 0 2.82843 0 2.82843 0 -1 0 2.82843 0 -2.82843 p/1-4edge.dat
