0 BFC CERTIFY CCW
1 16 0 0 0 25 0 0 0 25 0 0 0 25 p/4-4ndis.dat
0 BFC INVERTNEXT
1 16 0 -9 0 25 0 0 0 25 0 0 0 25 p/t01i3600.dat
1 16 0 -9 0 0 0 1 0 -119 0 -1 0 0 p/4-4con15.dat
0 BFC INVERTNEXT
1 16 0 -9 0 0 0 1 0 -119 0 -1 0 0 p/4-4con11.dat
1 16 0 -9 0 0 0 12 0 -1 0 -12 0 0 p/4-4edge.dat
0 BFC INVERTNEXT
1 16 0 -2.5 0 0 0 1 0 -6.5 0 -1 0 0 p/4-4con12.dat
0 BFC INVERTNEXT
1 16 0 4 0 0 0 1 0 -6.5 0 -1 0 0 p/4-4con13.dat
1 16 0 -128 0 0 0 -15 0 -1 0 15 0 0 p/4-4edge.dat
1 16 0 -128 0 0 0 -14 0 -1 0 14 0 0 p/4-4edge.dat
1 16 0 -128 0 0 0 -1 0 1 0 -1 0 0 p/4-4rin14.dat
1 16 0 -140 0 0 0 -14 0 -1 0 14 0 0 p/4-4edge.dat
1 16 0 -140 0 0 0 -14 0 12 0 14 0 0 p/4-4cyli.dat
1 16 0 -140 0 0 0 -11 0 12 0 11 0 0 p/4-4edge.dat
1 16 0 -140 0 0 0 -1 0 1 0 1 0 0 p/4-4rin11.dat
1 16 0 -140 0 0 0 -2 0 1 0 2 0 0 p/4-4ring6.dat
1 16 -20 10 -36 -1.5 0 0 0 0 6 0 4 0 p/box4-2p.dat
1 16 20 10 -36 -1.5 0 0 0 0 6 0 4 0 p/box4-2p.dat
1 16 -36 10 -20 0 4 0 0 0 6 1.5 0 0 p/box4-2p.dat
1 16 -20 10 36 1.5 0 0 0 0 6 0 -4 0 p/box4-2p.dat
1 16 36 10 20 0 -4 0 0 0 6 -1.5 0 0 p/box4-2p.dat
1 16 20 10 36 1.5 0 0 0 0 6 0 -4 0 p/box4-2p.dat
1 16 36 10 -20 0 -4 0 0 0 6 -1.5 0 0 p/box4-2p.dat
1 16 -36 10 20 0 4 0 0 0 6 1.5 0 0 p/box4-2p.dat
0 BFC INVERTNEXT
1 16 0 -140 0 0 0 -11 0 12 0 11 0 0 p/4-4cyli.dat
1 16 0 4 0 0 0 -1 0 -2 0 1 0 0 p/stud8.dat
1 16 0 4 0 0 0 -16 0 -2 0 16 0 0 p/4-4ndis.dat
4 16 40 0 40 40 16 40 -40 16 40 -40 0 40
4 16 40 0 -40 40 16 -40 40 16 40 40 0 40
4 16 -40 0 -40 -40 16 -40 40 16 -40 40 0 -40
4 16 -40 0 40 -40 16 40 -40 16 -40 -40 0 -40
4 16 -36 4 36 -36 16 36 36 16 36 36 4 36
4 16 36 4 36 36 16 36 36 16 -36 36 4 -36
4 16 36 4 -36 36 16 -36 -36 16 -36 -36 4 -36
4 16 -36 4 -36 -36 16 -36 -36 16 36 -36 4 36
4 16 40 0 40 -40 0 40 -25 0 25 25 0 25
4 16 40 0 -40 40 0 40 25 0 25 25 0 -25
4 16 -40 0 -40 40 0 -40 25 0 -25 -25 0 -25
4 16 40 16 -40 -40 16 -40 -36 16 -36 36 16 -36
4 16 -40 16 -40 -40 16 40 -36 16 36 -36 16 -36
4 16 -40 16 40 40 16 40 36 16 36 -36 16 36
4 16 40 16 40 40 16 -40 36 16 -36 36 16 36
4 16 -40 0 40 -40 0 -40 -25 0 -25 -25 0 25
4 16 -36 4 -36 -36 4 36 -16 4 16 -16 4 -16
4 16 -36 4 36 36 4 36 16 4 16 -16 4 16
4 16 36 4 36 36 4 -36 16 4 -16 16 4 16
4 16 36 4 -36 -36 4 -36 -16 4 -16 16 4 -16
