0 BFC CERTIFY CCW
1 16 0 0 0 1 0 0 0 1 0 0 0 1 p/bush0.dat
1 16 0 0 -10 3 0 0 0 0 3 0 1 0 p/4-4ring2.dat
1 16 0 0 -10 6 0 0 0 0 6 0 1 0 p/4-4ering.dat
1 16 0 0 -10 9 0 0 0 0 9 0 1 0 p/4-4edge.dat
1 16 0 0 -10 9 0 0 0 0 9 0 1 0 p/4-4cyli.dat
1 16 0 0 -9 9 0 0 0 0 9 0 3 0 p/2-4cyli.dat
1 16 0 0 -6 9 0 0 0 0 9 0 1 0 p/2-4edge.dat
1 16 0 0 -6 2.25 0 0 0 0 2.25 0 -1 0 p/2-4ring3.dat
1 16 0 0 10 3 0 0 0 0 3 0 -1 0 p/4-4ring2.dat
1 16 0 0 10 6 0 0 0 0 6 0 -1 0 p/4-4ering.dat
1 16 0 0 10 9 0 0 0 0 9 0 -1 0 p/4-4edge.dat
1 16 0 0 10 9 0 0 0 0 9 0 -1 0 p/4-4cyli.dat
1 16 0 0 9 9 0 0 0 0 9 0 -3 0 p/2-4cyli.dat
1 16 0 0 6 9 0 0 0 0 9 0 -1 0 p/2-4edge.dat
1 16 0 0 6 2.25 0 0 0 0 2.25 0 1 0 p/2-4ring3.dat
1 16 0 0 0 1 0 0 0 1 0 0 0 1 parts/s/49283s01.dat
1 16 0 0 0 1 0 0 0 1 0 0 0 -1 parts/s/49283s01.dat
1 16 0 0 0 -1 0 0 0 1 0 0 0 1 parts/s/49283s01.dat
1 16 0 0 0 -1 0 0 0 1 0 0 0 -1 parts/s/49283s01.dat
1 16 -5.3 -21.4 -3 0 10.6 0 -1 0 0 0 0 1.3 p/8/2-4cyli.dat
1 16 -5.3 -21.4 -3 0 -1 0 -1 0 0 0 0 1.3 p/8/2-8sphe.dat
1 16 -5.3 -21.4 -3 0 0 -1 -1 0 0 0 -0.38 0 p/8/2-4cyli.dat
1 16 5.3 -21.4 -3 0 1 0 -1 0 0 0 0 1.3 p/8/2-8sphe.dat
1 16 5.3 -21.4 -3 0 0 1 -1 0 0 0 -0.38 0 p/8/2-4cyli.dat
1 16 -5.3 -18.4 3 0 10.6 0 -1 0 0 0 0 -1.3 p/8/2-4cyli.dat
1 16 -5.3 -18.4 3 0 -1 0 -1 0 0 0 0 -1.3 p/8/2-8sphe.dat
1 16 -5.3 -18.4 3 0 0 -1 -1 0 0 0 0.38 0 p/8/2-4cyli.dat
1 16 5.3 -18.4 3 0 1 0 -1 0 0 0 0 -1.3 p/8/2-8sphe.dat
1 16 5.3 -18.4 3 0 0 1 -1 0 0 0 0.38 0 p/8/2-4cyli.dat
3 16 8.5854 -5.5 0 8.6226 -5 -6 8.6226 -5 6
1 16 6.78615 -4.97485 0 0 0 1.83645 0 -1 -0.02515 6 0 0 p/rect2p.dat
3 16 -8.6226 -5 -6 -8.5854 -5.5 0 -8.6226 -5 6
1 16 -6.78615 -4.97485 0 0 0 -1.83645 0 -1 -0.02515 -6 0 0 p/rect2p.dat
