0 BFC CERTIFY CCW
1 16 10 70 0 0 0 4 0 -4 0 4 0 0 2-4cylo.dat
1 16 10 66 0 0 0 4 0 1 0 4 0 0 2-4chrd.dat
1 16 10 70 0 0 0 4 0 -1 0 4 0 0 2-4chrd.dat
1 16 -10 70 0 0 0 -4 0 -4 0 4 0 0 2-4cylo.dat
1 16 -10 66 0 0 0 -4 0 1 0 4 0 0 2-4chrd.dat
1 16 -10 70 0 0 0 -4 0 -1 0 4 0 0 2-4chrd.dat
1 16 10 68 0 0 -20 0 0 0 2 4 0 0 box4o8a.dat
1 16 0 5.5 0 4 0 0 0 60.5 0 0 0 -4 4-4cylo.dat
1 16 0 66 0 4 0 0 0 1 0 0 0 -4 4-4edge.dat
1 16 0 56 0 -4 0 0 0 1 4 0 0 4 2-4edge.dat
1 16 0 56 0 -4 0 0 0 1 -4 0 0 4 2-4edge.dat
1 16 16 32 0 0 -32 0 4 0 0 0 0 -4 4-4cylc.dat
1 16 -16 32 0 0 1 0 4 0 0 0 0 -4 4-4disc.dat
1 16 0 32 0 0 0 4 0 1 -4 4 0 0 4-4edge.dat
1 16 0 32 0 0 0 4 0 1 4 4 0 0 4-4edge.dat
1 16 0 0 0 0 1 0 0 0 1 1 0 0 clip13.dat
4 16 -4 4.1965 -6.3256 -4 4.19647 6.32559 -4 5.5 5.04163 -4 5.5 -5.04155
4 16 4 4.1965 -6.3256 4 5.5 -5.04155 4 5.5 5.04163 4 4.19647 6.32559
4 16 -4 5.5 -5.04155 -4 5.5 5.04163 4 5.5 5.04163 4 5.5 -5.04155
4 16 4 5.5 -5.04155 4 4.1965 -6.3256 -4 4.1965 -6.3256 -4 5.5 -5.04155
4 16 4 5.5 5.04163 -4 5.5 5.04163 -4 4.19647 6.32559 4 4.19647 6.32559
1 16 0 17 0 4 0 0 0 1 -3.0693 0 0 4 2-4edge.dat
1 16 0 17 0 4 0 0 0 1 5.2129 0 0 4 2-4edge.dat
1 16 0 17 0 0 0 4 -3.863704 4.658742 0 1.035276 17.386668 0 4-4cyli.dat
1 16 0 21.6587 17.3867 -4 0 0 0 1.035276 -3.863704 0 3.863704 1.035276 2-8sphe.dat
1 16 0 21.2992 16.0447 0 0 4 3.863704 1 0 -1.035276 0 0 3-16edge.dat
1 16 0 21.2992 16.0447 0 0 -4 3.863704 1 0 -1.035276 0 0 3-16edge.dat
4 16 3.6956 22.7778 15.6485 -3.6956 22.7778 15.6485 -3.7187 25.2 15 3.7187 25.2 15
4 16 -3.6956 29.4306 16.889 -2.8284 30.192 18.0284 2.8284 30.192 18.0284 3.6956 29.4306 16.889
4 16 -1.5 30.7016 18.796 1.5 30.7016 18.796 2.8284 30.192 18.0284 -2.8284 30.192 18.0284
4 16 4 27.8157 15.7369 -4 27.8157 15.7369 -3.6956 29.4306 16.889 3.6956 29.4306 16.889
4 16 4 27.8157 15.7369 3.9246 27.3962 15.4566 -3.9246 27.3962 15.4566 -4 27.8157 15.7369
4 16 -3.7187 25.2 15 -3.9246 27.3962 15.4566 3.9246 27.3962 15.4566 3.7187 25.2 15
3 16 3.6956 22.7778 15.6485 3.7187 25.2 15 4 21.6587 17.3867
4 16 4 21.6587 17.3867 3.7187 25.2 15 3.9246 27.3962 15.4566 4 27.8157 15.7369
4 16 3.6956 22.0549 18.8653 4 21.6587 17.3867 4 27.8157 15.7369 3.6956 29.4306 16.889
4 16 2.8284 22.3908 20.1187 3.6956 22.0549 18.8653 3.6956 29.4306 16.889 2.8284 30.192 18.0284
4 16 2.8284 22.3908 20.1187 2.8284 30.192 18.0284 1.5 30.7016 18.796 1.5308 22.6152 20.9563
3 16 -3.7187 25.2 15 -3.6956 22.7778 15.6485 -4 21.6587 17.3867
4 16 -3.9246 27.3962 15.4566 -3.7187 25.2 15 -4 21.6587 17.3867 -4 27.8157 15.7369
4 16 -4 27.8157 15.7369 -4 21.6587 17.3867 -3.6956 22.0549 18.8653 -3.6956 29.4306 16.889
4 16 -3.6956 29.4306 16.889 -3.6956 22.0549 18.8653 -2.8284 22.3908 20.1187 -2.8284 30.192 18.0284
4 16 -1.5 30.7016 18.796 -2.8284 30.192 18.0284 -2.8284 22.3908 20.1187 -1.5308 22.6152 20.9563
4 16 -1.5 31.7 21 1.5 31.7 21 1.5 30.7016 18.796 -1.5 30.7016 18.796
4 16 1.5 32.95 24.6 1.5 31.7 21 -1.5 31.7 21 -1.5 32.95 24.6
4 16 1.5 33.8541 28.5107 1.5 32.95 24.6 -1.5 32.95 24.6 -1.5 33.8541 28.5107
4 16 1.5 34.2601 30.7636 1.5 33.8541 28.5107 -1.5 33.8541 28.5107 -1.5 34.2601 30.7636
4 16 -1.5 30.7016 18.796 -1.5308 22.6152 20.9563 -1.5 23.4907 22.958 -1.5 31.7 21
4 16 -1.5 31.7 21 -1.5 23.4907 22.958 -1.5 25.0396 26.9363 -1.5 32.95 24.6
4 16 -1.5 32.95 24.6 -1.5 25.0396 26.9363 -1.5 26 31 -1.5 33.8541 28.5107
4 16 -1.5 34.2601 30.7636 -1.5 33.8541 28.5107 -1.5 26 31 -1.5 26.59 35
4 16 -1.5 34.2601 30.7636 -1.5 26.59 35 -1.5 26.89 39 -1.5 35.7499 40.7235
3 16 -1.5 35.7499 40.7235 -1.5 26.89 39 -1.5 26.9933 43.133
3 16 1.5 35.7499 40.7235 1.5 26.9933 43.133 1.5 26.89 39
4 16 1.5 26.59 35 1.5 34.2601 30.7636 1.5 35.7499 40.7235 1.5 26.89 39
4 16 1.5 26 31 1.5 33.8541 28.5107 1.5 34.2601 30.7636 1.5 26.59 35
4 16 1.5 33.8541 28.5107 1.5 26 31 1.5 25.0396 26.9363 1.5 32.95 24.6
4 16 1.5 32.95 24.6 1.5 25.0396 26.9363 1.5 23.4907 22.958 1.5 31.7 21
4 16 1.5 23.4907 22.958 1.5308 22.6152 20.9563 1.5 30.7016 18.796 1.5 31.7 21
3 16 1.5 23.4907 22.958 0 22.694 21.2504 1.5308 22.6152 20.9564
3 16 0 22.693976 21.250404 1.5 23.4907 22.958 -1.5 23.4907 22.958
3 16 0 22.693976 21.250404 -1.5 23.4907 22.958 -1.5308 22.6152 20.9564
4 16 -1.5 23.4907 22.958 1.5 23.4907 22.958 1.5 25.0396 26.9363 -1.5 25.0396 26.9363
4 16 -1.5 25.0396 26.9363 1.5 25.0396 26.9363 1.5 26 31 -1.5 26 31
4 16 -1.5 26 31 1.5 26 31 1.5 26.59 35 -1.5 26.59 35
4 16 -1.5 26.59 35 1.5 26.59 35 1.5 26.89 39 -1.5 26.89 39
4 16 -1.5 26.9933 43.133 -1.5 26.89 39 1.5 26.89 39 1.5 26.9933 43.133
1 16 0 56 30 0 0 4 4 0 0 0 -30 0 4-4cyli.dat
1 16 24 56 30 0 -8.5 0 4 0 0 0 0 -4 4-4cylc.dat
1 16 15.5 56 30 0 -14 0 5 0 0 0 0 -5 4-4cylc.dat
1 16 1.5 56 30 0 -1 0 0 0 7.25 7.25 0 0 7-16disc.dat
1 16 1.5 56 30 0 -3 0 0 0 7.25 7.25 0 0 7-16cylo.dat
1 16 -1.5 56 30 0 1 0 0 0 7.25 7.25 0 0 7-16disc.dat
1 16 -15.5 56 30 0 14 0 5 0 0 0 0 -5 4-4cylc.dat
1 16 -24 56 30 0 8.5 0 4 0 0 0 0 -4 4-4cylc.dat
4 16 -1.5 49.77338 26.51969 -1.5 50.504312 36.687173 -1.5 51.478527 32.060179 -1.5 52.298275 26.713224
4 16 1.5 49.77338 26.51969 1.5 52.29828 26.71322 1.5 51.478527 32.060179 1.5 50.504312 36.687173
4 16 -1.5 50.87352 24.87353 -1.5 49.77338 26.51969 -1.5 52.298275 26.713224 -1.5 52.29827 23.92135
4 16 1.5 52.29828 26.71322 1.5 49.77338 26.51969 1.5 50.87352 24.87353 1.5 52.29827 23.92135
4 16 -1.5 50.87352 24.87353 1.5 50.87352 24.87353 1.5 49.77338 26.51969 -1.5 49.77338 26.51969
4 16 -1.5 50.87352 24.87353 -1.5 52.29827 23.92135 0 52 24.12069 1.5 50.87352 24.87353
3 16 0 52 24.12069 1.5 52.29827 23.92135 1.5 50.87352 24.87353
1 16 0 56 30 0 0 -1 -.206033 .978545 0 .978545 .206033 0 s\50015s01.dat
1 16 0 56 30 0 0 1 -.206033 .978545 0 .978545 .206033 0 s\50015s01.dat
3 16 0 49.0983415 43.3647705 -4.5 52.08582 29.175868 4.5 52.08582 29.175868
3 16 0 56.9267015 45.0130345 4.5 59.91418 30.824132 -4.5 59.91418 30.824132
4 16 -1.5 34.2601 30.7636 -1.5 35.7499 40.7235 -1.5 50.5043 36.6872 -1.5 49.7734 26.5197
4 16 1.5 50.5043 36.6872 1.5 35.7499 40.7235 1.5 34.2601 30.7636 1.5 49.7734 26.5197
1 16 0 43.1271 38.70535 0 0 -1.5 7.3772 -1 0 -2.01815 0 0 rect2p.dat
1 16 0 42.01675 28.64165 0 0 -1.5 -7.75665 1 0 2.12195 0 0 rect2p.dat
4 16 -3 35.75 46.783 -3 35.75 42.2235 -4.5 35.75 40.7235 -4.5 35.75 46.783
4 16 4.5 35.75 40.7235 -4.5 35.75 40.7235 -3 35.75 42.2235 3 35.75 42.2235
4 16 4.5 35.75 46.783 4.5 35.75 40.7235 3 35.75 42.2235 3 35.75 46.783
4 16 3 23.5 45.594169 3 35.75 42.2235 -3 35.75 42.2235 -3 23.5 45.594169
3 16 -3 23.5 45.594169 -3 35.75 42.2235 -3 35.75 46.783
3 16 3 35.75 46.783 3 35.75 42.2235 3 23.5 45.594169
0 BFC INVERTNEXT
1 16 4.5 48 68 0 -1.5 0 -24.290399 0 3.197892 -3.197892 0 -24.290399 48\7-48cylo.dat
3 16 4.5 23.7096 64.8021 3 23.7096 64.8021 4.2717 23.5716 66.9135
3 16 4.2717 23.5716 66.9135 3 23.7096 64.8021 3 23.5 68
3 16 4.2717 23.5716 66.9135 3 23.5 68 3.6213 23.5 68.5355
0 BFC INVERTNEXT
1 16 -4.5 48 68 0 1.5 0 -24.290399 0 3.197892 -3.197892 0 -24.290399 48\7-48cylo.dat
3 16 -3 23.7096 64.8021 -4.5 23.709601 64.802108 -4.2717 23.5716 66.9135
3 16 -3 23.7096 64.8021 -4.2717 23.5716 66.9135 -3 23.5 68
3 16 -3 23.5 68 -4.2717 23.5716 66.9135 -3.6213 23.5 68.5355
4 16 3 23.5 45.594169 -3 23.5 45.594169 -3 23.5 68 3 23.5 68
4 16 1.5 23.5 70 2.6481 23.5 69.6195 -2.6481 23.5 69.6195 -1.5 23.5 70
4 16 -3.6213 23.5 68.5355 -2.6481 23.5 69.6195 2.6481 23.5 69.6195 3.6213 23.5 68.5355
4 16 3 23.5 68 -3 23.5 68 -3.6213 23.5 68.5355 3.6213 23.5 68.5355
3 16 3 23.5 45.594169 3 33.0844 48.5617 3 35.75 46.783
3 16 3 30.67605 50.67605 3 33.0844 48.5617 3 23.5 45.594169
3 16 3 28.5617 53.0844 3 30.67605 50.67605 3 23.5 45.594169
3 16 3 26.783 55.75 3 28.5617 53.0844 3 23.5 45.594169
3 16 3 25.3655 58.6248 3 26.783 55.75 3 23.5 45.5942
3 16 3 24.3355 61.6594 3 25.3655 58.6248 3 23.5 45.5942
3 16 3 23.7107 64.80275 3 24.33545 61.6594 3 23.5 45.594169
3 16 3 23.5 68 3 23.7107 64.80275 3 23.5 45.594169
3 16 -3 33.0844 48.5617 -3 23.5 45.594169 -3 35.75 46.783
3 16 -3 33.0844 48.5617 -3 30.67605 50.67605 -3 23.5 45.594169
3 16 -3 30.67605 50.67605 -3 28.5617 53.0844 -3 23.5 45.594169
3 16 -3 28.5617 53.0844 -3 26.783 55.75 -3 23.5 45.594169
3 16 -3 26.783 55.75 -3 25.36445 58.62385 -3 23.5 45.594169
3 16 -3 25.36445 58.62385 -3 24.33545 61.6594 -3 23.5 45.594169
3 16 -3 24.33545 61.6594 -3 23.7107 64.80275 -3 23.5 45.594169
3 16 -3 23.7107 64.80275 -3 23.5 68 -3 23.5 45.594169
4 16 -1.5 35.74994 40.72351 -1.5 26.99332 43.13296 -4.5 20.3519 44.96039 -4.5 35.75 40.7235
4 16 4.5 20.3519 44.96039 1.5 26.99332 43.13296 1.5 35.74994 40.72351 4.5 35.75 40.7235
4 16 -1.5 26.99332 43.13296 1.5 26.99332 43.13296 4.5 20.3519 44.96039 -4.5 20.3519 44.96039
4 16 -4.5 35.75 40.7235 -4.5 20.3519 44.96039 -4.5 33.0844 48.5617 -4.5 35.75 46.783
3 16 -4.5 20.3519 44.96039 -4.5 30.67605 50.67605 -4.5 33.0844 48.5617
3 16 -4.5 28.5617 53.0844 -4.5 30.67605 50.67605 -4.5 20.3519 44.96039
3 16 -4.5 28.5617 53.0844 -4.5 20.3519 44.96039 -4.5 26.783 55.75
3 16 -4.5 26.783 55.75 -4.5 20.3519 44.96039 -4.5 25.36445 58.62385
3 16 -4.5 24.33545 61.6594 -4.5 25.36445 58.62385 -4.5 20.3519 44.96039
3 16 -4.5 24.33545 61.6594 -4.5 20.3519 44.96039 -4.5 23.709601 64.802108
4 16 4.5 33.0844 48.5617 4.5 20.3519 44.96039 4.5 35.75 40.7235 4.5 35.75 46.783
3 16 4.5 30.67605 50.67605 4.5 20.3519 44.96039 4.5 33.0844 48.5617
3 16 4.5 30.67605 50.67605 4.5 28.5617 53.0844 4.5 20.3519 44.96039
3 16 4.5 20.3519 44.96039 4.5 28.5617 53.0844 4.5 26.783 55.75
3 16 4.5 20.3519 44.96039 4.5 26.783 55.75 4.5 25.36445 58.62385
3 16 4.5 25.36445 58.62385 4.5 24.33545 61.6594 4.5 20.3519 44.96039
3 16 4.5 20.3519 44.9604 4.5 24.3355 61.6594 4.5 23.7096 64.8021
4 16 -4.5 18.5 64.8021 -4.5 23.709601 64.802108 -4.5 20.3519 44.9604 -4.5 18.5 47.7321
4 16 4.5 18.5 64.8021 4.5 18.5 47.7321 4.5 20.3519 44.9604 4.5 23.7096 64.8021
1 16 -4.5 21.5 47.73209 0 9 0 -3 0 0 0 0 -3 3-16cylo.dat
1 16 -4.5 21.5 47.73209 0 1 0 -3 0 0 0 0 -3 3-16chrd.dat
1 16 4.5 21.5 47.73209 0 -1 0 -3 0 0 0 0 -3 3-16chrd.dat
4 16 4.5 18.5 47.73209 4.5 18.5 64.80210829 -4.5 18.5 64.80210829 -4.5 18.5 47.73209
4 16 -4.5 18.5 64.80210829 4.5 18.5 64.80210829 4.2717 18.8805 66.9135 -4.2717 18.8805 66.9135
4 16 -3.6213 19.9645 68.5355 -4.2717 18.8805 66.9135 4.2717 18.8805 66.9135 3.6213 19.9645 68.5355
4 16 -2.6481 21.5865 69.6195 -3.6213 19.9645 68.5355 3.6213 19.9645 68.5355 2.6481 21.5865 69.6195
4 16 -2.6481 21.5865 69.6195 2.6481 21.5865 69.6195 1.5 23.5 70 -1.5 23.5 70
4 16 -4.2717 18.8805 66.9135 -4.2717 23.5716 66.9135 -4.5 23.709601 64.802108 -4.5 18.5 64.80210829
4 16 -4.2717 23.5716 66.9135 -4.2717 18.8805 66.9135 -3.6213 19.9645 68.5355 -3.6213 23.5 68.5355
4 16 -3.6213 23.5 68.5355 -3.6213 19.9645 68.5355 -2.6481 21.5865 69.6195 -2.6481 23.5 69.6195
3 16 -2.6481 23.5 69.6195 -2.6481 21.5865 69.6195 -1.5 23.5 70
4 16 4.5 18.5 64.8021 4.5 23.7096 64.8021 4.2717 23.5716 66.9135 4.2717 18.8805 66.9135
4 16 3.6213 19.9645 68.5355 4.2717 18.8805 66.9135 4.2717 23.5716 66.9135 3.6213 23.5 68.5355
4 16 2.6481 21.5865 69.6195 3.6213 19.9645 68.5355 3.6213 23.5 68.5355 2.6481 23.5 69.6195
3 16 2.6481 21.5865 69.6195 2.6481 23.5 69.6195 1.5 23.5 70
