0 BFC CERTIFY CCW
1 16 0 0 0 1 0 0 0 1 0 0 0 1 parts/s/50820s01.dat
1 16 0 0 0 -1 0 0 0 1 0 0 0 1 parts/s/50820s01.dat
4 16 60 32 280 56 32 276 -56 32 276 -60 32 280
4 16 -16.6228 32 -676 16.6228 32 -676 20 32 -680 -20 32 -680
4 16 56 26 276 -56 26 276 -56 32 276 56 32 276
4 16 -16.6228 26 -676 16.6228 26 -676 16.6228 32 -676 -16.6228 32 -676
1 16 0 26 280 60 0 0 0 0 6 0 -1 0 p/rect3.dat
4 16 -20 0 280 20 0 280 60 20 280 -60 20 280
1 16 0 0 200 20 0 0 0 1 0 0 0 80 p/rect3.dat
4 16 -20 0 120 -12 0 100 12 0 100 20 0 120
4 16 12 18 100 -12 18 100 -20 24 100 20 24 100
4 16 -12 0 100 -12 18 100 12 18 100 12 0 100
4 16 20 24 100 -20 24 100 -20 24 -100 20 24 -100
4 16 20 0 -120 12 0 -100 -12 0 -100 -20 0 -120
4 16 -12 18 -100 -12 0 -100 12 0 -100 12 18 -100
4 16 -20 24 -100 -12 18 -100 12 18 -100 20 24 -100
1 16 0 0 -160 -20 0 0 0 1 0 0 0 -40 p/rect3.dat
1 16 0 10 -440 0 0 20 10 1 0 -240 0 0 p/rect2p.dat
1 16 0 26 -680 0 0 -20 -6 0 0 0 1 0 p/rect.dat
1 16 -10 24 0 0 0 -1 0 1 0 1 0 0 p/stug-1x10.dat
1 16 10 24 0 0 0 -1 0 1 0 1 0 0 p/stug-1x10.dat
1 16 -10 0 190 0 0 -1 0 1 0 1 0 0 p/stug-1x9.dat
1 16 10 0 190 0 0 -1 0 1 0 1 0 0 p/stug-1x9.dat
1 16 -10 0 -150 0 0 -1 0 1 0 1 0 0 p/stug-1x5.dat
1 16 10 0 -150 0 0 -1 0 1 0 1 0 0 p/stug-1x5.dat
1 16 -30 0 0 0 0 -1 0 1 0 1 0 0 p/stug2-1x12.dat
1 16 30 0 0 0 0 -1 0 1 0 1 0 0 p/stug2-1x12.dat
