0 BFC CERTIFY CCW
1 16 0 0 0 -1 0 0 0 1 0 0 0 1 parts/s/50920s01.dat
1 16 0 0 0 1 0 0 0 1 0 0 0 1 parts/s/50920s01.dat
1 16 0 0 0 12.81 0 0 0 12.81 0 0 0 12.81 p/8-8sphe.dat
1 16 0 0 0 1 0 0 0 0 1 0 1 0 p/axlesphe.dat
1 16 0 0 -20 1 0 0 0 0 1 0 7.19 0 p/axlehol8.dat
1 16 0 0 -20 1 0 0 0 0 1 0 1 0 p/axlehol9.dat
1 16 0 0 -20 1 0 0 0 0 1 0 1 0 p/axlehol2.dat
0 BFC INVERTNEXT
1 16 0 10 -26 6.36 0 0 0 -16 0 0 0 4 p/box4-4a.dat
1 16 0 -10 -35 10 0 0 0 1 0 0 0 15 p/recte4.dat
1 16 0 0 -40 1 0 0 0 1 0 0 0 1 p/connhole.dat
1 16 0 10 -30 1 0 0 0 -16 0 0 0 -1 p/npeghol7.dat
1 16 0 10 -50 1 0 0 0 -16 0 0 0 1 p/npeghol7.dat
1 16 0 -10 -40 9 0 0 0 1 0 0 0 9 p/4-4ndis.dat
1 16 0 -40 -80 1 0 0 0 1 0 0 0 1 p/connhole.dat
1 16 0 -40 -100 1 0 0 0 1 0 0 0 1 p/connhole.dat
1 16 0 -50 -90 1 0 0 0 4 0 0 0 1 p/npeghol2.dat
1 16 0 -30 -80 -9 0 0 0 -8 0 0 0 -9 p/2-4cylo.dat
1 16 0 -30 -100 -9 0 0 0 -8 0 0 0 9 p/2-4cylo.dat
1 16 0 -38 -80 9 0 0 0 -1 0 0 0 -9 p/2-4ndis.dat
1 16 0 -50 -80 9 0 0 0 2 0 0 0 9 p/2-4cyli.dat
1 16 0 -50 -80 9 0 0 0 1 0 0 0 9 p/2-4edge.dat
1 16 0 -50 -100 -9 0 0 0 2 0 0 0 -9 p/2-4cyli.dat
1 16 0 -50 -100 -9 0 0 0 1 0 0 0 -9 p/2-4edge.dat
1 16 0 -38 -100 9 0 0 0 -1 0 0 0 9 p/2-4ndis.dat
1 16 0 -42 -100 9 0 0 0 1 0 0 0 -9 p/2-4edge.dat
1 16 0 -42 -100 9 0 0 0 1 0 0 0 -9 p/2-4ndis.dat
1 16 0 -40 -120 0 0 10 2 0 0 0 1 0 p/rect.dat
1 16 0 -40 -140 12.81 0 0 0 12.81 0 0 0 12.81 p/4-8sphe.dat
3 16 0 -10 -49 -10 -10 -50 10 -10 -50
3 16 0 -10 -31 10 -10 -20 -10 -10 -20
4 16 10 -10 -20 14 10 -20 -14 10 -20 -10 -10 -20
4 16 14 10 -20 6.36 10 -22 -6.36 10 -22 -14 10 -20
3 16 -10 -10 -50 0 -6 -50 10 -10 -50
3 16 -10 -38 -120 0 -38 -109 10 -38 -120
3 16 10 -42 -120 0 -42 -109 -10 -42 -120
