0 BFC CERTIFY CCW
1 16 -10 0 10 0 8 0 1 0 0 0 0 -1 p/npeghole.dat
1 16 10 0 10 0 -8 0 1 0 0 0 0 1 p/npeghole.dat
1 16 -10 -10 0 0 8 0 0 0 -1 -1 0 0 p/npeghole.dat
1 16 10 -10 0 0 -8 0 0 0 1 -1 0 0 p/npeghole.dat
1 16 0 0 20 0 -1 0 1 0 0 0 0 1 p/connhole.dat
1 16 -10 0 30 0 8 0 -1 0 0 0 0 -1 p/npeghol7.dat
1 16 10 0 30 0 -8 0 -1 0 0 0 0 -1 p/npeghol7.dat
1 16 0 0 0 0 -1 0 1 0 0 0 0 1 p/connhole.dat
1 16 -10 0 0 0 20 0 9 0 0 0 0 -9 p/1-4cylo.dat
1 16 0 -20 0 0 -1 0 1 0 0 0 0 1 p/connhole.dat
4 16 -3.827 -28.3912 3.0616 0 -29 0 0 -29 9 -3.827 -28.3912 9
3 16 9.239 -24.0616 9 9.239 -24.0616 7.9026 9.3924 -23.4443 8.3151
4 16 9.3924 -23.4443 8.3151 10 -21 8.8011 10 -21 9 9.239 -24.0616 9
3 16 7.071 -26.6568 9 7.071 -26.6568 5.9256 7.3157 -26.3639 6.3639
4 16 7.3157 -26.3639 6.3639 9.239 -24.0616 7.9026 9.239 -24.0616 9 7.071 -26.6568 9
4 16 7.071 -26.6568 5.9256 7.071 -26.6568 9 3.827 -28.3912 9 3.9693 -28.3151 3.4443
3 16 3.827 -28.3912 9 3.827 -28.3912 3.0616 3.9693 -28.3151 3.4443
4 16 0 -29 9 0 -29 0 3.827 -28.3912 3.0616 3.827 -28.3912 9
4 16 -7.071 -26.6568 9 -7.071 -26.6568 5.9256 -3.9693 -28.3151 3.4443 -3.827 -28.3912 9
3 16 -3.9693 -28.3151 3.4443 -3.827 -28.3912 3.0616 -3.827 -28.3912 9
4 16 -7.071 -26.6568 9 -9.239 -24.0616 9 -9.239 -24.0616 7.9026 -7.3157 -26.3639 6.3639
3 16 -7.3157 -26.3639 6.3639 -7.071 -26.6568 5.9256 -7.071 -26.6568 9
4 16 -9.239 -24.0616 9 -10 -21 9 -10 -21 8.8011 -9.3924 -23.4443 8.3151
3 16 -9.3924 -23.4443 8.3151 -9.239 -24.0616 7.9026 -9.239 -24.0616 9
1 16 -10 -20 0 0 20 0 0 0 -9 -9 0 0 p/7-16cyli.dat
1 16 0 -22.2221 8.558 0 0 -10 1.2221 0 0 0.2431 -1 0 p/rect2p.dat
1 16 -10 -20 0 0 -1 0 0 0 -9 -9 0 0 p/7-16edge.dat
1 16 10 -20 0 0 1 0 0 0 -9 -9 0 0 p/7-16edge.dat
1 16 0 0 60 12.81 0 0 0 12.81 0 0 0 12.81 p/8-8sphe.dat
1 16 0 0 60 1 0 0 0 0 -1 0 1 0 p/axlesphe.dat
1 16 0 0 40 1 0 0 0 0 -1 0 7.19 0 p/axlehol8.dat
1 16 0 0 40 1 0 0 0 0 -1 0 7.19 0 p/axlehol2.dat
1 16 0 0 40 1 0 0 0 0 -1 0 7.19 0 p/axlehol9.dat
1 16 -10 0 37.364 0 8 0 2 0 0 0 0 -2 p/2-4cylo.dat
1 16 10 0 37.364 0 -8 0 2 0 0 0 0 -2 p/2-4cylo.dat
1 16 -10 0 37.364 0 1 0 2 0 0 0 0 -2 p/2-4disc.dat
1 16 10 0 37.364 0 -1 0 -2 0 0 0 0 -2 p/2-4disc.dat
0 BFC INVERTNEXT
1 16 -10 0 33.682 0 8 0 0 0 6.364 -3.682 0 0 p/box3u5p.dat
0 BFC INVERTNEXT
1 16 10 0 33.682 0 -8 0 0 0 6.364 -3.682 0 0 p/box3u5p.dat
1 16 0 0 57 1 0 0 0 0 -1 0 1 0 p/axlehol8.dat
1 16 -5 -24 -50 0 10 0 1.9134 0 -4.6194 4.6194 0 1.9134 p/11-16cyli.dat
1 16 0 -19.9515 -52.7677 -5 0 0 0 -1 0.513 0 0 0.7678 p/rect3.dat
1 16 -5 -24 -50 0 3 0 5 0 0 0 0 5 p/1-16cyli.dat
1 16 5 -24 -50 0 -3 0 5 0 0 0 0 5 p/1-16cyli.dat
1 16 -5 -24 -50 0 -1 0 1.9134 0 -4.6194 4.6194 0 1.9134 p/11-16edge.dat
1 16 -5 -24 -50 0 -1 0 5 0 0 0 0 5 p/1-16edge.dat
1 16 -2 -24 -50 0 -1 0 5 0 0 0 0 5 p/1-8edge.dat
1 16 2 -24 -50 0 1 0 5 0 0 0 0 5 p/1-8edge.dat
1 16 5 -24 -50 0 1 0 1.9134 0 -4.6194 4.6194 0 1.9134 p/11-16edge.dat
1 16 5 -24 -50 0 1 0 5 0 0 0 0 5 p/1-16edge.dat
1 16 -3.5 -19.4021 -48.0544 -1.5 0 0 0 -1 -0.0215 0 0 0.0322 p/rect2a.dat
1 16 3.5 -19.4021 -48.0544 0 0 1.5 -0.0215 -1 0 0.0322 0 0 p/rect2a.dat
1 16 -3.5 -21.4087 -45.8335 -1.5 0 0 0 0 -0.6779 0 -1 0.4529 p/rect1.dat
1 16 3.5 -21.4087 -45.8335 1.5 0 0 0 0 0.6779 0 -1 -0.4529 p/rect1.dat
1 16 -5.5 -24 -50 0 0.5 0 3 0 0 0 0 -3 p/4-4cylc.dat
1 16 5.5 -24 -50 0 -0.5 0 3 0 0 0 0 3 p/4-4cylc.dat
1 16 -5 -24 -50 0 1 0 1 0 0 0 0 1 p/4-4ring3.dat
1 16 -5 -24 -50 0 1 0 1 0 0 0 0 1 p/4-4ring4.dat
1 16 5 -24 -50 0 -1 0 1 0 0 0 0 -1 p/4-4ring3.dat
1 16 5 -24 -50 0 -1 0 1 0 0 0 0 -1 p/4-4ring4.dat
1 16 -5 -24 -15 0 10 0 -5 0 0 0 0 -5 p/3-8cylo.dat
1 16 -5.5 -24 -15 0 3.5 0 3 0 0 0 0 3 p/3-8cylo.dat
1 16 5.5 -24 -15 0 -3.5 0 3 0 0 0 0 3 p/3-8cylo.dat
1 16 -5.5 -24 -15 0 0.5 0 3 0 0 0 0 -3 p/5-8cylo.dat
1 16 5.5 -24 -15 0 -0.5 0 3 0 0 0 0 -3 p/5-8cylo.dat
1 16 -5.5 -24 -15 0 1 0 3 0 0 0 0 -3 p/4-4disc.dat
1 16 5.5 -24 -15 0 -1 0 3 0 0 0 0 3 p/4-4disc.dat
1 16 -5 -24 -15 0 1 0 -1 0 0 0 0 -1 p/3-8ring3.dat
1 16 -5 -24 -15 0 1 0 -1 0 0 0 0 -1 p/3-8ring4.dat
1 16 5 -24 -15 0 -1 0 -1 0 0 0 0 -1 p/3-8ring3.dat
1 16 5 -24 -15 0 -1 0 -1 0 0 0 0 -1 p/3-8ring4.dat
1 16 -5 -24 -15 0 1 0 3 0 0 0 0 -3 p/1-8ndis.dat
1 16 5 -24 -15 0 -1 0 3 0 0 0 0 -3 p/1-8ndis.dat
0 BFC INVERTNEXT
1 16 -5 -26.4853 -12.5147 0 3 0 -0.5147 0 0 0 0 -0.5147 p/3-8cylo.dat
1 16 -5 -26.4853 -12.5147 0 1 0 -0.5147 0 0 0 0 -0.5147 p/3-8ndis.dat
0 BFC INVERTNEXT
1 16 5 -26.4853 -12.5147 0 -3 0 -0.5147 0 0 0 0 -0.5147 p/3-8cylo.dat
1 16 5 -26.4853 -12.5147 0 -1 0 -0.5147 0 0 0 0 -0.5147 p/3-8ndis.dat
0 BFC INVERTNEXT
1 16 -5 -20.4853 -15 0 3 0 -0.5147 0 0 0 0 -0.5147 p/3-8cylo.dat
1 16 -5 -20.485 -15 0 1 0 0.3639 0 -0.3639 -0.3639 0 -0.3639 p/3-8ndis.dat
0 BFC INVERTNEXT
1 16 5 -20.4853 -15 0 -3 0 -0.5147 0 0 0 0 -0.5147 p/3-8cylo.dat
1 16 5 -20.485 -15 0 -1 0 0.3639 0 -0.3639 -0.3639 0 -0.3639 p/3-8ndis.dat
1 16 -2 -24 -15 0 1 0 3 0 0 0 0 3 p/2-4ndis.dat
1 16 2 -24 -15 0 -1 0 3 0 0 0 0 3 p/2-4ndis.dat
3 16 -2 -27 -9 -2 -23.4443 -8.3151 -2 -20 -9
3 16 -2 -27 -9 -2 -26.3639 -6.3639 -2 -23.4443 -8.3151
3 16 -2 -27 -9 -2 -27 -5.4121 -2 -26.3639 -6.3639
3 16 2 -20 -9 2 -23.4443 -8.3151 2 -27 -9
3 16 2 -23.4443 -8.3151 2 -26.3639 -6.3639 2 -27 -9
3 16 2 -26.3639 -6.3639 2 -27 -5.4121 2 -27 -9
1 16 -2 -20 0 0 -1 0 0 0 -9 -9 0 0 p/3-16edge.dat
1 16 2 -20 0 0 1 0 0 0 -9 -9 0 0 p/3-16edge.dat
0 BFC INVERTNEXT
1 16 -5 -10.9289 -10.3137 0 10 0 0.9289 0 0 0 0 0.9289 p/3-8cylo.dat
1 16 -5 -10.9289 -10.3137 0 1 0 0.9289 0 0 0 0 0.9289 p/3-8ndis.dat
1 16 5 -10.9289 -10.3137 0 -1 0 0.9289 0 0 0 0 0.9289 p/3-8ndis.dat
1 16 -3.5 -27 -8.9634 -1.5 0 0 0 -1 0 0 0 3.5513 p/rect2a.dat
1 16 3.5 -27 -8.9634 0 0 1.5 0 -1 0 3.5513 0 0 p/rect2a.dat
1 16 -3.5 -16.9394 -12.182 1.5 0 0 0 1 3.182 0 0 3.182 p/rect3.dat
1 16 3.5 -16.9394 -12.182 1.5 0 0 0 1 3.182 0 0 3.182 p/rect3.dat
4 16 -2 -13.7574 -9 -2 -20 -9 -10 -20 -9 -5 -13.7574 -9
4 16 5 -13.7574 -9 10 -20 -9 2 -20 -9 2 -13.7574 -9
1 16 0 -29 -7.5 0 0 -5 0 1 0 7.5 0 0 p/rect2p.dat
1 16 0 -16.0251 -14.0961 0 0 5 4.4395 0 0 4.4394 1 0 p/rect2p.dat
1 16 -3.5 -9.8102 -33.1814 -1.5 0 0 0 0 -0.7839 0 -1 0.4526 p/rect3.dat
1 16 3.5 -9.8102 -33.1814 -1.5 0 0 0 0 -0.7839 0 -1 0.4526 p/rect3.dat
1 16 -3.5 -9.297 -30.4824 -1.5 0 0 0 -1 1.297 0 0 2.2465 p/rect3.dat
1 16 3.5 -9.297 -30.4824 -1.5 0 0 0 -1 1.297 0 0 2.2465 p/rect3.dat
1 16 -3.5 -8 -18.618 0 0 1.5 0 -1 0 9.618 0 0 p/rect2a.dat
1 16 3.5 -8 -18.618 -1.5 0 0 0 -1 0 0 0 9.618 p/rect2a.dat
3 16 -8 -8 -9 -5 -8 -9 -5 -8 -14
3 16 5 -8 -14 5 -8 -9 8 -8 -9
1 16 -3.5 0 -19 0 0 -1.5 0 1 0 10 0 0 p/rect1.dat
1 16 3.5 0 -19 0 0 -1.5 0 1 0 10 0 0 p/rect1.dat
3 16 -5 0 -14 -5 0 -9 -8 0 -9
3 16 8 0 -9 5 0 -9 5 0 -14
4 16 -2 0 -9 -2 -8 -9 -8 -8 -9 -10 0 -9
4 16 10 0 -9 8 -8 -9 2 -8 -9 2 0 -9
1 16 -3.5 -13.4037 -47.7386 -1.5 0 0 0 0 -3.9169 0 -1 -2.2614 p/rect3.dat
1 16 3.5 -13.4037 -47.7386 -1.5 0 0 0 0 -3.9169 0 -1 -2.2614 p/rect3.dat
1 16 -3.5 -18.1603 -50 -1.5 0 0 0 0 -0.8398 0 -1 0 p/rect3.dat
1 16 3.5 -18.1603 -50 -1.5 0 0 0 0 -0.8398 0 -1 0 p/rect3.dat
1 16 -3.5 -15.5088 -41.2415 -1.5 0 0 0 -1 3.9148 0 0 6.7807 p/rect3.dat
1 16 3.5 -15.5088 -41.2415 -1.5 0 0 0 -1 3.9148 0 0 6.7806 p/rect3.dat
1 16 -3.5 -10.8102 -34.9135 0 0 1.5 0.7839 0 0 -0.4526 1 0 p/rect2p.dat
1 16 3.5 -10.8102 -34.9135 0 0 1.5 0.7839 0 0 -0.4526 1 0 p/rect2p.dat
1 16 0 -18.1115 -52 -5 0 0 0 0 1.3269 0 1 0 p/rect3.dat
1 16 0 -12.6357 -49.6046 0 0 5 4.1489 0 0 2.3954 1 0 p/rect2p.dat
1 16 0 -15.3654 -36.9932 0 0 -5 5.3655 1 0 9.2932 0 0 p/rect.dat
4 16 5 -10 -27.7 5 -10 -10.3137 -5 -10 -10.3137 -5 -10 -27.7
3 16 -5 -10 -14 -5 -10 -9 -8 -10 -9
3 16 8 -10 -9 5 -10 -9 5 -10 -14
1 16 0 2 -18.8011 0 0 5 0 -1 0 10.1989 0 0 p/rect1.dat
3 16 -8.2387 2 -8.6022 -5 2 -8.6022 -5 2 -14
3 16 5 2 -14 5 2 -8.6022 8.2387 2 -8.6022
4 16 -5 -10 -9 -5 -13.7574 -9 -10 -20 -9 -8 -10 -9
4 16 8 -10 -9 10 -20 -9 5 -13.7574 -9 5 -10 -9
4 16 -8 -8 -9 -8 -10 -9 -10 -20 -9 -10 0 -9
4 16 10 0 -9 10 -20 -9 8 -10 -9 8 -8 -9
1 16 -6 4.182 37.364 0 0 -4 -2.182 0 0 0 1 0 p/rect2a.dat
1 16 6 4.182 37.364 4 0 0 0 0 -2.182 0 1 0 p/rect2a.dat
1 16 -6 -4.182 37.364 -4 0 0 0 0 2.182 0 1 0 p/rect2a.dat
1 16 6 -4.182 37.364 0 0 4 2.182 0 0 0 1 0 p/rect2a.dat
1 16 0 9 20 0 0 10 0 -1 0 20 0 0 p/rect1.dat
1 16 0 0 40 -10 0 0 0 0 -9 0 -1 0 p/rect3.dat
1 16 0 -24 -32 4 0 0 0 0 4 0 -15.1596 0 p/4-4cyli.dat
1 16 0 -24 -32 4 0 0 0 0 4 0 -1 0 p/4-4disc.dat
1 16 0 -24 -32 4 0 0 0 0 4 0 -1 0 p/4-4edge.dat
1 16 0 -24 -32 3 0 0 0 0 -3 0 13.1066 0 p/4-4cyli.dat
1 16 0 -24 -32 3 0 0 0 0 -3 0 1 0 p/4-4edge.dat
1 16 -10 0 -40 0 20 0 0 0 -1 -1 0 0 p/axlehol4.dat
4 16 -10 2.588 -30.341 10 2.588 -30.341 9.9955 3.8219 -30.7593 -9.9955 3.8219 -30.7593
4 16 10 7.071 -32.929 -10 7.071 -32.929 -9.9951 6.0921 -32.0696 9.9951 6.0921 -32.0696
4 16 -10 7.071 -32.929 10 7.071 -32.929 9.9951 7.9304 -33.9079 -9.9951 7.9304 -33.9079
4 16 10 9.659 -37.412 -10 9.659 -37.412 -9.9954 9.2407 -36.1781 9.9954 9.2407 -36.1781
4 16 9.9966 9.9129 -38.6895 -9.9966 9.9129 -38.6895 -10 9.659 -37.412 10 9.659 -37.412
4 16 -9.9966 9.9129 -41.3105 9.9966 9.9129 -41.3105 10 9.659 -42.588 -10 9.659 -42.588
4 16 -9.9954 9.2407 -43.8219 -10 9.659 -42.588 10 9.659 -42.588 9.9954 9.2407 -43.8219
4 16 -9.9951 7.9304 -46.0921 9.9951 7.9304 -46.0921 10 7.071 -47.071 -10 7.071 -47.071
4 16 10 7.071 -47.071 9.9951 6.0921 -47.9304 -9.9951 6.0921 -47.9304 -10 7.071 -47.071
4 16 -10 2.588 -49.659 -9.9955 3.8219 -49.2407 9.9955 3.8219 -49.2407 10 2.588 -49.659
4 16 9.9966 1.3105 -49.9129 -9.9966 1.3105 -49.9129 -10 2.588 -49.659 10 2.588 -49.659
4 16 -10 -2.588 -49.659 -9.9966 -1.3105 -49.9129 9.9966 -1.3105 -49.9129 10 -2.588 -49.659
4 16 9.9955 -3.8219 -49.2407 -9.9955 -3.8219 -49.2407 -10 -2.588 -49.659 10 -2.588 -49.659
4 16 10 -7.071 -47.071 -10 -7.071 -47.071 -9.9951 -6.0921 -47.9304 9.9951 -6.0921 -47.9304
4 16 -10 1.305 -30.086 -10 0 -30 10 0 -30 10 1.305 -30.086
4 16 -10 2.588 -30.341 -10 1.305 -30.086 10 1.305 -30.086 10 2.588 -30.341
1 16 -10 0 -40 0 1 0 0 0 10 -10 0 0 p/48/2-4aring.dat
1 16 -10 0 -40 0 1 0 -7.0711 0 7.0711 -7.0711 0 -7.0711 p/48/1-4aring.dat
1 16 10 0 -40 0 -1 0 0 0 10 -10 0 0 p/48/2-4aring.dat
1 16 10 0 -40 0 -1 0 -7.0711 0 7.0711 -7.0711 0 -7.0711 p/48/1-4aring.dat
1 16 -10 0 -40 0 8 0 0 0 -10 10 0 0 p/3-16cylo.dat
1 16 -10 0 -40 0 8 0 -7.0711 0 -7.0711 -7.0711 0 7.0711 p/1-16cyli.dat
1 16 -10 0 -40 0 -1 0 -7.0711 0 -7.0711 -7.0711 0 7.0711 p/1-16edge.dat
1 16 -2 0 -40 0 -1 0 -7.0711 0 -7.0711 -7.0711 0 7.0711 p/1-16edge.dat
1 16 2 0 -40 0 1 0 -7.0711 0 -7.0711 -7.0711 0 7.0711 p/1-16edge.dat
1 16 10 0 -40 0 1 0 -7.0711 0 -7.0711 -7.0711 0 7.0711 p/1-16edge.dat
1 16 10 0 -40 0 -8 0 0 0 -10 10 0 0 p/3-16cylo.dat
1 16 10 0 -40 0 -8 0 -7.0711 0 -7.0711 -7.0711 0 7.0711 p/1-16cyli.dat
4 16 -10 -9.239 -36.173 -10 -9.8012 -39 -2 -9.8012 -39 -2 -9.239 -36.173
4 16 -10 -9.239 -43.827 -2 -9.239 -43.827 -2 -9.8012 -41 -10 -9.8012 -41
4 16 2 -9.239 -36.173 2 -9.8012 -39 10 -9.8012 -39 10 -9.239 -36.173
4 16 10 -9.239 -43.827 10 -9.8012 -41 2 -9.8012 -41 2 -9.239 -43.827
4 16 -5 -8.4868 -47.2093 -6.2567 -7.3985 -46.581 -2 -7.3985 -46.581 -2 -8.4868 -47.2093
4 16 5 -8.4868 -47.2093 2 -8.4868 -47.2093 2 -7.3985 -46.581 6.2567 -7.3985 -46.581
4 16 -2 -8.5122 -44.9145 -6.1254 -8.5122 -44.9145 -5 -9.4868 -45.4772 -2 -9.4868 -45.4772
4 16 6.1254 -8.5122 -44.9145 2 -8.5122 -44.9145 2 -9.4868 -45.4772 5 -9.4868 -45.4772
4 16 -5 -9.4868 -45.4772 -6.1254 -8.5122 -44.9145 -6.2567 -7.3985 -46.581 -5 -8.4868 -47.2093
4 16 6.1254 -8.5122 -44.9145 5 -9.4868 -45.4772 5 -8.4868 -47.2093 6.2567 -7.3985 -46.581
4 16 -6.1053 -9.069 -35.9187 -2 -9.069 -35.9187 -2 -10.0263 -35.3661 -5 -10.0263 -35.3661
4 16 5 -10.0263 -35.3661 2 -10.0263 -35.3661 2 -9.069 -35.9187 6.1053 -9.069 -35.9187
4 16 -2 -7.9554 -34.2523 -6.2366 -7.9554 -34.2523 -5 -9.0263 -33.634 -2 -9.0263 -33.634
4 16 5 -9.0263 -33.634 6.2366 -7.9554 -34.2523 2 -7.9554 -34.2523 2 -9.0263 -33.634
4 16 -6.1053 -9.069 -35.9187 -5 -10.0263 -35.3661 -5 -9.0263 -33.634 -6.2366 -7.9554 -34.2523
4 16 5 -10.0263 -35.3661 6.1053 -9.069 -35.9187 6.2366 -7.9554 -34.2523 5 -9.0263 -33.634
4 16 -6 0 -30 -2 0 -30 -2 0 -29 -5 0 -29
4 16 2 0 -29 2 0 -30 6 0 -30 5 0 -29
4 16 -2 2 -29 -2 2 -30.224 -6.2241 2 -30.2241 -5 2 -29
4 16 5 2 -29 6.2241 2 -30.2241 2 2 -30.224 2 2 -29
4 16 -6 0 -30 -5 0 -29 -5 2 -29 -6.086 1.305 -30.086
3 16 -5 2 -29 -6.2241 2 -30.2241 -6.086 1.305 -30.086
4 16 6.2241 2 -30.2241 5 2 -29 5 0 -29 6.086 1.305 -30.086
3 16 5 0 -29 6 0 -30 6.086 1.305 -30.086
1 16 0 -5 -48.66 0 0 -1 0.866 -0.5 0 -0.5 -0.866 0 p/toothb12.dat
1 16 0 0 -50 0 0 -1 1 0 0 0 -1 0 p/toothb12.dat
1 16 0 5 -48.66 0 0 -1 0.866 0.5 0 0.5 -0.866 0 p/toothb12.dat
1 16 0 8.66 -45 0 0 -1 0.5 0.866 0 0.866 -0.5 0 p/toothb12.dat
1 16 0 10 -40 0 0 -1 0 1 0 1 0 0 p/toothb12.dat
1 16 0 8.66 -35 0 0 -1 -0.5 0.866 0 0.866 0.5 0 p/toothb12.dat
1 16 0 5 -31.34 0 0 -1 -0.866 0.5 0 0.5 0.866 0 p/toothb12.dat
1 16 -2 0 -40 0 1 0 -2.5 0 -4.3301 -4.3301 0 2.5 p/48/1-12rin2.dat
1 16 -2 0 -40 0 1 0 -1.5 0 -2.5981 -2.5981 0 1.5 p/48/1-12rin5.dat
1 16 2 0 -40 0 -1 0 -2.5 0 -4.3301 -4.3301 0 2.5 p/48/1-12rin2.dat
1 16 2 0 -40 0 -1 0 -1.5 0 -2.5981 -2.5981 0 1.5 p/48/1-12rin5.dat
1 16 -2 0 -40 0 4 0 -15.5885 0 9 -9 0 -15.5885 p/48/1-12cylo.dat
1 16 -2 -8.5 -54.722 0 4 0 -0.5 0 0.866 -0.866 0 -0.5 p/1-4cylo.dat
1 16 -2 -8.5 -54.722 0 1 0 -0.5 0 0.866 -0.866 0 -0.5 p/1-4disc.dat
1 16 2 -8.5 -54.722 0 -1 0 -0.5 0 0.866 -0.866 0 -0.5 p/1-4disc.dat
1 16 0 9.3511 -25.8035 2 0 0 0 -1 -0.0149 0 0 -0.0259 p/rect3.dat
3 16 -2 9.1065 -25.628 -2 9.366 -25.7776 -2 9.3362 -25.8293
3 16 2 9.3362 -25.8293 2 9.366 -25.7776 2 9.1065 -25.628
1 16 0 -7.6191 -55.1966 -2 0 0 0 -1 0.015 0 0 0.0258 p/rect3.dat
3 16 -2 -7.8936 -55.0723 -2 -7.6041 -55.1708 -2 -7.634 -55.2224
3 16 2 -7.634 -55.2224 2 -7.6041 -55.1708 2 -7.8936 -55.0723
3 16 -2 -7.0711 -47.0711 -2 -7.4665 -46.6202 -2 -7.3985 -46.581
3 16 2 -7.3985 -46.581 2 -7.4665 -46.6202 2 -7.0711 -47.0711
1 16 -2 0 -40 0 1 0 0 0 5 5 0 0 p/48/1-12rin2.dat
1 16 -2 0 -40 0 1 0 0 0 3 3 0 0 p/48/1-12rin5.dat
1 16 2 0 -40 0 -1 0 0 0 5 5 0 0 p/48/1-12rin2.dat
1 16 2 0 -40 0 -1 0 0 0 3 3 0 0 p/48/1-12rin5.dat
1 16 -2 0 -40 0 4 0 0 0 18 18 0 0 p/48/1-12cylo.dat
1 16 -2 8.5 -25.278 0 4 0 0.5 0 0.866 0.866 0 -0.5 p/1-4cylo.dat
1 16 -2 8.5 -25.278 0 1 0 0.5 0 0.866 0.866 0 -0.5 p/1-4disc.dat
1 16 2 8.5 -25.278 0 -1 0 0.5 0 0.866 0.866 0 -0.5 p/1-4disc.dat
4 16 -2 -9.8012 -41 -2 -12 -41 2 -12 -41 2 -9.8012 -41
4 16 2 -9.8012 -39 2 -12 -39 -2 -12 -39 -2 -9.8012 -39
0 BFC INVERTNEXT
1 16 -2 -12 -40 0 4 0 0 0 -1 -1 0 0 p/2-4cylo.dat
1 16 0 -5.7017 -41.5 0 0 10 -0.0995 -1 0 0.5 0 0 p/rect.dat
1 16 0 -7.8011 -41 0 0 10 -2 0 0 0 -1 0 p/rect2p.dat
1 16 0 -5.7017 -38.5 0 0 -10 -0.0995 -1 0 -0.5 0 0 p/rect.dat
1 16 0 -7.8011 -39 0 0 -10 -2 0 0 0 1 0 p/rect2p.dat
1 16 -10 0 -40 0 1 0 -2.7716 0 1.1481 -1.1481 0 -2.7716 p/7-8ring2.dat
1 16 -10 0 -40 0 1 0 -0.9239 0 0.3827 -0.3827 0 -0.9239 p/7-8ring9.dat
1 16 10 0 -40 0 -1 0 -2.7716 0 1.1481 -1.1481 0 -2.7716 p/7-8ring2.dat
1 16 10 0 -40 0 -1 0 -0.9239 0 0.3827 -0.3827 0 -0.9239 p/7-8ring9.dat
4 16 -10 -5.5433 -42.2961 -10 -9.239 -43.827 -10 -9.8012 -41 -10 -5.8011 -41
4 16 -10 -5.8011 -39 -10 -9.8012 -39 -10 -9.239 -36.173 -10 -5.5433 -37.7039
4 16 10 -5.8011 -41 10 -9.8012 -41 10 -9.239 -43.827 10 -5.5433 -42.2961
4 16 10 -5.5433 -37.7039 10 -9.239 -36.173 10 -9.8012 -39 10 -5.8011 -39
0 BFC INVERTNEXT
1 16 -10 -9 9 0 8 0 -10 0 0 0 0 21 p/1-4cylo.dat
0 BFC INVERTNEXT
1 16 10 -9 9 0 -8 0 -10 0 0 0 0 21 p/1-4cylo.dat
1 16 -2 -9 9 0 1 0 -10 0 0 0 0 21 p/1-4disc.dat
1 16 2 -9 9 0 -1 0 -10 0 0 0 0 21 p/1-4disc.dat
0 BFC INVERTNEXT
1 16 -6 -14 19.5 -4 0 0 0 5 0 0 0 -10.5 p/box2-5.dat
0 BFC INVERTNEXT
1 16 6 -14 19.5 -4 0 0 0 5 0 0 0 -10.5 p/box2-5.dat
1 16 -10 -9 9 0 2 0 -12 0 0 0 0 23 p/1-4cyli.dat
1 16 10 -9 9 0 -2 0 -12 0 0 0 0 23 p/1-4cyli.dat
1 16 -8 -9 9 0 1 0 -12 0 0 0 0 23 p/1-4edge.dat
1 16 8 -9 9 0 1 0 -12 0 0 0 0 23 p/1-4edge.dat
3 16 -10 -21 8.8011 -10 -21 9 -10 -20 9
4 16 -10 -18.239 17.0367 -10 -19 9 -10 -21 9 -10 -20.0868 17.8021
4 16 -10 -16.071 23.8491 -10 -18.239 17.0367 -10 -20.0868 17.8021 -10 -17.4852 25.2633
4 16 -10 -13.5924 30.2497 -10 -12.827 28.4019 -10 -16.071 23.8491 -10 -17.4852 25.2633
4 16 -10 -9 32 -10 -9 30 -10 -12.827 28.4019 -10 -13.5924 30.2497
3 16 10 -20 9 10 -21 9 10 -21 8.8011
4 16 10 -20.0868 17.8021 10 -21 9 10 -19 9 10 -18.239 17.0367
4 16 10 -17.4852 25.2633 10 -20.0868 17.8021 10 -18.239 17.0367 10 -16.071 23.8491
4 16 10 -17.4852 25.2633 10 -16.071 23.8491 10 -12.827 28.4019 10 -13.5924 30.2497
4 16 10 -13.5924 30.2497 10 -12.827 28.4019 10 -9 30 10 -9 32
1 16 0 -21 9 10 0 0 0 0.1548 -7.9148 0 1.492 0.8211 p/2-4cyli.dat
1 16 0 -20.845 10.492 10 0 0 0 0.1548 -7.9148 0 1.492 0.8211 p/2-4edge.dat
1 16 0 -20.845 10.492 10 0 0 0 -0.1032 -7.9148 0 -0.9947 0.8211 p/2-4disc.dat
1 16 0 -21 9 0 0 -10 7.9148 -0.0852 0 -0.8211 -0.8212 0 p/1-4cyls2.dat
1 16 0 -21 9 0 0 10 7.9148 -0.0852 0 -0.8211 -0.8212 0 p/1-4cyls2.dat
1 16 0 -20.087 17.802 10 0 0 0 -0.1032 -7.9148 0 -0.9947 0.8211 p/2-4disc.dat
1 16 0 -20.087 17.802 10 0 0 0 -0.3096 -7.9148 0 -2.984 0.8211 p/2-4cylo.dat
1 16 0 -20.396 14.818 10 0 0 0 0.1032 -7.9148 0 0.9947 0.8211 p/2-4disc.dat
1 16 0 -20.396 14.818 8 0 0 0 -0.4488 -5.9255 0 -4.3261 0.6148 p/2-4cylo.dat
1 16 0 -17.485 25.263 10 0 0 0 -0.3292 -7.5136 0 -0.9442 2.6199 p/2-4disc.dat
1 16 0 -17.485 25.263 10 0 0 0 -0.9877 -7.5136 0 -2.8327 2.6199 p/2-4cylo.dat
1 16 0 -18.472 22.431 10 0 0 0 0.3292 -7.5136 0 0.9442 2.6199 p/2-4disc.dat
1 16 0 -18.472 22.431 8 0 0 0 0.3292 -5.6252 0 0.9442 1.9614 p/2-4edge.dat
1 16 0 -18.472 22.431 8 0 0 0 -2.0775 -5.6252 0 -5.9582 1.9614 p/2-4cyli.dat
1 16 0 -20.087 17.802 8 0 0 0 0.3292 -6.0888 0 0.9442 0.6317 p/2-4edge.dat
1 16 0 -13.592 30.25 10 0 0 0 -0.6154 -6.2723 0 -0.7882 4.8967 p/2-4disc.dat
1 16 0 -13.592 30.25 10 0 0 0 -1.8461 -6.2723 0 -2.3647 4.8967 p/2-4cylo.dat
1 16 0 -15.439 27.885 10 0 0 0 0.6154 -6.2723 0 0.7882 4.8967 p/2-4disc.dat
1 16 0 -15.439 27.885 8 0 0 0 0.6154 -4.6958 0 0.7882 3.6659 p/2-4edge.dat
1 16 0 -15.439 27.885 8 0 0 0 -3.2915 -4.6958 0 -4.2162 3.6659 p/2-4cyli.dat
1 16 0 -17.485 25.263 8 0 0 0 0.6154 -5.9406 0 0.7882 2.0714 p/2-4edge.dat
1 16 0 -9 32 10 0 0 0 -1.4017 -2.6623 0 -0.5342 6.9854 p/2-4cyli.dat
1 16 0 -10.402 31.466 10 0 0 0 0.9344 -2.6623 0 0.3561 6.9854 p/2-4disc.dat
1 16 0 -10.402 31.466 10 0 0 0 0.9344 -2.6623 0 0.3561 6.9854 p/2-4edge.dat
1 16 0 -10.402 31.466 8 0 0 0 0.9344 -1.95 0 0.3561 5.1165 p/2-4edge.dat
1 16 0 -10.402 31.466 8 0 0 0 -6.2843 -1.95 0 -2.3951 5.1165 p/2-4cyli.dat
1 16 0 -13.592 30.25 8 0 0 0 0.9344 -5.0436 0 0.3561 3.9375 p/2-4edge.dat
1 16 0 -9 32 0 0 -10 2.6623 2.6623 0 -6.9854 1.0147 0 p/1-4cyls2.dat
1 16 0 -9 32 0 0 10 2.6623 2.6623 0 -6.9854 1.0147 0 p/1-4cyls2.dat
1 16 0 -9 32 10 0 0 0 0.9344 0 0 0.3561 8 p/2-4edge.dat
1 16 0 -9 32 10 0 0 0 0.9344 0 0 0.3561 8 p/2-4ndis.dat
4 16 -2 -8 -9 -2 0 -9 -2 0 -22.3333 -2 -8 -28.2359
4 16 -2 0 -22.3333 -2 -9.0263 -33.634 -2 -10.594 -32.7288 -2 -8 -28.2359
3 16 -2 -3.827 -30.761 -2 0 -22.3333 -2 0 -30
4 16 -2 -8.5122 -44.9145 -2 -17.3205 -50 -2 -19 -50 -2 -19.3805 -48.0865
3 16 -2 -19.3805 -48.0865 -2 -9.239 -43.827 -2 -8.5122 -44.9145
4 16 -2 -3.827 -30.761 -2 -7.071 -32.929 -2 -9.0263 -33.634 -2 0 -22.3333
3 16 -2 -7.9554 -34.2523 -2 -9.0263 -33.634 -2 -7.071 -32.929
4 16 -2 -9.069 -35.9187 -2 -11.6802 -39 -2 -12 -39 -2 -11.594 -34.4609
3 16 -2 -12.3827 -39.0761 -2 -11.594 -34.4609 -2 -12 -39
3 16 -2 -12.7071 -39.2929 -2 -11.594 -34.4609 -2 -12.3827 -39.0761
4 16 -2 -11.594 -34.4609 -2 -12.7071 -39.2929 -2 -12.9239 -39.6173 -2 -19.4236 -48.0222
4 16 -2 -12.8922 -40.4301 -2 -19.3805 -48.0865 -2 -19.4236 -48.0222 -2 -12.9239 -40.3827
3 16 -2 -12.9239 -39.6173 -2 -13 -40 -2 -19.4236 -48.0222
3 16 -2 -13 -40 -2 -12.9239 -40.3827 -2 -19.4236 -48.0222
3 16 -2 -19.3805 -48.0865 -2 -12.8922 -40.4301 -2 -12.8793 -40.4494
4 16 -2 -11.6802 -39 -2 -9.069 -35.9187 -2 -9.239 -36.173 -2 -11.6455 -39
3 16 -2 -9.239 -36.173 -2 -9.8012 -39 -2 -11.6455 -39
3 16 -2 -19.3805 -48.0865 -2 -12.8793 -40.4494 -2 -12.7071 -40.7071
3 16 -2 -19.3805 -48.0865 -2 -12.7071 -40.7071 -2 -12.3827 -40.9239
3 16 -2 -19.3805 -48.0865 -2 -12.3827 -40.9239 -2 -12 -41
3 16 -2 -12 -41 -2 -11.16 -41 -2 -19.3805 -48.0865
4 16 -2 -11.16 -41 -2 -9.8012 -41 -2 -9.239 -43.827 -2 -19.3805 -48.0865
4 16 2 -8 -28.2359 2 0 -22.3333 2 0 -9 2 -8 -9
4 16 2 -8 -28.2359 2 -10.594 -32.7288 2 -9.0263 -33.634 2 0 -22.3333
3 16 2 0 -30 2 0 -22.3333 2 -3.827 -30.761
4 16 2 -19.3805 -48.0865 2 -19 -50 2 -17.3205 -50 2 -8.5122 -44.9145
3 16 2 -8.5122 -44.9145 2 -9.239 -43.827 2 -19.3805 -48.0865
4 16 2 0 -22.3333 2 -9.0263 -33.634 2 -7.071 -32.929 2 -3.827 -30.761
3 16 2 -7.071 -32.929 2 -9.0263 -33.634 2 -7.9554 -34.2523
4 16 2 -11.594 -34.4609 2 -12 -39 2 -11.6802 -39 2 -9.069 -35.9187
3 16 2 -12 -39 2 -11.594 -34.4609 2 -12.3827 -39.0761
3 16 2 -12.3827 -39.0761 2 -11.594 -34.4609 2 -12.7071 -39.2929
4 16 2 -19.4236 -48.0222 2 -12.9239 -39.6173 2 -12.7071 -39.2929 2 -11.594 -34.4609
4 16 2 -12.9239 -40.3827 2 -19.4236 -48.0222 2 -19.3805 -48.0865 2 -12.8922 -40.4301
3 16 2 -19.4236 -48.0222 2 -13 -40 2 -12.9239 -39.6173
3 16 2 -19.4236 -48.0222 2 -12.9239 -40.3827 2 -13 -40
3 16 2 -12.8793 -40.4494 2 -12.8922 -40.4301 2 -19.3805 -48.0865
4 16 2 -11.6455 -39 2 -9.239 -36.173 2 -9.069 -35.9187 2 -11.6802 -39
3 16 2 -11.6455 -39 2 -9.8012 -39 2 -9.239 -36.173
3 16 2 -12.7071 -40.7071 2 -12.8793 -40.4494 2 -19.3805 -48.0865
3 16 2 -12.3827 -40.9239 2 -12.7071 -40.7071 2 -19.3805 -48.0865
3 16 2 -12 -41 2 -12.3827 -40.9239 2 -19.3805 -48.0865
3 16 2 -19.3805 -48.0865 2 -11.16 -41 2 -12 -41
4 16 2 -19.3805 -48.0865 2 -9.239 -43.827 2 -9.8012 -41 2 -11.16 -41
4 16 -2 -21 -12 -2 -27 -12 -2 -27 -9 -2 -13.7574 -9
3 16 -2 -21 -16.2426 -2 -21 -12 -2 -13.7574 -9
4 16 2 -13.7574 -9 2 -27 -9 2 -27 -12 2 -21 -12
3 16 2 -13.7574 -9 2 -21 -12 2 -21 -16.2426
3 16 -5 -16.7846 -52 -5 -19.4385 -52 -5 -19.3806 -51.9134
4 16 -5 -16.7846 -52 -5 -19.3806 -51.9134 -5 -19 -50 -5 -17.3205 -50
4 16 -5 -8.4868 -47.2093 -5 -16.7846 -52 -5 -17.3205 -50 -5 -9.4868 -45.4772
3 16 5 -19.3806 -51.9134 5 -19.4385 -52 5 -16.7846 -52
4 16 5 -17.3205 -50 5 -19 -50 5 -19.3806 -51.9134 5 -16.7846 -52
4 16 5 -9.4868 -45.4772 5 -17.3205 -50 5 -16.7846 -52 5 -8.4868 -47.2093
3 16 -5 -8 -28.2359 -5 -19.4236 -48.0222 -5 -20.4645 -46.4645
4 16 -5 -8 -28.2359 -5 -20.4645 -46.4645 -5 -20.7309 -46.2864 -5 -10 -27.7
1 16 -5 -10.3102 -34.0474 0 1 0 0.7839 0 -0.5 -0.4526 0 -0.8661 p/rect1.dat
4 16 -5 -8 -14 -5 -8 -28.2359 -5 -10 -27.7 -5 -10 -14
1 16 -6.5 -9 -11.5 1.5 1 0 0 0 -1 -2.5 0 0 p/rect.dat
3 16 5 -20.4645 -46.4645 5 -19.4236 -48.0222 5 -8 -28.2359
4 16 5 -10 -27.7 5 -20.7309 -46.2864 5 -20.4645 -46.4645 5 -8 -28.2359
1 16 5 -10.3102 -34.0474 0 -1 0 0.7839 0 0.5 -0.4526 0 0.8661 p/rect1.dat
4 16 5 -10 -14 5 -10 -27.7 5 -8 -28.2359 5 -8 -14
1 16 6.5 -9 -11.5 -1.5 -1 0 0 0 1 -2.5 0 0 p/rect.dat
1 16 -5 1 -21.5 0 1 0 0 0 -1 -7.5 0 0 p/rect.dat
4 16 -8.2387 2 -8.6022 -5 2 -14 -5 0 -14 -8 0 -9
1 16 5 1 -21.5 0 -1 0 0 0 1 -7.5 0 0 p/rect.dat
4 16 8 0 -9 5 0 -14 5 2 -14 8.2387 2 -8.6022
3 16 -5 -26.7716 -13.8519 -5 -27 -13.0294 -5 -26.2221 -13.0294
3 16 -5 -27 -15 -5 -27 -13.0294 -5 -26.7716 -13.8519
4 16 -5 -27 -5.4121 -5 -27 -15 -5 -29 -15 -5 -28.3149 -3.4442
3 16 -5 -28.3149 -3.4442 -5 -29 -15 -5 -29 0
3 16 5 -26.2221 -13.0294 5 -27 -13.0294 5 -26.7716 -13.8519
3 16 5 -26.7716 -13.8519 5 -27 -13.0294 5 -27 -15
4 16 5 -28.3149 -3.4442 5 -29 -15 5 -27 -15 5 -27 -5.4121
3 16 5 -29 0 5 -29 -15 5 -28.3149 -3.4442
4 16 -5 -20.4645 -18.5355 -5 -21 -18 -5 -21 -15.2132 -5 -20.4853 -15.7279
4 16 -5 -11.3137 -9.3847 -5 -20.4645 -18.5355 -5 -20.4853 -15.7279 -5 -13.7574 -9
4 16 -5 -10 -9.3847 -5 -11.3137 -9.3847 -5 -13.7574 -9 -5 -10 -9
4 16 5 -20.4853 -15.7279 5 -21 -15.2132 5 -21 -18 5 -20.4645 -18.5355
4 16 5 -13.7574 -9 5 -20.4853 -15.7279 5 -20.4645 -18.5355 5 -11.3137 -9.3847
4 16 5 -10 -9 5 -13.7574 -9 5 -11.3137 -9.3847 5 -10 -9.3847
4 16 -10 0 -9 -10 -20 -9 -10 -16.5558 -8.3149 -10 -3.4442 -8.3149
4 16 -10 -3.4442 -8.3149 -10 -16.5558 -8.3149 -10 -13.636 -6.364 -10 -6.364 -6.364
4 16 10 -3.4442 -8.3149 10 -16.5558 -8.3149 10 -20 -9 10 0 -9
4 16 10 -6.364 -6.364 10 -13.636 -6.364 10 -16.5558 -8.3149 10 -3.4442 -8.3149
4 16 -10 9 20 -10 9 0 -10 8.3149 3.4442 -10 8.3149 16.5558
4 16 -10 8.3149 16.5558 -10 8.3149 3.4442 -10 6.364 6.364 -10 6.364 13.636
4 16 10 8.3149 16.5558 10 8.3149 3.4442 10 9 0 10 9 20
4 16 10 6.364 13.636 10 6.364 6.364 10 8.3149 3.4442 10 8.3149 16.5558
3 16 -10 9 40 -10 9 20 -10 8.3149 23.4442
4 16 -10 9 40 -10 8.3149 23.4442 -10 6.364 26.364 -10 6.364 37.364
3 16 10 8.3149 23.4442 10 9 20 10 9 40
4 16 10 6.364 37.364 10 6.364 26.364 10 8.3149 23.4442 10 9 40
4 16 -10 9 40 -10 6.364 37.364 -10 -6.364 37.364 -10 -9 40
4 16 10 -9 40 10 -6.364 37.364 10 6.364 37.364 10 9 40
3 16 -10 -8.3149 23.4442 -10 -9 20 -10 -9 40
4 16 -10 -6.364 37.364 -10 -6.364 26.364 -10 -8.3149 23.4442 -10 -9 40
3 16 10 -9 40 10 -9 20 10 -8.3149 23.4442
4 16 10 -9 40 10 -8.3149 23.4442 10 -6.364 26.364 10 -6.364 37.364
4 16 -10 -6.364 13.636 -10 -6.364 6.364 -10 -9 9 -10 -8.3149 16.5558
3 16 -10 -8.3149 16.5558 -10 -9 9 -10 -9 20
4 16 10 -8.3149 16.5558 10 -9 9 10 -6.364 6.364 10 -6.364 13.636
3 16 10 -9 20 10 -9 9 10 -8.3149 16.5558
4 16 -10 -16.5558 8.3149 -10 -9 9 -10 -6.364 6.364 -10 -13.636 6.364
3 16 -10 -20 9 -10 -9 9 -10 -16.5558 8.3149
4 16 10 -13.636 6.364 10 -6.364 6.364 10 -9 9 10 -16.5558 8.3149
3 16 10 -16.5558 8.3149 10 -9 9 10 -20 9
