0 BFC CERTIFY CCW
1 16 0 0 0 1 0 0 0 1 0 0 0 1 s\6641s01.dat
1 16 0 0 0 -1 0 0 0 -1 0 0 0 1 s\6641s01.dat
0 BFC INVERTNEXT
1 16 10 0 -42 0 -20 0 0 0 1.5 1.5 0 0 4-4cylo.dat
1 16 10 0 -42 0 -1 0 0 0 1.5 1.5 0 0 4-4ndis.dat
1 16 -10 0 -42 0 1 0 0 0 1.5 1.5 0 0 4-4ndis.dat
4 16 10 -3.46 -44 10 -2.5 -46 10 -1.5 -43.5 10 -1.5 -40.5
4 16 10 -1.5 -43.5 10 -2.5 -46 10 2.5 -46 10 1.5 -43.5
4 16 10 1.5 -43.5 10 2.5 -46 10 3.46 -44 10 1.5 -40.5
4 16 10 -2 -38.54 10 -1.5 -40.5 10 1.5 -40.5 10 2 -38.54
3 16 10 -1.5 -40.5 10 -2 -38.54 10 -3.46 -44
3 16 10 2 -38.54 10 1.5 -40.5 10 3.46 -44
4 16 -10 -1.5 -43.5 -10 -2.5 -46 -10 -3.46 -44 -10 -1.5 -40.5
4 16 -10 2.5 -46 -10 -2.5 -46 -10 -1.5 -43.5 -10 1.5 -43.5
4 16 -10 3.46 -44 -10 2.5 -46 -10 1.5 -43.5 -10 1.5 -40.5
4 16 -10 1.5 -40.5 -10 -1.5 -40.5 -10 -2 -38.54 -10 2 -38.54
3 16 -10 -2 -38.54 -10 -1.5 -40.5 -10 -3.46 -44
3 16 -10 1.5 -40.5 -10 2 -38.54 -10 3.46 -44
1 16 0 0 6 0 0 1 -1 0 0 0 -17 0 axlehol5.dat
1 16 0 0 -11 0 0 1 -1 0 0 0 -1 0 axl5end.dat
1 16 10 0 -20 0 -20 0 1 0 0 0 0 1 axl4hole.dat
1 16 10 0 -20 0 -1 0 6 0 0 0 0 6 1-4edge.dat
1 16 10 0 -20 0 -1 0 -6 0 0 0 0 -6 1-4edge.dat
1 16 -10 0 -20 0 1 0 6 0 0 0 0 6 1-4edge.dat
1 16 -10 0 -20 0 1 0 -6 0 0 0 0 -6 1-4edge.dat
1 16 10 0 -20 0 -1 0 -6 0 0 0 0 6 1-4ering.dat
1 16 10 0 -20 0 -1 0 6 0 0 0 0 -6 1-4ering.dat
1 16 -10 0 -20 0 1 0 -6 0 0 0 0 6 1-4ering.dat
1 16 -10 0 -20 0 1 0 6 0 0 0 0 -6 1-4ering.dat
