0 BFC CERTIFY CCW
1 16 0 4 0 1 0 0 0 -5 0 0 0 1 p/stud3.dat
0 BFC INVERTNEXT
1 16 0 24 0 16 0 0 0 -20 0 0 0 6 p/box5.dat
4 16 -20 24 10 20 24 10 16 24 6 -16 24 6
4 16 -20 24 -10 -20 24 10 -16 24 6 -16 24 -6
4 16 20 24 -10 -20 24 -10 -16 24 -6 16 24 -6
4 16 20 24 10 20 24 -10 16 24 -6 16 24 6
1 16 0 0 0 1 0 0 0 1 0 0 0 1 p/stug-1x2.dat
1 16 0 10 -10 1 0 0 0 0 -1 0 1 0 p/stug2-1x2.dat
1 16 30 30 -10 1 0 0 0 0 -1 0 1 0 p/stud2.dat
1 16 -30 30 -10 1 0 0 0 0 -1 0 1 0 p/stud2.dat
1 16 -30 10 -2 1 0 0 0 0 -1 0 1 0 p/stud2.dat
1 16 30 10 -2 1 0 0 0 0 -1 0 1 0 p/stud2.dat
0 BFC INVERTNEXT
1 16 30 10 -6 -10 0 0 0 10 0 0 0 4 p/box3-3.dat
0 BFC INVERTNEXT
1 16 -30 10 -6 10 0 0 0 10 0 0 0 4 p/box3-3.dat
4 16 40 20 -10 20 24 -10 20 40 -10 40 40 -10
4 16 -20 24 -10 -40 20 -10 -40 40 -10 -20 40 -10
4 16 20 24 -10 40 20 -10 -40 20 -10 -20 24 -10
1 16 0 10 -10 0 0 -20 -10 0 0 0 1 0 p/rect1.dat
4 16 20 0 -2 -20 0 -2 -20 0 -10 20 0 -10
4 16 40 0 10 -40 0 10 -20 0 -2 20 0 -2
4 16 -40 0 -2 -40 0 10 -40 9.875 10 -40 14.001 6.854
3 16 40 0 -2 40 0 10 20 0 -2
3 16 -20 0 -2 -40 0 10 -40 0 -2
4 16 20 4 2 36 4 2 36 24 2 24 24 2
4 16 20 40 2 20 4 2 24 24 2 24 40 2
1 16 30 32 -7 0 0 6 -8 0 0 0 -1 0 p/rect.dat
4 16 20 40 -10 24 40 -7 36 40 -7 40 40 -10
4 16 24 40 -7 20 40 -10 20 40 2 24 40 2
4 16 40 40 -10 36 40 -7 36 40 2.5 40 40 2.5
4 16 40 0 10 40 9.875 10 36 9.875 10 36 4 10
4 16 20 0 10 40 0 10 36 4 10 20 4 10
1 16 24 32 -2.5 0 -1 0 8 0 0 0 0 4.5 p/rect3.dat
1 16 20 32 -4 0 1 0 8 0 0 0 0 -6 p/rect.dat
1 16 20 14 6 0 -1 0 10 0 0 0 0 4 p/rect.dat
1 16 30 24 -2.5 0 0 6 0 -1 0 4.5 0 0 p/rect2a.dat
1 16 28 4 6 0 0 8 0 -1 0 4 0 0 p/rect3.dat
4 16 -36 4 2 -20 4 2 -24 24 2 -36 24 2
4 16 -20 4 2 -20 40 2 -24 40 2 -24 24 2
1 16 -30 32 -7 0 0 -6 8 0 0 0 -1 0 p/rect.dat
4 16 -24 40 -7 -20 40 -10 -40 40 -10 -36 40 -7
4 16 -24 40 2 -20 40 2 -20 40 -10 -24 40 -7
4 16 -40 40 2.5 -36 40 2.5 -36 40 -7 -40 40 -10
4 16 -36 4 10 -36 9.875 10 -40 9.875 10 -40 0 10
4 16 -20 4 10 -36 4 10 -40 0 10 -20 0 10
1 16 -24 32 -2.5 0 1 0 -8 0 0 0 0 4.5 p/rect3.dat
1 16 -20 32 -4 0 -1 0 8 0 0 0 0 6 p/rect.dat
1 16 -20 14 6 0 1 0 10 0 0 0 0 -4 p/rect.dat
1 16 -30 24 -2.5 -6 0 0 0 -1 0 0 0 4.5 p/rect2a.dat
1 16 -28 4 6 0 0 -8 0 -1 0 -4 0 0 p/rect3.dat
1 16 0 12 10 0 0 -20 12 0 0 0 -1 0 p/rect1.dat
4 16 -36 18.595 4.444 -40 18.595 4.444 -40 14.001 6.854 -36 14.001 6.854
4 16 -36 28.75 2.5 -40 28.75 2.5 -40 23.591 3.044 -36 23.591 3.044
4 16 -36 23.591 3.044 -40 23.591 3.044 -40 18.595 4.444 -36 18.595 4.444
4 16 -36 14.001 6.854 -40 14.001 6.854 -40 9.875 10 -36 9.875 10
4 16 -36 40 2.5 -40 40 2.5 -40 28.75 2.5 -36 28.75 2.5
4 16 -40 40 2.5 -40 40 -10 -40 20 -10 -40 28.75 2.5
4 16 -40 28.75 2.5 -40 20 -10 -40 20 -2 -40 23.591 3.044
4 16 -40 0 -2 -40 14.001 6.854 -40 18.595 4.444 -40 20 -2
3 16 -40 20 -2 -40 18.595 4.444 -40 23.591 3.044
4 16 -36 40 2.5 -36 28.75 2.5 -36 24 -7 -36 40 -7
4 16 -36 9.875 10 -36 4 10 -36 4 2 -36 14.001 6.854
3 16 -36 14.001 6.854 -36 4 2 -36 18.595 4.444
4 16 -36 23.591 3.044 -36 18.595 4.444 -36 4 2 -36 24 2
3 16 -36 23.591 3.044 -36 24 2 -36 28.75 2.5
3 16 -36 28.75 2.5 -36 24 2 -36 24 -7
4 16 40 9.875 10 40 0 10 40 0 -2 40 14.001 6.854
4 16 40 14.001 6.854 40 18.595 4.444 36 18.595 4.444 36 14.001 6.854
4 16 40 23.591 3.044 40 28.75 2.5 36 28.75 2.5 36 23.591 3.044
4 16 40 18.595 4.444 40 23.591 3.044 36 23.591 3.044 36 18.595 4.444
4 16 40 9.875 10 40 14.001 6.854 36 14.001 6.854 36 9.875 10
4 16 40 28.75 2.5 40 40 2.5 36 40 2.5 36 28.75 2.5
4 16 40 20 -10 40 40 -10 40 40 2.5 40 28.75 2.5
4 16 40 20 -2 40 20 -10 40 28.75 2.5 40 23.591 3.044
4 16 40 18.595 4.444 40 14.001 6.854 40 0 -2 40 20 -2
3 16 40 18.595 4.444 40 20 -2 40 23.591 3.044
4 16 36 24 -7 36 28.75 2.5 36 40 2.5 36 40 -7
4 16 36 4 2 36 4 10 36 9.875 10 36 14.001 6.854
3 16 36 4 2 36 14.001 6.854 36 18.595 4.444
4 16 36 4 2 36 18.595 4.444 36 23.591 3.044 36 24 2
3 16 36 24 2 36 23.591 3.044 36 28.75 2.5
3 16 36 24 2 36 28.75 2.5 36 24 -7
