0 BFC CERTIFY CCW
1 16 0 10 -120 1 0 0 0 1 0 0 0 1 parts/s/52040s01.dat
1 16 120 10 0 0 0 -1 0 1 0 1 0 0 parts/s/52040s01.dat
1 16 0 10 120 -1 0 0 0 1 0 0 0 -1 parts/s/52040s01.dat
1 16 -120 10 0 0 0 1 0 1 0 -1 0 0 parts/s/52040s01.dat
0 BFC INVERTNEXT
1 16 0 4 0 36 0 0 0 20 0 0 0 36 p/box4.dat
1 16 0 4 0 40 0 0 0 20 0 0 0 40 p/box4.dat
4 16 -36 24 -36 36 24 -36 40 24 -40 -40 24 -40
4 16 36 24 -36 36 24 36 40 24 40 40 24 -40
4 16 36 24 36 -36 24 36 -40 24 40 40 24 40
4 16 -36 24 36 -36 24 -36 -40 24 -40 -40 24 40
4 16 -36 4 36 36 4 36 36 4 -36 -36 4 -36
4 16 -80 4 -40 -40 4 -40 -40 4 -80 -80 4 -80
4 16 40 4 -40 40 4 -80 -40 4 -80 -40 4 -40
4 16 80 4 -80 40 4 -80 40 4 -40 80 4 -40
4 16 40 4 40 80 4 40 80 4 -40 40 4 -40
4 16 80 4 80 80 4 40 40 4 40 40 4 80
4 16 -40 4 40 -40 4 80 40 4 80 40 4 40
4 16 -80 4 80 -40 4 80 -40 4 40 -80 4 40
4 16 -40 4 -40 -80 4 -40 -80 4 40 -40 4 40
4 16 -80 0 -80 80 0 -80 80 0 80 -80 0 80
1 16 0 4 0 1 0 0 0 -5 0 0 0 1 p/stug4-3x3.dat
1 16 0 0 0 0 0 1 0 1 0 -1 0 0 p/stug-8x8.dat
1 16 100 0 60 0 0 1 0 1 0 -1 0 0 p/stug-2x2.dat
1 16 100 0 -60 0 0 1 0 1 0 -1 0 0 p/stug-2x2.dat
1 16 60 0 -100 0 0 1 0 1 0 -1 0 0 p/stug-2x2.dat
1 16 -60 0 -100 0 0 1 0 1 0 -1 0 0 p/stug-2x2.dat
1 16 -100 0 -60 0 0 1 0 1 0 -1 0 0 p/stug-2x2.dat
1 16 -100 0 60 0 0 1 0 1 0 -1 0 0 p/stug-2x2.dat
1 16 -100 0 100 0 0 1 0 1 0 -1 0 0 p/stug2-2x2.dat
1 16 100 0 100 0 0 1 0 1 0 -1 0 0 p/stug2-2x2.dat
1 16 -100 0 -100 0 0 1 0 1 0 -1 0 0 p/stug2-2x2.dat
1 16 100 0 -100 0 0 1 0 1 0 -1 0 0 p/stug2-2x2.dat
1 16 -60 0 100 0 0 1 0 1 0 -1 0 0 p/stug-2x2.dat
1 16 60 0 100 0 0 1 0 1 0 -1 0 0 p/stug-2x2.dat
1 16 0 0 110 0 0 1 0 1 0 -1 0 0 p/stug2-4x1.dat
1 16 0 0 -110 0 0 1 0 1 0 -1 0 0 p/stug2-4x1.dat
1 16 -110 0 0 0 0 1 0 1 0 -1 0 0 p/stug2-1x4.dat
1 16 110 0 0 0 0 1 0 1 0 -1 0 0 p/stug2-1x4.dat
1 16 0 0 90 0 0 1 0 1 0 -1 0 0 p/stug-4x1.dat
1 16 0 0 -90 0 0 1 0 1 0 -1 0 0 p/stug-4x1.dat
1 16 -90 0 0 0 0 1 0 1 0 -1 0 0 p/stug-1x4.dat
1 16 90 0 0 0 0 1 0 1 0 -1 0 0 p/stug-1x4.dat
