0 BFC CERTIFY CCW
1 16 0 0 0 1 0 0 0 1 0 0 0 1 s\52731s01.dat
1 16 0 0 0 -1 0 0 0 1 0 0 0 1 s\52731s01.dat
1 16 0 0 0 1 0 0 0 -1 0 0 0 1 s\52731s01.dat
1 16 0 0 0 -1 0 0 0 -1 0 0 0 1 s\52731s01.dat
3 16 0 -8.4853 50 -3.4439 -8.5 50 3.4439 -8.5 50
3 16 3.4439 -8.5 50 -3.4439 -8.5 50 0 -8.5 19.4837
3 16 -3.4439 8.5 50 0 8.4853 50 3.4439 8.5 50
3 16 -3.4439 8.5 50 3.4439 8.5 50 0 8.5 19.4837
1 16 0 0 50 -1 0 0 0 0 -1 0 -30 0 axl3hole.dat
1 16 0 0 50 6 0 0 0 0 -6 0 -30 0 4-4ering.dat
1 16 0 0 20 6 0 0 0 0 -6 0 -1 0 4-4disc.dat
1 16 4 -0.33045 25 0 1 0 0 0 -2.33045 -5 0 0 rect.dat
4 16 6 0 30 5.602 2 30 4 2 30 5.543 -2.296 30
4 16 5.213 -2.791 30 5.543 -2.296 30 4 2 30 4 -2.6609 30
1 16 -4 0.33045 25 0 -1 0 0 0 2.33045 -5 0 0 rect.dat
4 16 -6 0 30 -5.602 -2 30 -4 -2 30 -5.543 2.296 30
4 16 -5.213 2.791 30 -5.543 2.296 30 -4 -2 30 -4 2.6609 30
