0 BFC CERTIFY CCW
1 16 0 0 0 -1 0 0 0 1 0 0 0 -1 parts/3004.dat
1 16 -10 10 -10 8 0 0 0 0 8 0 1 0 p/4-4edge.dat
1 16 10 10 -10 8 0 0 0 0 8 0 1 0 p/4-4edge.dat
1 16 -10 10 -10 0 0 1 1 0 0 0 1 0 p/confric10.dat
1 16 10 10 -10 0 0 1 1 0 0 0 1 0 p/confric10.dat
1 16 -10 10 -10 2.82843 0 2.82843 2.82843 0 -2.82843 0 1 0 p/1-4edge.dat
1 16 -10 10 -10 -2.82843 0 -2.82843 -2.82843 0 2.82843 0 1 0 p/1-4edge.dat
1 16 10 10 -10 2.82843 0 2.82843 2.82843 0 -2.82843 0 1 0 p/1-4edge.dat
1 16 10 10 -10 -2.82843 0 -2.82843 -2.82843 0 2.82843 0 1 0 p/1-4edge.dat
