0 BFC CERTIFY CCW
1 16 0 0 0 1 0 0 0 1 0 0 0 1 parts/s/53585s01.dat
1 16 0 0 0 -1 0 0 0 1 0 0 0 -1 parts/s/53585s01.dat
1 16 0 0 0 1 0 0 0 -1 0 0 0 1 parts/s/53585s01.dat
1 16 0 0 0 -1 0 0 0 -1 0 0 0 -1 parts/s/53585s01.dat
1 16 0 0 0 1 0 0 0 1 0 0 0 1 parts/s/53585s02.dat
1 16 0 0 0 -1 0 0 0 1 0 0 0 -1 parts/s/53585s02.dat
1 16 0 0 0 1 0 0 0 -1 0 0 0 1 parts/s/53585s02.dat
1 16 0 0 0 -1 0 0 0 -1 0 0 0 -1 parts/s/53585s02.dat
1 16 0 -7.5 0 1 0 0 0 1 0 0 0 1 p/axlehol2.dat
1 16 0 7.5 0 1 0 0 0 1 0 0 0 1 p/axlehol2.dat
4 16 -2 -7.5 5.6023 -2 7.5 5.6023 0 7.5 6 0 -7.5 6
4 16 2 -7.5 5.6023 0 -7.5 6 0 7.5 6 2 7.5 5.6023
4 16 5.6023 -7.5 2 5.6023 7.5 2 6 7.5 0 6 -7.5 0
4 16 5.6023 -7.5 -2 6 -7.5 0 6 7.5 0 5.6023 7.5 -2
4 16 2 -7.5 -5.6023 2 7.5 -5.6023 0 7.5 -6 0 -7.5 -6
4 16 -2 -7.5 -5.6023 0 -7.5 -6 0 7.5 -6 -2 7.5 -5.6023
4 16 -5.6023 -7.5 -2 -5.6023 7.5 -2 -6 7.5 0 -6 -7.5 0
4 16 -5.6023 -7.5 2 -6 -7.5 0 -6 7.5 0 -5.6023 7.5 2
1 16 0 -6.75 0 1 0 0 0 13.5 0 0 0 1 p/axlehol6.dat
1 16 0 -6.75 0 -1 0 0 0 13.5 0 0 0 -1 p/axlehol6.dat
1 16 0 -7.5 0 0 0 1 0 15 0 -1 0 0 p/axlehol6.dat
1 16 0 -7.5 0 0 0 -1 0 15 0 1 0 0 p/axlehol6.dat
