0 BFC CERTIFY CCW
1 16 0 0 0 1 0 0 0 1 0 0 0 1 s\53834s01.dat
1 16 -110 0 0 0 0 -1 0 1 0 1 0 0 stug-1x4.dat
1 16 -110 0 70 0 0 -1 0 1 0 1 0 0 stud.dat
1 16 -110 0 -70 0 0 -1 0 1 0 1 0 0 stud.dat
3 16 -110 -5.5 -53.1 -110 0 -50 -110 0 -53.1
4 16 -100 0 -53.1 -110 0 -53.1 -110 0 -58.5 -100 0 -58.5
3 16 -110 0 -53.1 -100 0 -53.1 -110 -5.5 -53.1
4 16 -110 -16 -53.1 -110 -5.5 -53.1 -100 0 -53.1 -100 -16 -53.1
1 16 -110 -.5 57.5 0 0 -10 .5 0 0 0 -1 0 rect1.dat
1 16 -110 0 58 -10 0 0 0 1 0 0 0 -.5 rect1.dat
1 16 -90.407 -1 57.5 0 0 9.5934 -1 0 0 0 -1 0 rect3.dat
4 16 -100 -2 57.5 -100 -2 53.1 -94.78 -2 53.417 -89.968 -2 54.038
4 16 -89.968 -2 54.038 -85.012 -2 55.588 -80.813 -2 57.5 -100 -2 57.5
4 16 120 8 -80 116 8 -76 116 8 76 120 8 80
1 16 10 8 0 106 0 0 0 1 0 0 0 76 recte4.dat
1 16 10 8 0 0 0 110 0 1 0 -80 0 0 recte3.dat
4 16 -96 4 47.158 -96 4 -47.158 -96 8 -76 -96 8 76
4 16 -96 -2 -24 -96 4 -47.158 -96 4 47.158 -96 -2 24
4 16 -8 -2 -24 -8 -2 24 0 -1.5 73.8 0 -1.5 -73.8
4 16 -8 -2 24 -8 -2 -24 -96 -2 -24 -96 -2 24
4 16 40 1.5 -76 0 -1.5 -73.8 0 -1.5 73.8 40 1.5 76
4 16 116 4 -76 80 4 -76 80 4 76 116 4 76
4 16 80 4 -76 40 1.5 -76 40 1.5 76 80 4 76
4 16 116 8 -76 116 4 -76 116 4 76 116 8 76
4 16 -96 8 -76 -98.5 8 -76 -98.5 8 76 -96 8 76
3 16 -98.5 8 76 -100 8 80 -96 8 76
3 16 -101.5 8 76 -100 8 80 -98.5 8 76
3 16 -101.5 8 76 -104 8 76 -100 8 80
3 16 -100 8 -80 -98.5 8 -76 -96 8 -76
3 16 -98.5 8 -76 -100 8 -80 -101.5 8 -76
3 16 -104 8 -76 -101.5 8 -76 -100 8 -80
4 16 -101.5 8 76 -101.5 8 -76 -104 8 -39 -104 8 39
4 16 120 4 76 120 4 -76 120 8 -80 120 8 80
1 16 119 3 0 0 0 1 0 1 1 -76 0 0 rect2p.dat
4 16 -8 -5 22 -8 -5 -22 0 -4.5 -72.5 0 -4.5 72.5
4 16 118 2 -76 118 2 76 90 .744 76 90 .744 -76
4 16 40 -1.5 -74.7 90 .744 -76 90 .744 76 40 -1.5 74.7
4 16 0 -4.5 -72.5 40 -1.5 -74.7 40 -1.5 74.7 0 -4.5 72.5
4 16 -8 -5 22 -100 -5 22 -100 -5 -22 -8 -5 -22
4 16 -100 -1 -42.5 -100 -1 42.5 -100 0 41.5 -100 0 -41.5
4 16 -100 -1 -42.5 -100 -2 -42.5 -100 -2 42.5 -100 -1 42.5
4 16 -100 -5 -22 -100 -5 22 -100 -2 42.5 -100 -2 -42.5
1 16 0 0 0 1 0 0 0 1 0 0 0 1 s\53834s02.dat
1 16 0 0 0 1 0 0 0 1 0 0 0 -1 s\53834s02.dat
1 16 -94.25 -2 0 1.75 0 0 0 9.5 0 0 0 1.5 box3u5p.dat
1 16 -91.25 2.75 1.5 -1.25 0 0 0 0 4.75 0 2.5 0 box4-2p.dat
4 16 -92.5 7.5 1.5 -90 7.5 1.5 -90 7.5 -1.5 -92.5 7.5 -1.5
1 16 -91.25 2.75 -1.5 1.25 0 0 0 0 4.75 0 -2.5 0 box4-2p.dat
1 16 -89 -2 0 -1 0 0 0 9.5 0 0 0 -1.5 box3u8p.dat
1 16 -88 -2 0 1.5 0 0 0 9.5 0 0 0 1.5 boxjcyl4.dat
1 16 -80 -2 0 1 0 0 0 -2.5 0 0 0 1 stud4.dat
1 16 -72 -2 0 -1.5 0 0 0 9.5 0 0 0 1.5 boxjcyl4.dat
1 16 -60 -2 0 1 0 0 0 .475 0 0 0 1 filletr0s.dat
1 16 -48 -2 0 1.5 0 0 0 9.5 0 0 0 1.5 boxjcyl4.dat
1 16 -40 -2 0 1 0 0 0 -2.5 0 0 0 1 stud4.dat
1 16 -32 -2 0 -1.5 0 0 0 9.5 0 0 0 1.5 boxjcyl4.dat
1 16 -20 -2 0 1 0 0 0 .475 0 0 0 1 filletr0s.dat
1 16 -8 -2 0 1.5 0 0 0 9.5 0 0 0 1.5 boxjcyl4.dat
1 16 0 -3 0 1 0 0 0 -2.75 0 0 0 1 stud4.dat
1 16 0 -1.5 0 0 0 -8 0 1 -.5 8 0 0 2-4edge.dat
1 16 0 -1.5 0 0 0 8 0 1 .6 8 0 0 2-4edge.dat
1 16 0 -1.5 0 0 0 -6 0 1 -.375 6 0 0 2-4edge.dat
1 16 0 -1.5 0 0 0 6 0 1 .45 6 0 0 2-4edge.dat
1 16 8 -1 0 -1.5 0 0 0 8.5 0 0 0 1.5 boxjcyl4.dat
1 16 20 -1 0 1 0 0 0 .425 0 0 0 1 filletr0s.dat
1 16 11.25 -.656 2.75 -1.25 0 0 -.09375 -1 0 0 0 1.25 recte3.dat
1 16 28.75 .656 2.75 -1.25 0 0 -.09375 -1 0 0 0 1.25 recte3.dat
1 16 32 .5 0 1.5 0 0 0 7 0 0 0 1.5 boxjcyl4.dat
1 16 40 1.5 0 0 0 -8 0 1 -.6 8 0 0 2-4edge.dat
1 16 40 1.5 0 0 0 8 0 1 .5 8 0 0 2-4edge.dat
1 16 40 1.5 0 0 0 -6 0 1 -.45 6 0 0 2-4edge.dat
1 16 40 1.5 0 0 0 6 0 1 .375 6 0 0 2-4edge.dat
1 16 40 0 0 1 0 0 0 -2 0 0 0 1 stud4.dat
1 16 48 1.5 0 -1.5 0 0 0 6 0 0 0 1.5 boxjcyl4.dat
1 16 60 1.5 0 1 0 0 0 .3 0 0 0 1 filletr0s.dat
1 16 51.25 2.018 -2.75 1.25 0 0 .0576 -1 0 0 0 -1.25 recte3.dat
1 16 51.25 2.018 2.75 -1.25 0 0 -.0576 -1 0 0 0 1.25 recte3.dat
1 16 68.75 2.824 2.75 -1.25 0 0 -.0576 -1 0 0 0 1.25 recte3.dat
1 16 68.75 2.824 -2.75 1.25 0 0 .0576 -1 0 0 0 -1.25 recte3.dat
1 16 72 2.5 0 1.5 0 0 0 5 0 0 0 1.5 boxjcyl4.dat
1 16 100 4 0 1 0 0 0 .175 0 0 0 1 filletr0s.dat
1 16 114 4 0 -2 0 0 0 3.5 0 0 0 1.5 box3u5p.dat
1 16 80 3.5 0 1 0 0 0 -1.125 0 0 0 1 stud4a.dat
1 16 80 4 0 0 0 6 0 -1 0 -6 0 0 2-4edge.dat
1 16 80 4 0 0 0 8 0 -1 0 -8 0 0 2-4edge.dat
1 16 80 4 0 0 0 -6 0 -1 -.375 -6 0 0 2-4edge.dat
1 16 80 4 0 0 0 -8 0 -1 -.5 -8 0 0 2-4edge.dat
1 16 88 4 0 -1.5 0 0 0 3.5 0 0 0 1.5 boxjcyl4.dat
0 BFC INVERTNEXT
1 16 -100 8 0 1.5 0 0 0 -4 0 0 0 76 box5.dat
