0 BFC CERTIFY CCW
1 16 0 0 0 1 0 0 0 1 0 0 0 1 parts/s/54091s01.dat
1 16 0 0 0 -1 0 0 0 1 0 0 0 -1 parts/s/54091s01.dat
1 16 0 44 0 1 0 0 0 -1 0 0 0 1 p/stud4.dat
1 16 0 40 20 0 0 1 0 1 0 -1 0 0 p/stug4.dat
1 16 20 40 -40 0 0 1 0 1 0 -1 0 0 p/stug2.dat
1 16 -20 40 -40 0 0 1 0 1 0 -1 0 0 p/stug2.dat
1 16 50 24 70 0 0 1 0 1 0 -1 0 0 p/stud2.dat
1 16 30 24 70 0 0 1 0 1 0 -1 0 0 p/stud2.dat
1 16 10 24 70 0 0 1 0 1 0 -1 0 0 p/stud2.dat
1 16 -10 24 70 0 0 1 0 1 0 -1 0 0 p/stud2.dat
1 16 -30 24 70 0 0 1 0 1 0 -1 0 0 p/stud2.dat
1 16 -50 24 70 0 0 1 0 1 0 -1 0 0 p/stud2.dat
1 16 50 24 -70 0 0 1 0 1 0 -1 0 0 p/stud2.dat
1 16 30 24 -70 0 0 1 0 1 0 -1 0 0 p/stud2.dat
1 16 10 24 -70 0 0 1 0 1 0 -1 0 0 p/stud2.dat
1 16 -10 24 -70 0 0 1 0 1 0 -1 0 0 p/stud2.dat
1 16 -30 24 -70 0 0 1 0 1 0 -1 0 0 p/stud2.dat
1 16 -50 24 -70 0 0 1 0 1 0 -1 0 0 p/stud2.dat
