0 BFC CERTIFY CCW
1 16 0 0 0 1 0 0 0 1 0 0 0 1 parts/s/54093s01.dat
1 16 0 0 0 -1 0 0 0 1 0 0 0 1 parts/s/54093s01.dat
1 16 -120 8 -100 0 0 1 0 1 0 -1 0 0 p/stug2.dat
1 16 -120 8 -60 0 0 1 0 1 0 -1 0 0 p/stug2.dat
1 16 -220 8 -60 0 0 1 0 1 0 -1 0 0 p/stug2.dat
1 16 -220 8 -20 0 0 1 0 1 0 -1 0 0 p/stug2.dat
1 16 -220 8 20 0 0 1 0 1 0 -1 0 0 p/stug2.dat
1 16 -380 8 -140 0 0 1 0 1 0 -1 0 0 p/stug2.dat
1 16 -380 8 -100 0 0 1 0 1 0 -1 0 0 p/stug2.dat
1 16 -380 8 -60 0 0 1 0 1 0 -1 0 0 p/stug2.dat
1 16 -540 8 -180 0 0 1 0 1 0 -1 0 0 p/stug2.dat
1 16 -540 8 -140 0 0 1 0 1 0 -1 0 0 p/stug2.dat
1 16 120 8 -100 0 0 1 0 1 0 -1 0 0 p/stug2.dat
1 16 120 8 -60 0 0 1 0 1 0 -1 0 0 p/stug2.dat
1 16 380 8 -60 0 0 1 0 1 0 -1 0 0 p/stug2.dat
1 16 380 8 -100 0 0 1 0 1 0 -1 0 0 p/stug2.dat
1 16 380 8 -140 0 0 1 0 1 0 -1 0 0 p/stug2.dat
1 16 540 8 -180 0 0 1 0 1 0 -1 0 0 p/stug2.dat
1 16 540 8 -140 0 0 1 0 1 0 -1 0 0 p/stug2.dat
1 16 220 8 -60 0 0 1 0 1 0 -1 0 0 p/stug2.dat
1 16 220 8 -20 0 0 1 0 1 0 -1 0 0 p/stug2.dat
1 16 220 8 20 0 0 1 0 1 0 -1 0 0 p/stug2.dat
1 16 -70 0 150 0 0 1 0 1 0 -1 0 0 p/stud.dat
1 16 -50 0 150 0 0 1 0 1 0 -1 0 0 p/stud.dat
1 16 -30 0 150 0 0 1 0 1 0 -1 0 0 p/stud.dat
1 16 -10 0 150 0 0 1 0 1 0 -1 0 0 p/stud.dat
1 16 10 0 150 0 0 1 0 1 0 -1 0 0 p/stud.dat
1 16 30 0 150 0 0 1 0 1 0 -1 0 0 p/stud.dat
1 16 50 0 150 0 0 1 0 1 0 -1 0 0 p/stud.dat
1 16 70 0 150 0 0 1 0 1 0 -1 0 0 p/stud.dat
1 16 70 0 130 0 0 1 0 1 0 -1 0 0 p/stud.dat
1 16 70 0 110 0 0 1 0 1 0 -1 0 0 p/stud.dat
1 16 70 0 90 0 0 1 0 1 0 -1 0 0 p/stud.dat
1 16 70 0 70 0 0 1 0 1 0 -1 0 0 p/stud.dat
1 16 70 0 50 0 0 1 0 1 0 -1 0 0 p/stud.dat
1 16 70 0 30 0 0 1 0 1 0 -1 0 0 p/stud.dat
1 16 70 0 10 0 0 1 0 1 0 -1 0 0 p/stud.dat
1 16 70 0 -10 0 0 1 0 1 0 -1 0 0 p/stud.dat
1 16 70 0 -30 0 0 1 0 1 0 -1 0 0 p/stud.dat
1 16 70 0 -50 0 0 1 0 1 0 -1 0 0 p/stud.dat
1 16 70 0 -70 0 0 1 0 1 0 -1 0 0 p/stud.dat
1 16 70 0 -90 0 0 1 0 1 0 -1 0 0 p/stud.dat
1 16 70 0 -110 0 0 1 0 1 0 -1 0 0 p/stud.dat
1 16 70 0 -130 0 0 1 0 1 0 -1 0 0 p/stud.dat
1 16 70 0 -150 0 0 1 0 1 0 -1 0 0 p/stud.dat
1 16 50 0 -150 0 0 1 0 1 0 -1 0 0 p/stud.dat
1 16 30 0 -150 0 0 1 0 1 0 -1 0 0 p/stud.dat
1 16 10 0 -150 0 0 1 0 1 0 -1 0 0 p/stud.dat
1 16 -10 0 -150 0 0 1 0 1 0 -1 0 0 p/stud.dat
1 16 -30 0 -150 0 0 1 0 1 0 -1 0 0 p/stud.dat
1 16 -50 0 -150 0 0 1 0 1 0 -1 0 0 p/stud.dat
1 16 -70 0 -150 0 0 1 0 1 0 -1 0 0 p/stud.dat
1 16 -70 0 -130 0 0 1 0 1 0 -1 0 0 p/stud.dat
1 16 -70 0 -110 0 0 1 0 1 0 -1 0 0 p/stud.dat
1 16 -70 0 -90 0 0 1 0 1 0 -1 0 0 p/stud.dat
1 16 -70 0 -70 0 0 1 0 1 0 -1 0 0 p/stud.dat
1 16 -70 0 -50 0 0 1 0 1 0 -1 0 0 p/stud.dat
1 16 -70 0 -30 0 0 1 0 1 0 -1 0 0 p/stud.dat
1 16 -70 0 -10 0 0 1 0 1 0 -1 0 0 p/stud.dat
1 16 -70 0 10 0 0 1 0 1 0 -1 0 0 p/stud.dat
1 16 -70 0 30 0 0 1 0 1 0 -1 0 0 p/stud.dat
1 16 -70 0 50 0 0 1 0 1 0 -1 0 0 p/stud.dat
1 16 -70 0 70 0 0 1 0 1 0 -1 0 0 p/stud.dat
1 16 -70 0 90 0 0 1 0 1 0 -1 0 0 p/stud.dat
1 16 -70 0 110 0 0 1 0 1 0 -1 0 0 p/stud.dat
1 16 -70 0 130 0 0 1 0 1 0 -1 0 0 p/stud.dat
1 16 0 4 140 1 0 0 0 -3 0 0 0 -1 p/stud4.dat
1 16 0 4 120 1 0 0 0 -3 0 0 0 -1 p/stud4.dat
1 16 0 4 -120 1 0 0 0 -3 0 0 0 -1 p/stud4.dat
1 16 0 4 -140 1 0 0 0 -3 0 0 0 -1 p/stud4.dat
