0 BFC CERTIFY CCW
1 16 0 0 0 1 0 0 0 1 0 0 0 1 parts/s/54095s01.dat
1 16 0 0 0 1 0 0 0 1 0 0 0 -1 parts/s/54095s01.dat
1 16 0 0 0 -1 0 0 0 1 0 0 0 1 parts/s/54095s01.dat
1 16 0 0 0 -1 0 0 0 1 0 0 0 -1 parts/s/54095s01.dat
1 16 0 0 0 -20 0 0 0 1 0 0 0 -80 p/rect2p.dat
1 16 0 10 -70 1 0 0 0 0 1 0 -1 0 p/connhol2.dat
1 16 0 10 -80 -9 0 0 0 0 9 0 1 0 p/4-4ndis.dat
1 16 0 10 70 -1 0 0 0 0 1 0 1 0 p/connhol2.dat
1 16 0 10 80 9 0 0 0 0 9 0 -1 0 p/4-4ndis.dat
1 16 0 0 40 0 0 1 0 1 0 -1 0 0 p/stug2.dat
1 16 0 0 0 0 0 1 0 1 0 -1 0 0 p/stug2.dat
1 16 0 0 -40 0 0 1 0 1 0 -1 0 0 p/stug2.dat
1 16 -10 0 70 0 0 1 0 1 0 -1 0 0 p/stud2.dat
1 16 10 0 70 0 0 1 0 1 0 -1 0 0 p/stud2.dat
1 16 -10 0 -70 0 0 1 0 1 0 -1 0 0 p/stud2.dat
1 16 10 0 -70 0 0 1 0 1 0 -1 0 0 p/stud2.dat
1 16 70 43.064 0 -6 0 0 0 -1 0 0 0 1 p/rect1.dat
1 16 -70 43.064 0 6 0 0 0 -1 0 0 0 -1 p/rect1.dat
1 16 0 18 70 1 0 0 0 1 0 0 0 1 p/cylj4x8.dat
1 16 0 18 70 1 0 0 0 -1.5 0 0 0 1 p/stud3a.dat
1 16 0 18 -70 1 0 0 0 1 0 0 0 1 p/cylj4x8.dat
1 16 0 18 -70 1 0 0 0 -1.5 0 0 0 1 p/stud3a.dat
