0 BFC CERTIFY CCW
1 16 0 0 0 1 0 0 0 1 0 0 0 1 parts/s/54272s01.dat
1 16 0 0 0 1 0 0 0 -1 0 0 0 1 parts/s/54272s01.dat
3 16 -70.72 -1.5 -49.83 -60.74 -1.5 -50.12 -51.693 -1.5 -50.36
3 16 -137.645 -1.5 -45.095 -128.67 -1.5 -46.1 -120.41 -1.5 -46.815
4 16 -192.43 -5.439 -14.5 -174.335 -1.5 -40.205 -167.87 -1.5 -41.21 -185.54 -5.205 -16.95
4 16 -197.45 -5.609 -12.64 -180.8 -1.5 -39.2 -174.335 -1.5 -40.205 -192.43 -5.439 -14.5
3 16 -188.555 -1.5 -37.695 -180.8 -1.5 -39.2 -197.45 -5.609 -12.64
3 16 -238.02 -6.986 6.82 -241.83 -1.5 -24.56 -231.34 -6.759 2.87
3 16 -247.575 -1.5 -22.62 -241.83 -1.5 -24.56 -238.02 -6.986 6.82
3 16 -244.7 -7.213 10.77 -247.575 -1.5 -22.62 -238.02 -6.986 6.82
3 16 -253.32 -1.5 -20.68 -247.575 -1.5 -22.62 -244.7 -7.213 10.77
3 16 -253.17 -7.5 16.37 -253.32 -1.5 -20.68 -244.7 -7.213 10.77
3 16 -262.79 -1.5 -17.38 -253.32 -1.5 -20.68 -253.17 -7.5 16.37
3 16 -269.11 -1.5 -14.865 -262.79 -1.5 -17.38 -253.17 -7.5 16.37
3 16 -264.587 -6.054 13.175 -269.11 -1.5 -14.865 -253.17 -7.5 16.37
3 16 -275.43 -1.5 -12.35 -269.11 -1.5 -14.865 -264.587 -6.054 13.175
3 16 -276.005 -4.609 9.98 -275.43 -1.5 -12.35 -264.587 -6.054 13.175
3 16 -281.03 -1.5 -9.91 -275.43 -1.5 -12.35 -276.005 -4.609 9.98
3 16 -287.423 -3.163 6.785 -281.03 -1.5 -9.91 -276.005 -4.609 9.98
3 16 -286.63 -1.5 -7.47 -281.03 -1.5 -9.91 -287.423 -3.163 6.785
3 16 -298.84 -1.718 3.59 -286.63 -1.5 -7.47 -287.423 -3.163 6.785
3 16 -293.165 -1.5 -4.165 -286.63 -1.5 -7.47 -298.84 -1.718 3.59
3 16 -299.7 -1.609 2.87 -293.165 -1.5 -4.165 -298.84 -1.718 3.59
3 16 -299.7 -1.5 -0.86 -293.165 -1.5 -4.165 -299.7 -1.609 2.87
3 16 -300.27 -1.537 1.58 -299.7 -1.5 -0.86 -299.7 -1.609 2.87
3 16 -300.27 -1.5 0 -299.7 -1.5 -0.86 -300.27 -1.537 1.58
3 16 -300.56 -1.5 0.86 -300.27 -1.5 0 -300.27 -1.537 1.58
3 16 -16.556 -3.995 -28.315 -17.042 -3.809 -30.004 -14.729 -4.128 -27.094
4 16 -20.803 -3.29 -34.738 -17.042 -3.809 -30.004 -16.556 -3.995 -28.315 -20 -3.92 -29
3 16 -23.292 -2.944 -37.869 -20.803 -3.29 -34.738 -20 -3.92 -29
4 16 -23.292 -2.944 -37.869 -20 -3.92 -29 -21.432 -3.951 -28.715 -23.401 -3.698 -31.012
3 16 -113.45 -3.628 -30.44 -114.799 -3.648 -30.278 -105.33 -1.5 -48.035
4 16 -114.799 -3.648 -30.278 -117.471 -3.663 -29.957 -112.15 -1.5 -47.53 -105.33 -1.5 -48.035
4 16 -112.15 -1.5 -47.53 -117.471 -3.663 -29.957 -121.78 -3.727 -29.44 -125.323 -3.765 -29.133
3 16 -130.1 -4.586 -22.462 -130.1 -5 -19.1 -132.507 -5 -19.1
4 16 -120.41 -1.5 -46.815 -112.15 -1.5 -47.53 -125.323 -3.765 -29.133 -128.238 -3.765 -28.881
3 16 -132.507 -5 -19.1 -130.1 -4.304 -24.615 -130.1 -4.586 -22.462
3 16 -133.69 -5 -19.1 -133.69 -3.839 -28.29 -132.507 -5 -19.1
3 16 -133.69 -3.839 -28.29 -130.1 -3.785 -28.72 -132.507 -5 -19.1
3 16 -130.1 -3.785 -28.72 -130.1 -4.304 -24.615 -132.507 -5 -19.1
4 16 -25.163 -3.472 -33.03 -31.823 -3.481 -32.949 -27.115 -2.414 -42.68 -24.436 -2.784 -39.309
3 16 -36.38 -3.479 -32.89 -43.07 -3.488 -32.81 -42.65 -1.5 -50.6
3 16 -43.07 -3.488 -32.81 -46.97 -3.482 -32.76 -42.65 -1.5 -50.6
3 16 -42.647 -1.5 -50.6 -33.6 -1.5 -50.84 -36.384 -3.479 -32.893
3 16 -48.68 -4.27 -25.674 -48.68 -5 -19.1 -50.271 -5 -19.1
3 16 -42.647 -1.5 -50.6 -46.965 -3.482 -32.761 -48.68 -3.484 -32.74
3 16 -48.68 -3.484 -32.74 -51.84 -3.484 -32.74 -49.97 -3.213 -35.18
4 16 -42.647 -1.5 -50.6 -48.68 -3.484 -32.74 -49.97 -3.213 -35.18 -49.97 -3.08 -36.373
3 16 -49.97 -3.213 -35.18 -51.84 -3.484 -32.74 -50.589 -3.214 -35.17
3 16 -50.271 -5 -19.1 -51.84 -5 -19.1 -51.84 -3.484 -32.74
3 16 -51.84 -3.484 -32.74 -48.68 -3.484 -32.74 -50.271 -5 -19.1
3 16 -48.68 -3.484 -32.74 -48.68 -4.27 -25.674 -50.271 -5 -19.1
3 16 -69.36 -3.484 -32.31 -69.36 -5 -19.1 -72.38 -5 -19.1
4 16 -89.61 -3.522 -31.74 -89.61 -5 -19.1 -93.34 -5 -19.1 -93.34 -3.556 -31.45
3 16 -93.34 -3.556 -31.45 -89.605 -1.5 -49.04 -89.61 -3.522 -31.74
3 16 -93.34 -3.556 -31.45 -94.118 -3.563 -31.394 -89.605 -1.5 -49.04
3 16 -87.251 -3.514 -31.812 -89.61 -3.522 -31.74 -89.605 -1.5 -49.04
4 16 -94.118 -3.563 -31.394 -97.773 -3.57 -31.13 -98.51 -1.5 -48.54 -89.605 -1.5 -49.04
4 16 -98.51 -1.5 -48.54 -97.773 -3.57 -31.13 -101.38 -3.601 -30.87 -104.876 -3.622 -30.693
4 16 -105.33 -1.5 -48.035 -98.51 -1.5 -48.54 -104.876 -3.622 -30.693 -107.554 -3.614 -30.557
4 16 -33.6 -1.5 -50.84 -27.115 -2.414 -42.68 -31.823 -3.481 -32.949 -36.384 -3.479 -32.893
4 16 -24.436 -2.784 -39.309 -23.292 -2.944 -37.869 -23.401 -3.698 -31.012 -25.13 -3.472 -33.03
3 16 -25.13 -3.472 -33.03 -25.163 -3.472 -33.03 -24.436 -2.784 -39.309
4 16 -105.33 -1.5 -48.035 -109.86 -3.628 -30.44 -113.45 -5 -19.1 -113.45 -3.628 -30.44
3 16 -107.554 -3.614 -30.557 -109.86 -3.628 -30.44 -105.33 -1.5 -48.035
3 16 -109.86 -3.628 -30.44 -109.86 -5 -19.1 -113.45 -5 -19.1
4 16 -70.72 -1.5 -49.83 -51.693 -1.5 -50.36 -52.403 -1.741 -48.21 -58.45 -1.733 -48.11
3 16 -58.45 -1.733 -48.11 -69.528 -1.726 -47.867 -70.72 -1.5 -49.83
4 16 -61.656 -3.216 -34.899 -58.3 -3.21 -35.04 -56.745 -3.212 -35.066 -57.579 -3.495 -32.54
3 16 -57.579 -3.495 -32.54 -60.17 -3.497 -32.45 -61.656 -3.216 -34.899
3 16 -70.72 -1.5 -49.83 -69.528 -1.726 -47.867 -70.16 -1.725 -47.853
4 16 -66.436 -3.223 -34.698 -61.656 -3.216 -34.899 -60.17 -3.497 -32.45 -65.775 -3.489 -32.365
3 16 -120.41 -1.5 -46.815 -127.784 -2.582 -38.244 -128.24 -1.789 -43.94
4 16 -128.24 -1.789 -43.94 -138.183 -1.785 -42.978 -137.645 -1.5 -45.095 -120.41 -1.5 -46.815
4 16 -136.69 -3.889 -27.894 -142.205 -3.914 -27.166 -141.694 -3.643 -29.177 -136.14 -3.584 -30.16
3 16 -136.14 -3.584 -30.16 -134.565 -3.577 -30.363 -136.69 -3.889 -27.894
3 16 -167.87 -1.5 -41.21 -157.245 -1.5 -42.65 -162.85 -1.93 -39.35
3 16 -157.245 -1.5 -42.65 -159.887 -1.916 -39.854 -160.424 -1.916 -39.763
3 16 -160.424 -1.916 -39.763 -162.85 -1.93 -39.35 -157.245 -1.5 -42.65
3 16 -162.47 -2.322 -37.121 -161.708 -2.987 -32.647 -166.313 -4.521 -22.326
3 16 -179.5 -5 -19.1 -178.609 -4.86 -20.043 -178.471 -4.963 -19.352
3 16 -162.47 -2.322 -37.121 -168.457 -4.162 -24.743 -170.404 -3.968 -26.043
3 16 -170.404 -3.968 -26.043 -172.537 -3.905 -26.468 -162.47 -2.322 -37.121
3 16 -168.457 -4.162 -24.743 -162.47 -2.322 -37.121 -166.313 -4.521 -22.326
3 16 -166.313 -4.521 -22.326 -167.029 -4.547 -22.151 -167.157 -4.451 -22.796
3 16 -167.157 -4.451 -22.796 -168.457 -4.162 -24.743 -166.313 -4.521 -22.326
4 16 -167.87 -1.5 -41.21 -162.85 -1.93 -39.35 -173.556 -3.904 -26.33 -174.996 -3.92 -26.043
3 16 -167.87 -1.5 -41.21 -174.996 -3.92 -26.043 -176.943 -4.095 -24.743
3 16 -176.943 -4.095 -24.743 -178.243 -4.396 -22.796 -167.87 -1.5 -41.21
3 16 -167.87 -1.5 -41.21 -178.243 -4.396 -22.796 -185.54 -5.205 -16.95
4 16 -179.5 -5 -19.1 -185.54 -5.205 -16.95 -178.243 -4.396 -22.796 -178.7 -4.78 -20.5
3 16 -178.7 -4.78 -20.5 -178.632 -4.84 -20.156 -179.5 -5 -19.1
4 16 -162.85 -1.93 -39.35 -162.586 -2.199 -37.799 -172.83 -3.895 -26.474 -173.556 -3.904 -26.33
3 16 -179.5 -5 -19.1 -178.632 -4.84 -20.156 -178.616 -4.854 -20.077
3 16 -179.5 -5 -19.1 -178.616 -4.854 -20.077 -178.609 -4.86 -20.043
4 16 -172.83 -3.895 -26.474 -162.586 -2.199 -37.799 -162.47 -2.322 -37.121 -172.7 -3.895 -26.5
3 16 -162.47 -2.322 -37.121 -172.537 -3.905 -26.468 -172.7 -3.895 -26.5
3 16 -197.45 -5.609 -12.64 -207.94 -5.965 -8.33 -199.32 -5.178 -14.65
4 16 -188.555 -1.5 -37.695 -197.45 -5.609 -12.64 -199.32 -5.178 -14.65 -200.61 -4.277 -19.433
3 16 -205.598 -5.426 -11.878 -199.32 -5.178 -14.65 -207.94 -5.965 -8.33
4 16 -203.9 -1.5 -34.61 -196.3 -1.5 -36.19 -201.659 -3.563 -23.32 -204.19 -1.824 -32.704
3 16 -207.9 -5.965 -8.33 -207.487 -5.504 -11.044 -206.609 -5.468 -11.432
3 16 -207.9 -5.965 -8.33 -206.609 -5.468 -11.432 -205.548 -5.422 -11.9
4 16 -200.603 -4.281 -19.406 -201.659 -3.563 -23.32 -196.3 -1.5 -36.19 -188.555 -1.5 -37.695
4 16 -207.9 -5.965 -8.33 -213.465 -6.152 -5.745 -212.444 -5.656 -8.825 -207.489 -5.504 -11.043
3 16 -203.9 -1.5 -34.61 -204.19 -1.824 -32.704 -204.2 -1.817 -32.74
3 16 -204.2 -1.817 -32.74 -204.551 -1.816 -32.647 -203.9 -1.5 -34.61
3 16 -213.465 -6.152 -5.745 -213.273 -5.69 -8.454 -212.444 -5.656 -8.825
4 16 -204.551 -1.816 -32.647 -211.692 -1.889 -30.748 -211.53 -1.5 -33.03 -203.9 -1.5 -34.61
4 16 -221.295 -1.5 -30.515 -211.53 -1.5 -33.03 -211.692 -1.889 -30.748 -217.7 -1.898 -29.15
3 16 -217.7 -1.898 -29.15 -221.101 -1.908 -28.209 -221.295 -1.5 -30.515
4 16 -219.212 -5.874 -5.793 -213.273 -5.69 -8.454 -213.465 -6.152 -5.745 -218.99 -6.34 -3.16
3 16 -221.295 -1.5 -30.515 -221.101 -1.908 -28.209 -221.247 -1.908 -28.168
4 16 -220.29 -5.902 -5.31 -219.212 -5.874 -5.793 -218.99 -6.34 -3.16 -220.72 -6.399 -2.3
3 16 -220.72 -6.399 -2.3 -220.777 -5.916 -5.083 -220.29 -5.902 -5.31
4 16 -231.06 -1.5 -28 -221.295 -1.5 -30.515 -221.247 -1.908 -28.168 -229.62 -1.935 -25.85
3 16 -229.62 -1.935 -25.85 -230.128 -1.942 -25.683 -231.06 -1.5 -28
3 16 -220.72 -6.399 -2.3 -221.672 -5.948 -4.665 -220.777 -5.916 -5.083
3 16 -231.06 -1.5 -28 -230.128 -1.942 -25.683 -231.084 -1.948 -25.369
3 16 -231.34 -6.759 2.87 -231.26 -5.257 -5.949 -228.9 -6.169 -1.29
4 16 -228.9 -6.169 -1.29 -221.672 -5.948 -4.665 -220.72 -6.399 -2.3 -231.34 -6.759 2.87
3 16 -231.084 -1.948 -25.369 -239.67 -1.961 -22.55 -231.06 -1.5 -28
3 16 -231.06 -1.5 -28 -239.67 -1.961 -22.55 -241.83 -1.5 -24.56
4 16 -231.34 -6.759 2.87 -241.83 -1.5 -24.56 -239.67 -1.961 -22.55 -231.26 -5.257 -5.949
3 16 -120.41 -1.5 -46.815 -127.423 -3.154 -33.72 -127.661 -2.777 -36.7
4 16 -131.963 -3.535 -30.699 -128.823 -3.484 -31.104 -130.1 -3.785 -28.72 -133.69 -3.839 -28.29
3 16 -120.41 -1.5 -46.815 -127.661 -2.777 -36.7 -127.784 -2.582 -38.244
4 16 -134.565 -3.577 -30.363 -131.963 -3.535 -30.699 -133.69 -3.839 -28.29 -136.69 -3.889 -27.894
3 16 -128.238 -3.765 -28.881 -130.1 -3.785 -28.72 -127.23 -3.458 -31.31
3 16 -128.238 -3.765 -28.881 -127.23 -3.458 -31.31 -120.41 -1.5 -46.815
3 16 -128.823 -3.484 -31.104 -127.23 -3.458 -31.31 -130.1 -3.785 -28.72
3 16 -127.23 -3.458 -31.31 -127.423 -3.154 -33.72 -120.41 -1.5 -46.815
3 16 -137.645 -1.5 -45.095 -138.183 -1.785 -42.978 -138.33 -1.787 -42.964
4 16 -142.825 -3.67 -28.977 -141.694 -3.643 -29.177 -142.205 -3.914 -27.166 -143.46 -3.936 -27
4 16 -143.46 -3.936 -27 -151.433 -4.129 -25.572 -149.914 -3.839 -27.723 -142.825 -3.67 -28.977
3 16 -137.645 -1.5 -45.095 -138.33 -1.787 -42.964 -138.58 -1.79 -42.94
3 16 -138.58 -1.79 -42.94 -139.223 -1.801 -42.86 -137.645 -1.5 -45.095
4 16 -139.223 -1.801 -42.86 -147.465 -1.815 -41.84 -146.62 -1.5 -44.09 -137.645 -1.5 -45.095
4 16 -152.968 -3.868 -27.185 -149.914 -3.839 -27.723 -151.433 -4.129 -25.572 -153.728 -4.151 -25.161
3 16 -146.62 -1.5 -44.09 -147.465 -1.815 -41.84 -147.672 -1.819 -41.814
4 16 -154.566 -3.907 -26.904 -152.968 -3.868 -27.185 -153.728 -4.151 -25.161 -155.52 -4.196 -24.84
3 16 -146.62 -1.5 -44.09 -147.672 -1.819 -41.814 -148.647 -1.836 -41.694
4 16 -154.566 -3.907 -26.904 -155.52 -4.196 -24.84 -164.705 -4.495 -22.704 -160.55 -4.054 -25.85
3 16 -164.705 -4.495 -22.704 -160.801 -3.848 -27.321 -160.55 -4.054 -25.85
4 16 -157.245 -1.5 -42.65 -146.62 -1.5 -44.09 -148.647 -1.836 -41.694 -150.21 -1.833 -41.5
3 16 -150.21 -1.833 -41.5 -158.341 -1.877 -40.117 -157.245 -1.5 -42.65
4 16 -161.67 -3.022 -32.426 -160.801 -3.848 -27.321 -164.705 -4.495 -22.704 -166.01 -4.515 -22.4
3 16 -157.245 -1.5 -42.65 -158.341 -1.877 -40.117 -158.378 -1.877 -40.111
4 16 -161.708 -2.987 -32.647 -161.67 -3.022 -32.426 -166.01 -4.515 -22.4 -166.313 -4.521 -22.326
3 16 -157.245 -1.5 -42.65 -158.378 -1.877 -40.111 -159.887 -1.916 -39.854
3 16 -42.65 -1.5 -50.6 -49.97 -3.08 -36.374 -49.97 -2.823 -38.697
4 16 -52.155 -3.218 -35.143 -50.59 -3.214 -35.17 -51.84 -3.484 -32.74 -53.67 -3.492 -32.68
3 16 -42.65 -1.5 -50.6 -49.97 -2.823 -38.697 -49.97 -2.478 -41.745
4 16 -55.474 -3.214 -35.087 -52.155 -3.218 -35.143 -53.67 -3.492 -32.68 -57.58 -3.495 -32.54
3 16 -42.647 -1.5 -50.6 -49.97 -2.478 -41.743 -49.97 -1.743 -48.25
4 16 -49.97 -1.743 -48.25 -52.403 -1.741 -48.21 -51.693 -1.5 -50.36 -42.647 -1.5 -50.6
3 16 -57.579 -3.495 -32.54 -56.745 -3.212 -35.066 -55.473 -3.214 -35.087
4 16 -80.7 -1.5 -49.54 -70.72 -1.5 -49.83 -70.909 -1.725 -47.836 -71.66 -1.726 -47.82
3 16 -71.66 -1.726 -47.82 -80.165 -1.77 -47.19 -80.7 -1.5 -49.54
4 16 -72.38 -3.481 -32.31 -76.74 -3.499 -32.153 -77.24 -3.247 -34.346 -75.984 -3.248 -34.374
3 16 -75.984 -3.248 -34.374 -72.177 -3.238 -34.458 -72.38 -3.481 -32.31
4 16 -65.775 -3.489 -32.365 -69.36 -3.484 -32.31 -69.535 -3.228 -34.568 -66.436 -3.223 -34.698
3 16 -70.72 -1.5 -49.83 -70.16 -1.725 -47.853 -70.566 -1.725 -47.844
3 16 -70.72 -1.5 -49.83 -70.566 -1.725 -47.844 -70.828 -1.727 -47.838
4 16 -71.549 -3.248 -34.483 -69.535 -3.228 -34.568 -69.36 -3.484 -32.31 -72.38 -5 -19.1
3 16 -70.72 -1.5 -49.83 -70.828 -1.727 -47.838 -70.909 -1.725 -47.836
4 16 -72.177 -3.238 -34.458 -71.549 -3.248 -34.483 -72.38 -5 -19.1 -72.38 -3.481 -32.31
3 16 -80.7 -1.5 -49.54 -80.165 -1.77 -47.19 -80.662 -1.774 -47.153
4 16 -80.456 -3.255 -34.275 -77.24 -3.247 -34.346 -76.74 -3.499 -32.15 -80.42 -3.514 -32.02
3 16 -80.7 -1.5 -49.54 -80.662 -1.774 -47.153 -81.083 -1.778 -47.122
4 16 -83.128 -3.262 -34.215 -80.456 -3.255 -34.275 -80.42 -3.514 -32.02 -83.49 -3.525 -31.93
4 16 -84.73 -3.256 -34.18 -83.124 -3.262 -34.216 -83.486 -3.525 -31.927 -87.251 -3.514 -31.812
3 16 -87.251 -3.514 -31.812 -89.605 -1.5 -49.04 -84.73 -3.256 -34.18
3 16 -81.082 -1.778 -47.122 -85.3 -1.787 -46.81 -80.7 -1.5 -49.54
3 16 -85.3 -1.787 -46.81 -84.73 -3.256 -34.18 -89.605 -1.5 -49.04
3 16 -80.7 -1.5 -49.54 -85.3 -1.787 -46.81 -89.605 -1.5 -49.04
4 16 -70.619 -1.5 -47.843 -70.828 -1.727 -47.838 -70.566 -1.725 -47.844 -70.566 -1.5 -47.844
4 16 -70.16 -1.497 -47.853 -70.564 -1.5 -47.844 -70.566 -1.725 -47.844 -70.16 -1.725 -47.853
4 16 -158.341 -1.45 -40.117 -158.378 -1.45 -40.111 -158.378 -1.877 -40.111 -158.341 -1.877 -40.117
4 16 -158.182 -1.451 -40.144 -158.34 -1.45 -40.117 -158.341 -1.877 -40.117 -158.182 -1.876 -40.144
4 16 -147.465 -1.463 -41.84 -147.671 -1.464 -41.814 -147.672 -1.819 -41.814 -147.465 -1.815 -41.84
4 16 -147.196 -1.461 -41.873 -147.463 -1.463 -41.84 -147.465 -1.815 -41.84 -147.196 -1.815 -41.873
4 16 -138.33 -1.408 -42.964 -138.578 -1.411 -42.94 -138.58 -1.79 -42.94 -138.33 -1.787 -42.964
4 16 -138.183 -1.406 -42.978 -138.329 -1.408 -42.964 -138.33 -1.787 -42.964 -138.183 -1.785 -42.978
4 16 -221.101 -1.494 -28.209 -221.246 -1.494 -28.168 -221.247 -1.908 -28.168 -221.101 -1.908 -28.209
4 16 -204.19 -1.463 -32.704 -204.2 -1.468 -32.74 -204.2 -1.817 -32.74 -204.19 -1.824 -32.704
4 16 -52.403 -1.355 -48.21 -58.45 -1.408 -48.11 -58.45 -1.733 -48.11 -52.403 -1.741 -48.21
4 16 -52.403 -1.741 -48.21 -49.97 -1.743 -48.25 -49.97 -1.342 -48.25 -51.328 -1.346 -48.228
3 16 -51.328 -1.346 -48.228 -52.403 -1.355 -48.21 -52.403 -1.741 -48.21
4 16 -49.97 0.052 -41.743 -49.97 -1.342 -48.25 -49.97 -1.743 -48.25 -49.97 -2.478 -41.743
4 16 -49.97 0.705 -38.697 -49.97 0.052 -41.745 -49.97 -2.478 -41.745 -49.97 -2.823 -38.697
4 16 -49.97 1.203 -36.374 -49.97 0.705 -38.697 -49.97 -2.823 -38.697 -49.97 -3.08 -36.374
4 16 -49.97 1.459 -35.18 -49.97 1.203 -36.373 -49.97 -3.08 -36.373 -49.97 -3.213 -35.18
4 16 -50.589 1.457 -35.17 -49.97 1.459 -35.18 -49.97 -3.213 -35.18 -50.589 -3.214 -35.17
4 16 -52.155 1.453 -35.143 -50.59 1.457 -35.17 -50.59 -3.214 -35.17 -52.155 -3.218 -35.143
4 16 -55.474 1.445 -35.087 -52.155 1.453 -35.143 -52.155 -3.218 -35.143 -55.474 -3.214 -35.087
4 16 -56.745 1.442 -35.066 -55.473 1.445 -35.088 -55.473 -3.214 -35.088 -56.745 -3.212 -35.066
4 16 -58.3 1.438 -35.04 -56.745 1.442 -35.066 -56.745 -3.212 -35.066 -58.3 -3.21 -35.04
4 16 -66.436 1.462 -34.698 -58.3 1.438 -35.04 -58.3 -3.21 -35.04 -66.436 -3.223 -34.698
4 16 -69.535 1.472 -34.567 -66.436 1.462 -34.698 -66.436 -3.223 -34.698 -69.535 -3.228 -34.567
4 16 -71.549 1.478 -34.483 -69.535 1.472 -34.567 -69.535 -3.228 -34.567 -71.549 -3.248 -34.483
4 16 -72.09 1.479 -34.46 -71.549 1.478 -34.483 -71.549 -3.248 -34.483 -72.09 -3.24 -34.46
4 16 -72.176 1.479 -34.458 -72.09 1.479 -34.46 -72.09 -3.24 -34.46 -72.176 -3.238 -34.458
4 16 -75.984 1.474 -34.374 -72.176 1.479 -34.458 -72.176 -3.238 -34.458 -75.984 -3.248 -34.374
4 16 -77.239 1.473 -34.346 -75.984 1.474 -34.374 -75.984 -3.248 -34.374 -77.239 -3.247 -34.346
4 16 -80.456 1.468 -34.275 -77.24 1.473 -34.346 -77.24 -3.247 -34.346 -80.456 -3.255 -34.275
4 16 -83.128 1.465 -34.215 -80.456 1.468 -34.275 -80.456 -3.255 -34.275 -83.128 -3.262 -34.215
4 16 -84.295 1.464 -34.19 -83.124 1.465 -34.216 -83.124 -3.262 -34.216 -84.295 -3.257 -34.19
4 16 -84.295 -3.257 -34.19 -84.73 -3.256 -34.18 -84.73 1.462 -34.18 -84.295 1.464 -34.19
4 16 -84.793 1.139 -35.583 -84.73 1.462 -34.18 -84.73 -3.256 -34.18 -84.793 -3.092 -35.583
4 16 -85.3 -1.448 -46.81 -84.793 1.139 -35.583 -84.793 -3.092 -35.583 -85.3 -1.787 -46.81
4 16 -81.082 -1.466 -47.122 -85.3 -1.448 -46.81 -85.3 -1.787 -46.81 -81.082 -1.778 -47.122
4 16 -80.662 -1.468 -47.153 -81.083 -1.466 -47.122 -81.083 -1.778 -47.122 -80.662 -1.774 -47.153
4 16 -80.165 -1.47 -47.19 -80.662 -1.468 -47.153 -80.662 -1.774 -47.153 -80.165 -1.77 -47.19
4 16 -73.436 -1.5 -47.688 -80.165 -1.47 -47.19 -80.165 -1.77 -47.19 -71.66 -1.726 -47.82
4 16 -58.45 -1.408 -48.11 -70.16 -1.497 -47.853 -70.16 -1.725 -47.853 -58.45 -1.733 -48.11
4 16 -127.784 -0.062 -38.244 -128.24 -1.285 -43.94 -128.24 -1.789 -43.94 -127.784 -2.582 -38.244
4 16 -127.661 0.269 -36.7 -127.784 -0.062 -38.244 -127.784 -2.582 -38.244 -127.661 -2.777 -36.7
4 16 -127.423 0.909 -33.72 -127.661 0.269 -36.7 -127.661 -2.777 -36.7 -127.423 -3.154 -33.72
4 16 -127.23 1.426 -31.31 -127.423 0.909 -33.72 -127.423 -3.154 -33.72 -127.23 -3.458 -31.31
4 16 -128.823 1.41 -31.104 -127.23 1.426 -31.31 -127.23 -3.458 -31.31 -128.823 -3.484 -31.104
4 16 -131.963 1.378 -30.699 -128.823 1.41 -31.104 -128.823 -3.484 -31.104 -131.963 -3.535 -30.699
4 16 -134.565 1.352 -30.363 -131.963 1.378 -30.699 -131.963 -3.535 -30.699 -134.565 -3.577 -30.363
4 16 -136.14 1.336 -30.16 -134.565 1.352 -30.363 -134.565 -3.577 -30.363 -136.14 -3.584 -30.16
4 16 -136.809 1.336 -30.042 -136.14 1.336 -30.16 -136.14 -3.584 -30.16 -136.809 -3.591 -30.042
4 16 -141.694 1.337 -29.177 -136.809 1.336 -30.042 -136.809 -3.591 -30.042 -141.694 -3.643 -29.177
4 16 -142.825 1.337 -28.976 -141.694 1.337 -29.177 -141.694 -3.643 -29.177 -142.825 -3.67 -28.976
4 16 -148.34 1.338 -28 -142.825 1.337 -28.976 -142.825 -3.67 -28.976 -148.34 -3.802 -28
4 16 -149.914 1.338 -27.723 -148.34 1.338 -28 -148.34 -3.802 -28 -149.914 -3.839 -27.723
4 16 -150.92 1.338 -27.546 -149.914 1.338 -27.723 -149.914 -3.839 -27.723 -150.92 -3.849 -27.546
4 16 -152.968 1.338 -27.185 -150.92 1.338 -27.546 -150.92 -3.849 -27.546 -152.968 -3.868 -27.185
4 16 -154.566 1.337 -26.904 -152.968 1.338 -27.185 -152.968 -3.868 -27.185 -154.566 -3.907 -26.904
4 16 -154.566 -3.907 -26.904 -160.55 -4.054 -25.85 -160.55 1.343 -25.85 -159.207 1.337 -26.087
3 16 -159.207 1.337 -26.087 -154.566 1.337 -26.904 -154.566 -3.907 -26.904
4 16 -160.801 1.041 -27.321 -160.55 1.343 -25.85 -160.55 -4.054 -25.85 -160.801 -3.848 -27.321
4 16 -161.482 0.218 -31.321 -160.801 1.041 -27.321 -160.801 -3.848 -27.321 -161.482 -3.201 -31.321
4 16 -161.67 -0.01 -32.426 -161.482 0.218 -31.321 -161.482 -3.201 -31.321 -161.67 -3.022 -32.426
4 16 -161.708 -0.055 -32.647 -161.67 -0.01 -32.426 -161.67 -3.022 -32.426 -161.708 -2.987 -32.647
4 16 -162.47 -0.976 -37.121 -161.708 -0.055 -32.647 -161.708 -2.987 -32.647 -162.47 -2.322 -37.121
4 16 -162.586 -1.116 -37.799 -162.47 -0.976 -37.121 -162.47 -2.322 -37.121 -162.586 -2.199 -37.799
4 16 -162.85 -1.435 -39.35 -162.586 -1.116 -37.799 -162.586 -2.199 -37.799 -162.85 -1.93 -39.35
4 16 -160.424 -1.443 -39.763 -162.85 -1.435 -39.35 -162.85 -1.93 -39.35 -160.424 -1.916 -39.763
4 16 -159.887 -1.445 -39.854 -160.424 -1.443 -39.763 -160.424 -1.916 -39.763 -159.887 -1.916 -39.854
4 16 -158.378 -1.45 -40.111 -159.887 -1.445 -39.854 -159.887 -1.916 -39.854 -158.378 -1.877 -40.111
4 16 -150.21 -1.479 -41.5 -158.182 -1.451 -40.144 -158.182 -1.876 -40.144 -150.21 -1.833 -41.5
4 16 -148.647 -1.47 -41.694 -150.21 -1.479 -41.5 -150.21 -1.833 -41.5 -148.647 -1.836 -41.694
4 16 -147.672 -1.464 -41.814 -148.647 -1.47 -41.694 -148.647 -1.836 -41.694 -147.672 -1.819 -41.814
4 16 -139.223 -1.415 -42.86 -147.196 -1.461 -41.873 -147.196 -1.815 -41.873 -139.223 -1.801 -42.86
4 16 -138.58 -1.411 -42.94 -139.223 -1.415 -42.86 -139.223 -1.801 -42.86 -138.58 -1.79 -42.94
4 16 -137.531 -1.399 -43.041 -138.183 -1.406 -42.978 -138.183 -1.785 -42.978 -137.531 -1.785 -43.041
4 16 -137.531 -1.785 -43.041 -128.24 -1.789 -43.94 -128.24 -1.285 -43.94 -130.036 -1.315 -43.766
3 16 -130.036 -1.315 -43.766 -137.531 -1.399 -43.041 -137.531 -1.785 -43.041
4 16 -199.32 1.392 -14.65 -200.61 0.636 -19.433 -200.61 -4.277 -19.433 -199.32 -5.178 -14.65
4 16 -205.598 1.585 -11.878 -199.32 1.392 -14.65 -199.32 -5.178 -14.65 -205.598 -5.426 -11.878
4 16 -206.609 1.616 -11.432 -205.548 1.584 -11.9 -205.548 -5.422 -11.9 -206.609 -5.468 -11.432
4 16 -207.487 1.643 -11.044 -206.609 1.616 -11.432 -206.609 -5.468 -11.432 -207.487 -5.504 -11.044
4 16 -207.79 1.653 -10.91 -207.487 1.643 -11.044 -207.487 -5.504 -11.044 -207.79 -5.513 -10.91
4 16 -212.444 1.8 -8.825 -207.79 1.653 -10.91 -207.79 -5.513 -10.91 -212.444 -5.656 -8.825
4 16 -213.273 1.827 -8.454 -212.444 1.8 -8.825 -212.444 -5.656 -8.825 -213.273 -5.69 -8.454
4 16 -214.191 1.856 -8.042 -213.273 1.827 -8.454 -213.273 -5.69 -8.454 -214.191 -5.721 -8.042
4 16 -219.212 2.015 -5.793 -214.191 1.856 -8.042 -214.191 -5.721 -8.042 -219.212 -5.874 -5.793
4 16 -220.29 2.049 -5.31 -219.212 2.015 -5.793 -219.212 -5.874 -5.793 -220.29 -5.902 -5.31
4 16 -220.777 2.066 -5.083 -220.29 2.049 -5.31 -220.29 -5.902 -5.31 -220.777 -5.916 -5.083
4 16 -221.672 2.097 -4.665 -220.777 2.066 -5.083 -220.777 -5.916 -5.083 -221.672 -5.948 -4.665
4 16 -228.9 2.347 -1.29 -221.672 2.097 -4.665 -221.672 -5.948 -4.665 -228.9 -6.169 -1.29
4 16 -228.9 -6.169 -1.29 -231.26 -5.257 -5.949 -231.26 1.523 -5.949 -228.9 2.347 -1.29
4 16 -239.67 -1.416 -22.55 -231.26 1.523 -5.949 -231.26 -5.257 -5.949 -239.67 -1.961 -22.55
4 16 -231.084 -1.483 -25.369 -239.67 -1.416 -22.55 -239.67 -1.961 -22.55 -231.084 -1.948 -25.369
4 16 -230.128 -1.491 -25.683 -231.084 -1.483 -25.369 -231.084 -1.948 -25.369 -230.128 -1.942 -25.683
4 16 -229.62 -1.495 -25.85 -230.128 -1.491 -25.683 -230.128 -1.942 -25.683 -229.62 -1.935 -25.85
4 16 -221.247 -1.494 -28.168 -229.62 -1.495 -25.85 -229.62 -1.935 -25.85 -221.247 -1.908 -28.168
4 16 -220.609 -1.494 -28.345 -221.101 -1.494 -28.209 -221.101 -1.908 -28.209 -220.609 -1.908 -28.345
4 16 -217.7 -1.493 -29.15 -220.609 -1.494 -28.345 -220.609 -1.908 -28.345 -217.7 -1.898 -29.15
4 16 -211.692 -1.482 -30.748 -217.7 -1.493 -29.15 -217.7 -1.898 -29.15 -211.692 -1.889 -30.748
4 16 -204.551 -1.469 -32.647 -211.692 -1.482 -30.748 -211.692 -1.889 -30.748 -204.551 -1.816 -32.647
4 16 -204.551 -1.816 -32.647 -204.2 -1.817 -32.74 -204.2 -1.468 -32.74 -204.551 -1.469 -32.647
4 16 -201.659 0.021 -23.32 -204.19 -1.463 -32.704 -204.19 -1.824 -32.704 -201.659 -3.563 -23.32
4 16 -200.603 0.64 -19.406 -201.659 0.021 -23.32 -201.659 -3.563 -23.32 -200.603 -4.281 -19.406
4 16 -228.933 2.336 -1.355 -239.67 -1.416 -22.55 -229.62 -1.495 -25.85 -217.7 -1.493 -29.15
3 16 -217.7 -1.493 -29.15 -204.206 -1.468 -32.738 -228.933 2.336 -1.355
3 16 -204.2 -1.468 -32.74 -199.32 1.392 -14.65 -207.79 1.653 -10.91
4 16 -228.9 2.347 -1.29 -228.933 2.336 -1.354 -204.2 -1.468 -32.74 -220.29 2.049 -5.31
3 16 -204.2 -1.468 -32.74 -207.79 1.653 -10.91 -220.29 2.049 -5.31
3 16 -136.14 1.336 -30.16 -148.34 1.338 -28 -138.58 -1.411 -42.94
3 16 -148.34 1.338 -28 -159.083 1.337 -26.108 -138.58 -1.411 -42.94
4 16 -160.55 1.343 -25.85 -162.85 -1.435 -39.35 -150.21 -1.479 -41.5 -138.58 -1.411 -42.94
3 16 -138.6 -1.411 -42.94 -130 -1.315 -43.77 -127.23 1.426 -31.31
3 16 -130 -1.315 -43.77 -128.2 -1.285 -43.94 -127.23 1.426 -31.31
3 16 -138.58 -1.411 -42.94 -127.23 1.426 -31.31 -136.14 1.336 -30.16
3 16 -159.083 1.337 -26.108 -160.55 1.343 -25.85 -138.58 -1.411 -42.94
4 16 -72.09 1.479 -34.46 -84.73 1.462 -34.18 -85.3 -1.448 -46.81 -73.439 -1.5 -47.688
3 16 -73.439 -1.5 -47.688 -70.617 -1.5 -47.843 -58.45 -1.408 -48.11
4 16 -49.97 -1.342 -48.25 -49.97 1.459 -35.18 -58.3 1.438 -35.04 -51.328 -1.346 -48.228
4 16 -58.3 1.438 -35.04 -72.09 1.479 -34.46 -73.439 -1.5 -47.688 -58.45 -1.408 -48.11
3 16 -58.3 1.438 -35.04 -58.45 -1.408 -48.11 -51.328 -1.346 -48.228
3 16 -51.693 1.5 -50.36 -60.74 1.5 -50.12 -70.72 1.5 -49.83
4 16 -60.17 3.497 -32.45 -57.579 3.495 -32.54 -51.693 1.5 -50.36 -70.72 1.5 -49.83
3 16 -70.72 1.5 -49.83 -65.775 3.489 -32.365 -60.17 3.497 -32.45
3 16 -120.41 1.5 -46.815 -128.67 1.5 -46.1 -137.645 1.5 -45.095
3 16 -207.9 5.965 -8.33 -203.9 1.5 -34.61 -213.465 6.152 -5.745
3 16 -213.465 6.152 -5.745 -203.9 1.5 -34.61 -211.53 1.5 -33.03
4 16 -218.99 6.34 -3.16 -213.465 6.152 -5.745 -211.53 1.5 -33.03 -221.295 1.5 -30.515
3 16 -218.99 6.34 -3.16 -221.295 1.5 -30.515 -220.72 6.399 -2.3
3 16 -220.72 6.399 -2.3 -221.295 1.5 -30.515 -231.06 1.5 -28
3 16 -220.72 6.399 -2.3 -231.06 1.5 -28 -231.34 6.759 2.87
3 16 -231.34 6.759 2.87 -231.06 1.5 -28 -241.83 1.5 -24.56
3 16 -299.7 1.609 2.87 -299.7 1.5 -0.86 -300.27 1.537 1.58
3 16 -300.27 1.537 1.58 -299.7 1.5 -0.86 -300.27 1.5 0
3 16 -300.27 1.537 1.58 -300.27 1.5 0 -300.56 1.5 0.86
3 16 -14.729 4.128 -27.094 -17.042 3.809 -30.004 -16.556 3.995 -28.315
4 16 -20 3.92 -29 -16.556 3.995 -28.315 -17.042 3.809 -30.004 -20.803 3.29 -34.738
3 16 -20 3.92 -29 -20.803 3.29 -34.738 -23.292 2.944 -37.869
4 16 -23.401 3.698 -31.012 -21.432 3.951 -28.715 -20 3.92 -29 -23.292 2.944 -37.869
3 16 -125.323 3.765 -29.133 -121.78 3.727 -29.44 -117.471 3.663 -29.957
4 16 -125.323 3.765 -29.133 -117.471 3.663 -29.957 -116.754 3.372 -32.325 -123.559 3.462 -31.597
3 16 -112.15 1.5 -47.53 -113.735 1.773 -45.316 -112.787 1.759 -45.426
3 16 -132.507 5 -19.1 -130.1 5 -19.1 -130.1 4.586 -22.462
3 16 -130.1 4.586 -22.462 -130.1 4.304 -24.615 -132.507 5 -19.1
3 16 -132.507 5 -19.1 -133.69 3.839 -28.29 -133.69 5 -19.1
3 16 -132.507 5 -19.1 -130.1 3.785 -28.72 -133.69 3.839 -28.29
3 16 -132.507 5 -19.1 -130.1 4.304 -24.615 -130.1 3.785 -28.72
3 16 -143.46 3.936 -27 -142.205 3.914 -27.166 -137.645 1.5 -45.095
3 16 -137.645 1.5 -45.095 -151.433 4.129 -25.572 -143.46 3.936 -27
4 16 -153.728 4.151 -25.161 -151.433 4.129 -25.572 -137.645 1.5 -45.095 -146.62 1.5 -44.09
3 16 -155.52 4.196 -24.84 -153.728 4.151 -25.161 -146.62 1.5 -44.09
3 16 -146.62 1.5 -44.09 -164.705 4.495 -22.704 -155.52 4.196 -24.84
4 16 -166.01 4.515 -22.4 -164.705 4.495 -22.704 -146.62 1.5 -44.09 -164.14 4.145 -24.99
4 16 -164.14 4.145 -24.99 -146.62 1.5 -44.09 -157.245 1.5 -42.65 -164.317 3.933 -26.311
3 16 -164.14 4.145 -24.99 -165.003 4.168 -24.727 -166.01 4.515 -22.4
3 16 -50.271 5 -19.1 -48.68 5 -19.1 -48.68 4.27 -25.674
3 16 -51.84 3.484 -32.74 -48.68 3.484 -32.74 -46.965 3.482 -32.761
4 16 -51.84 3.484 -32.74 -46.965 3.482 -32.761 -46.386 3.216 -35.154 -47.53 3.213 -35.18
3 16 -47.53 3.213 -35.18 -47.53 2.554 -41.113 -51.84 3.484 -32.74
3 16 -43.926 1.776 -48.115 -43.253 1.778 -48.097 -42.647 1.5 -50.6
3 16 -51.84 3.484 -32.74 -51.84 5 -19.1 -50.271 5 -19.1
3 16 -50.271 5 -19.1 -48.68 3.484 -32.74 -51.84 3.484 -32.74
3 16 -50.271 5 -19.1 -48.68 4.27 -25.674 -48.68 3.484 -32.74
4 16 -72.38 3.481 -32.31 -70.72 1.5 -49.83 -80.7 1.5 -49.54 -76.74 3.499 -32.153
3 16 -69.36 3.484 -32.31 -65.775 3.489 -32.365 -70.72 1.5 -49.83
3 16 -72.38 5 -19.1 -69.36 5 -19.1 -69.36 3.484 -32.31
3 16 -70.72 1.5 -49.83 -72.38 5 -19.1 -69.36 3.484 -32.31
3 16 -72.38 3.481 -32.31 -72.38 5 -19.1 -70.72 1.5 -49.83
3 16 -80.42 3.514 -32.02 -76.74 3.499 -32.15 -80.7 1.5 -49.54
3 16 -83.49 3.525 -31.93 -80.42 3.514 -32.02 -80.7 1.5 -49.54
4 16 -87.251 3.514 -31.812 -83.486 3.525 -31.927 -80.7 1.5 -49.54 -86.59 3.261 -34.03
4 16 -80.7 1.5 -49.54 -89.605 1.5 -49.04 -89.309 1.753 -46.876 -87.31 1.756 -46.96
3 16 -87.31 1.756 -46.96 -86.59 3.261 -34.03 -80.7 1.5 -49.54
3 16 -86.59 3.261 -34.03 -87.554 3.255 -34.03 -87.251 3.514 -31.812
4 16 -93.34 3.556 -31.45 -93.34 5 -19.1 -89.61 5 -19.1 -89.61 3.522 -31.74
3 16 -104.876 3.622 -30.693 -101.38 3.601 -30.87 -97.773 3.57 -31.13
3 16 -98.51 1.5 -48.54 -99.261 1.75 -46.436 -98.423 1.745 -46.481
4 16 -97.894 3.231 -33.984 -103.846 3.279 -33.581 -104.876 3.622 -30.693 -97.773 3.57 -31.13
3 16 -113.45 3.628 -30.44 -113.45 5 -19.1 -109.86 3.628 -30.44
3 16 -105.33 1.5 -48.035 -106.242 1.739 -46.06 -105.833 1.736 -46.082
4 16 -109.16 3.299 -33.16 -112.357 3.342 -32.808 -113.45 3.628 -30.44 -109.86 3.628 -30.44
3 16 -113.45 5 -19.1 -109.86 5 -19.1 -109.86 3.628 -30.44
3 16 -125.94 1.821 -43.94 -122.559 1.815 -44.317 -120.41 1.5 -46.815
4 16 -125.677 2.273 -40.693 -125.94 1.821 -43.94 -137.645 1.5 -45.095 -142.205 3.914 -27.166
3 16 -142.205 3.914 -27.166 -136.69 3.889 -27.894 -125.677 2.273 -40.693
3 16 -137.645 1.5 -45.095 -125.94 1.821 -43.94 -120.41 1.5 -46.815
4 16 -157.245 1.5 -42.65 -167.87 1.5 -41.21 -169.911 1.928 -38.408 -166.01 1.933 -38.92
3 16 -169.911 1.928 -38.408 -169.302 1.931 -38.488 -166.01 1.933 -38.92
3 16 -166.01 1.933 -38.92 -165.358 2.776 -34.065 -157.245 1.5 -42.65
3 16 -178.743 4.772 -20.538 -184.145 4.913 -18.865 -185.54 5.205 -16.95
4 16 -192.43 5.439 -14.5 -185.54 5.205 -16.95 -184.145 4.913 -18.865 -187.55 5.002 -17.81
3 16 -187.55 5.002 -17.81 -190.71 5.065 -16.944 -192.43 5.439 -14.5
4 16 -169.911 1.928 -38.408 -167.87 1.5 -41.21 -174.335 1.5 -40.205 -175.91 1.903 -37.62
3 16 -174.335 1.5 -40.205 -176.183 1.902 -37.58 -175.91 1.903 -37.62
4 16 -197.45 5.609 -12.64 -192.43 5.439 -14.5 -190.71 5.065 -16.944 -195.591 5.15 -15.605
4 16 -174.335 1.5 -40.205 -180.8 1.5 -39.2 -182.386 1.891 -36.67 -176.183 1.902 -37.58
4 16 -189.278 1.834 -35.658 -182.386 1.891 -36.67 -180.8 1.5 -39.2 -188.555 1.5 -37.695
3 16 -197.45 5.609 -12.64 -195.591 5.15 -15.605 -196.45 5.162 -15.37
3 16 -196.45 5.162 -15.37 -196.464 5.153 -15.418 -197.45 5.609 -12.64
3 16 -188.555 1.5 -37.695 -189.966 1.825 -35.557 -189.278 1.834 -35.658
4 16 -196.464 5.153 -15.418 -198.489 3.788 -22.647 -207.94 5.965 -8.33 -197.45 5.609 -12.64
3 16 -201.48 1.815 -33.32 -203.9 1.5 -34.61 -207.9 5.965 -8.33
4 16 -201.48 1.815 -33.32 -197.139 1.823 -34.175 -196.3 1.5 -36.19 -203.9 1.5 -34.61
3 16 -207.9 5.965 -8.33 -199.877 2.877 -27.599 -201.48 1.815 -33.32
4 16 -188.555 1.5 -37.695 -196.3 1.5 -36.19 -197.139 1.823 -34.175 -190.56 1.82 -35.47
3 16 -190.56 1.82 -35.47 -189.963 1.825 -35.558 -188.555 1.5 -37.695
3 16 -207.9 5.965 -8.33 -198.483 3.791 -22.625 -199.877 2.877 -27.599
3 16 -241.83 1.5 -24.56 -240.859 2.899 -16.56 -232.92 6.249 0.43
3 16 -232.92 6.249 0.43 -231.34 6.759 2.87 -241.83 1.5 -24.56
4 16 -238.317 6.558 4.372 -238.02 6.986 6.82 -231.34 6.759 2.87 -237.23 6.521 3.73
3 16 -231.34 6.759 2.87 -232.92 6.249 0.43 -237.23 6.521 3.73
3 16 -238.02 6.986 6.82 -238.317 6.558 4.372 -238.735 6.576 4.618
3 16 -243.12 1.958 -21.4 -240.859 2.899 -16.56 -241.83 1.5 -24.56
3 16 -241.83 1.5 -24.56 -247.575 1.5 -22.62 -243.12 1.958 -21.4
3 16 -243.12 1.958 -21.4 -247.575 1.5 -22.62 -246.813 1.938 -20.271
3 16 -247.575 1.5 -22.62 -247.358 1.93 -20.104 -246.813 1.938 -20.271
4 16 -244.7 7.213 10.77 -238.02 6.986 6.82 -238.735 6.576 4.618 -242.11 6.69 6.61
3 16 -242.11 6.69 6.61 -244.921 6.773 8.201 -244.7 7.213 10.77
3 16 -244.7 7.213 10.77 -244.921 6.773 8.201 -245.339 6.789 8.437
4 16 -252.714 1.902 -18.467 -247.358 1.93 -20.104 -247.575 1.5 -22.62 -253.32 1.5 -20.68
3 16 -253.32 1.5 -20.68 -253.31 1.888 -18.285 -252.714 1.902 -18.467
4 16 -253.17 7.5 16.37 -244.7 7.213 10.77 -245.339 6.789 8.437 -247.43 6.828 9.62
3 16 -247.43 6.828 9.62 -253.183 6.979 13.152 -253.17 7.5 16.37
4 16 -253.32 1.5 -20.68 -262.79 1.5 -17.38 -262.123 1.916 -15.042 -256.76 1.864 -17.23
3 16 -256.76 1.864 -17.23 -253.31 1.888 -18.285 -253.32 1.5 -20.68
3 16 -253.17 7.5 16.37 -253.183 6.979 13.152 -253.75 7.003 13.5
3 16 -253.75 7.003 13.5 -254.007 6.978 13.433 -253.17 7.5 16.37
3 16 -253.17 7.5 16.37 -254.007 6.978 13.433 -254.77 6.898 13.235
4 16 -267.981 1.925 -12.652 -262.123 1.916 -15.042 -262.79 1.5 -17.38 -269.11 1.5 -14.865
3 16 -269.11 1.5 -14.865 -268.705 1.907 -12.356 -267.981 1.925 -12.652
4 16 -254.77 6.898 13.235 -265.007 5.631 10.573 -264.587 6.054 13.175 -253.17 7.5 16.37
3 16 -264.587 6.054 13.175 -265.007 5.631 10.573 -265.777 5.554 10.373
4 16 -269.11 1.5 -14.865 -275.43 1.5 -12.35 -274.446 1.913 -10.033 -273.99 1.916 -10.2
3 16 -273.99 1.916 -10.2 -268.705 1.907 -12.356 -269.11 1.5 -14.865
3 16 -275.43 1.5 -12.35 -275.5 1.876 -9.649 -274.446 1.913 -10.033
4 16 -265.777 5.554 10.373 -275.947 4.295 7.728 -276.005 4.609 9.98 -264.587 6.054 13.175
3 16 -276.005 4.609 9.98 -275.947 4.295 7.728 -276.618 4.23 7.554
4 16 -280.502 1.826 -7.821 -275.5 1.876 -9.649 -275.43 1.5 -12.35 -281.03 1.5 -9.91
3 16 -281.03 1.5 -9.91 -282.046 1.764 -7.257 -280.502 1.826 -7.821
4 16 -276.618 4.23 7.554 -286.712 2.978 4.929 -287.423 3.163 6.785 -276.005 4.609 9.98
3 16 -287.423 3.163 6.785 -286.712 2.978 4.929 -287.311 2.928 4.773
4 16 -281.03 1.5 -9.91 -286.63 1.5 -7.47 -286.741 1.732 -5.484 -286.2 1.729 -5.74
3 16 -286.2 1.729 -5.74 -282.046 1.764 -7.257 -281.03 1.5 -9.91
3 16 -286.63 1.5 -7.47 -291.11 1.58 -3.412 -286.741 1.732 -5.484
4 16 -287.311 2.928 4.773 -297.284 1.69 2.18 -298.84 1.718 3.59 -287.423 3.163 6.785
3 16 -298.84 1.718 3.59 -297.284 1.69 2.18 -297.4 1.686 2.15
3 16 -297.4 1.686 2.15 -297.592 1.67 1.884 -298.84 1.718 3.59
4 16 -295.1 1.574 -1.52 -291.11 1.58 -3.412 -286.63 1.5 -7.47 -293.165 1.5 -4.165
3 16 -293.165 1.5 -4.165 -296.032 1.548 -1.079 -295.1 1.574 -1.52
4 16 -297.592 1.67 1.884 -298.112 1.583 1.161 -299.7 1.609 2.87 -298.84 1.718 3.59
3 16 -299.7 1.609 2.87 -298.112 1.583 1.161 -298.12 1.582 1.15
3 16 -298.12 1.582 1.15 -298.12 1.561 0.43 -299.7 1.609 2.87
3 16 -298.12 1.561 0.43 -299.7 1.5 -0.86 -299.7 1.609 2.87
4 16 -296.032 1.548 -1.079 -293.165 1.5 -4.165 -299.7 1.5 -0.86 -297.4 1.547 -0.43
3 16 -299.7 1.5 -0.86 -298.12 1.561 0.43 -297.4 1.547 -0.43
3 16 -105.33 1.5 -48.035 -106.388 1.74 -46.052 -106.242 1.739 -46.06
4 16 -112.357 3.342 -32.808 -113.518 3.357 -32.681 -114.799 3.648 -30.278 -113.45 3.628 -30.44
4 16 -113.518 3.357 -32.681 -116.754 3.372 -32.325 -117.471 3.663 -29.957 -114.799 3.648 -30.278
4 16 -106.388 1.74 -46.052 -105.33 1.5 -48.035 -112.15 1.5 -47.53 -108.28 1.735 -45.95
3 16 -112.15 1.5 -47.53 -112.787 1.759 -45.426 -108.28 1.735 -45.95
4 16 -128.238 3.765 -28.881 -125.323 3.765 -29.133 -123.559 3.462 -31.597 -124.93 3.465 -31.45
3 16 -124.93 3.465 -31.45 -125.272 2.907 -35.677 -128.238 3.765 -28.881
4 16 -116.89 1.785 -44.95 -113.735 1.773 -45.316 -112.15 1.5 -47.53 -120.41 1.5 -46.815
3 16 -120.41 1.5 -46.815 -121.446 1.8 -44.441 -116.89 1.785 -44.95
3 16 -120.41 1.5 -46.815 -122.169 1.81 -44.361 -121.696 1.803 -44.414
4 16 -125.417 2.681 -37.466 -125.588 2.412 -39.591 -133.69 3.839 -28.29 -130.1 3.785 -28.72
3 16 -120.41 1.5 -46.815 -122.559 1.815 -44.317 -122.169 1.81 -44.361
4 16 -125.588 2.412 -39.591 -125.677 2.273 -40.693 -136.69 3.889 -27.894 -133.69 3.839 -28.29
3 16 -120.41 1.5 -46.815 -121.696 1.803 -44.414 -121.446 1.8 -44.441
4 16 -125.272 2.907 -35.677 -125.417 2.681 -37.466 -130.1 3.785 -28.72 -128.238 3.765 -28.881
3 16 -157.245 1.5 -42.65 -164.368 3.873 -26.686 -164.317 3.933 -26.311
4 16 -165.003 4.168 -24.727 -165.279 4.177 -24.643 -166.313 4.521 -22.326 -166.01 4.515 -22.4
3 16 -157.245 1.5 -42.65 -165.358 2.776 -34.065 -164.368 3.873 -26.686
4 16 -24.98 3.299 -34.61 -31.019 3.299 -34.61 -31.823 3.481 -32.949 -25.163 3.472 -33.03
4 16 -28.049 2.626 -40.749 -24.799 3.128 -36.172 -24.436 2.784 -39.309 -27.115 2.414 -42.68
4 16 -43.07 3.488 -32.81 -36.38 3.479 -32.89 -37.07 3.261 -34.839 -41.36 3.239 -35.04
3 16 -41.36 3.239 -35.04 -43.016 3.235 -35.078 -43.07 3.488 -32.81
3 16 -42.65 1.5 -50.6 -42.709 1.781 -48.083 -41.751 1.784 -48.06
3 16 -42.65 1.5 -50.6 -43.256 1.778 -48.097 -42.709 1.781 -48.083
4 16 -43.016 3.235 -35.078 -46.39 3.216 -35.154 -46.97 3.482 -32.76 -43.07 3.488 -32.81
3 16 -36.384 3.479 -32.893 -36.089 3.269 -34.793 -37.072 3.261 -34.839
4 16 -37.62 1.807 -47.96 -34.047 1.818 -47.96 -33.6 1.5 -50.84 -42.647 1.5 -50.6
3 16 -42.647 1.5 -50.6 -41.749 1.784 -48.06 -37.62 1.807 -47.96
3 16 -42.65 1.5 -50.6 -44.173 1.775 -48.124 -43.929 1.776 -48.115
4 16 -47.53 2.554 -41.116 -47.53 2.382 -42.664 -53.67 3.492 -32.68 -51.84 3.484 -32.74
3 16 -42.65 1.5 -50.6 -44.681 1.771 -48.143 -44.173 1.775 -48.124
4 16 -47.53 2.382 -42.664 -47.53 2.152 -44.697 -57.58 3.495 -32.54 -53.67 3.492 -32.68
4 16 -47.53 1.751 -48.25 -51.693 1.5 -50.36 -57.579 3.495 -32.54 -47.53 2.152 -44.694
3 16 -51.693 1.5 -50.36 -47.53 1.751 -48.25 -42.647 1.5 -50.6
3 16 -47.53 1.751 -48.25 -44.678 1.771 -48.143 -42.647 1.5 -50.6
3 16 -89.605 1.5 -49.04 -90.071 1.757 -46.844 -89.606 1.754 -46.863
4 16 -89.609 3.254 -34.03 -92.792 3.254 -34.03 -93.34 3.556 -31.45 -89.61 3.522 -31.74
3 16 -89.605 1.5 -49.04 -90.168 1.757 -46.84 -90.071 1.757 -46.844
4 16 -92.792 3.254 -34.03 -93.444 3.255 -34.03 -94.118 3.563 -31.394 -93.34 3.556 -31.45
3 16 -89.605 1.5 -49.04 -89.606 1.754 -46.863 -89.309 1.753 -46.876
4 16 -87.554 3.255 -34.03 -89.609 3.254 -34.03 -89.61 3.522 -31.74 -87.251 3.514 -31.812
4 16 -89.605 1.5 -49.04 -98.51 1.5 -48.54 -98.423 1.745 -46.481 -97.51 1.745 -46.53
3 16 -97.51 1.745 -46.53 -90.168 1.757 -46.84 -89.605 1.5 -49.04
4 16 -93.444 3.255 -34.03 -97.22 3.23 -34.03 -97.894 3.231 -33.984 -97.773 3.57 -31.13
3 16 -97.773 3.57 -31.13 -94.118 3.563 -31.394 -93.444 3.255 -34.03
4 16 -105.577 1.735 -46.096 -99.261 1.75 -46.436 -98.51 1.5 -48.54 -105.33 1.5 -48.035
4 16 -103.846 3.279 -33.581 -107.198 3.276 -33.354 -107.554 3.614 -30.557 -104.876 3.622 -30.693
3 16 -33.17 1.819 -47.96 -28.049 2.626 -40.749 -27.115 2.414 -42.68
4 16 -36.089 3.269 -34.793 -36.384 3.479 -32.893 -31.823 3.481 -32.949 -32.17 3.297 -34.61
3 16 -31.823 3.481 -32.949 -31.019 3.299 -34.61 -32.17 3.297 -34.61
3 16 -27.115 2.414 -42.68 -33.6 1.5 -50.84 -33.17 1.819 -47.96
3 16 -34.047 1.818 -47.96 -33.17 1.819 -47.96 -33.6 1.5 -50.84
3 16 -23.401 3.698 -31.012 -23.292 2.944 -37.869 -23.69 3.302 -34.61
3 16 -23.69 3.302 -34.61 -24.955 3.299 -34.61 -25.13 3.472 -33.03
3 16 -23.401 3.698 -31.012 -23.69 3.302 -34.61 -25.13 3.472 -33.03
4 16 -24.785 3.13 -36.152 -23.69 3.302 -34.61 -23.292 2.944 -37.869 -24.436 2.784 -39.309
3 16 -24.436 2.784 -39.309 -24.799 3.128 -36.172 -24.785 3.13 -36.152
4 16 -24.955 3.299 -34.61 -24.98 3.299 -34.61 -25.163 3.472 -33.03 -25.13 3.472 -33.03
4 16 -109.86 3.628 -30.44 -107.554 3.614 -30.557 -107.198 3.276 -33.354 -107.7 3.28 -33.32
3 16 -107.7 3.28 -33.32 -109.16 3.299 -33.16 -109.86 3.628 -30.44
3 16 -105.33 1.5 -48.035 -105.833 1.736 -46.082 -105.577 1.735 -46.096
3 16 -179.5 5 -19.1 -178.499 4.942 -19.49 -178.609 4.86 -20.043
3 16 -167.864 4.294 -23.856 -167.748 4.32 -23.681 -165.279 4.177 -24.643
4 16 -178.743 4.772 -20.538 -185.54 5.205 -16.95 -179.5 5 -19.1 -178.609 4.86 -20.043
3 16 -178.743 4.772 -20.538 -178.609 4.86 -20.043 -178.7 4.779 -20.5
3 16 -178.7 4.779 -20.5 -178.689 4.77 -20.555 -178.743 4.772 -20.538
3 16 -179.5 5 -19.1 -178.471 4.963 -19.352 -178.499 4.942 -19.49
4 16 -167.029 4.547 -22.151 -166.313 4.521 -22.326 -165.279 4.177 -24.643 -167.157 4.451 -22.796
3 16 -165.279 4.177 -24.643 -167.748 4.32 -23.681 -167.157 4.451 -22.796
4 16 -253.75 -4 9.77 -247.43 -4 9.62 -245.989 -4 8.805 -247.28 -4 8.9
4 16 -261.5 -4 10.77 -253.75 -4 13.5 -247.43 -4 9.62 -253.75 -4 9.77
3 16 -262.917 -4 11.116 -253.75 -4 13.5 -261.5 -4 10.77
4 16 -237.23 -2.5 3.73 -232.92 -2.5 0.43 -234.445 -2.5 -2.833 -239.24 -2.5 -2
4 16 -250.59 -2.5 -0.3 -242.11 -2.5 6.61 -237.23 -2.5 3.73 -239.24 -2.5 -2
4 16 -247.28 -2.5 8.9 -245.989 -2.5 8.805 -242.11 -2.5 6.61 -250.59 -2.5 -0.3
4 16 -253.75 -2.5 9.77 -247.28 -2.5 8.9 -250.59 -2.5 -0.3 -262.22 -2.5 1.5
4 16 -274.71 -2.5 4.45 -261.5 -2.5 10.77 -253.75 -2.5 9.77 -262.22 -2.5 1.5
4 16 -281.081 -2.5 6.393 -262.917 -2.5 11.116 -261.5 -2.5 10.77 -274.71 -2.5 4.45
4 16 -245.989 -2.5 8.805 -247.28 -2.5 8.9 -247.28 -4 8.9 -245.989 -4 8.805
4 16 -247.28 -2.5 8.9 -253.75 -2.5 9.77 -253.75 -4 9.77 -247.28 -4 8.9
4 16 -253.75 -2.5 9.77 -261.5 -2.5 10.77 -261.5 -4 10.77 -253.75 -4 9.77
4 16 -261.5 -2.5 10.77 -262.917 -2.5 11.116 -262.917 -4 11.116 -261.5 -4 10.77
3 16 -239.24 -2.5 -2 -234.445 -2.5 -2.833 -240.814 0.5 -16.464
3 16 -254.46 0.5 -12.46 -239.24 -2.5 -2 -240.814 0.5 -16.464
3 16 -250.59 -2.5 -0.3 -239.24 -2.5 -2 -254.46 0.5 -12.46
3 16 -272.13 0.5 -6.61 -250.59 -2.5 -0.3 -254.46 0.5 -12.46
3 16 -262.22 -2.5 1.5 -250.59 -2.5 -0.3 -272.13 0.5 -6.61
3 16 -285.34 0.5 -2.01 -262.22 -2.5 1.5 -272.13 0.5 -6.61
3 16 -274.71 -2.5 4.45 -262.22 -2.5 1.5 -285.34 0.5 -2.01
3 16 -281.081 -2.5 6.393 -274.71 -2.5 4.45 -285.34 0.5 -2.01
3 16 -295.273 0.5 2.703 -281.081 -2.5 6.393 -285.34 0.5 -2.01
3 16 -174.91 0.5 -31.16 -164.14 -2.5 -24.99 -165.168 0.5 -32.649
3 16 -199.32 0.5 -26.42 -187.55 -2.5 -17.81 -187.98 0.5 -28.72
3 16 -196.45 -2.5 -15.37 -187.55 -2.5 -17.81 -199.32 0.5 -26.42
3 16 -199.535 0.5 -26.378 -196.45 -2.5 -15.37 -199.32 0.5 -26.42
3 16 -174.91 0.5 -31.16 -176.352 -1.273 -25.138 -174.996 -1.117 -26.043
3 16 -174.996 -1.117 -26.043 -172.7 -1.193 -26.5 -174.91 0.5 -31.16
3 16 -172.7 -1.193 -26.5 -164.14 -2.5 -24.99 -174.91 0.5 -31.16
3 16 -164.14 -2.5 -24.99 -172.7 -1.193 -26.5 -170.404 -1.56 -26.043
3 16 -164.14 -2.5 -24.99 -170.404 -1.56 -26.043 -168.457 -2.161 -24.743
3 16 -168.457 -2.161 -24.743 -167.865 -2.5 -23.856 -164.14 -2.5 -24.99
3 16 -178.447 -2.19 -21.77 -178.243 -1.886 -22.796 -187.98 0.5 -28.72
3 16 -187.98 0.5 -28.72 -178.243 -1.886 -22.796 -174.91 0.5 -31.16
3 16 -174.91 0.5 -31.16 -178.243 -1.886 -22.796 -176.943 -1.361 -24.743
3 16 -176.943 -1.361 -24.743 -176.352 -1.273 -25.138 -174.91 0.5 -31.16
4 16 -178.689 -2.5 -20.555 -178.447 -2.19 -21.77 -187.98 0.5 -28.72 -187.55 -2.5 -17.81
3 16 -89.18 0.5 -40.21 -86.59 -2.5 -34.03 -86.937 0.5 -40.269
3 16 -97.22 -2.5 -34.03 -86.59 -2.5 -34.03 -89.18 0.5 -40.21
3 16 -100.81 0.5 -39.63 -97.22 -2.5 -34.03 -89.18 0.5 -40.21
3 16 -107.7 -2.5 -33.32 -97.22 -2.5 -34.03 -100.81 0.5 -39.63
3 16 -111.01 0.5 -39.06 -107.7 -2.5 -33.32 -100.81 0.5 -39.63
3 16 -116.89 -2.5 -32.31 -107.7 -2.5 -33.32 -111.01 0.5 -39.06
3 16 -121.2 0.5 -38.49 -116.89 -2.5 -32.31 -111.01 0.5 -39.06
3 16 -124.93 -2.5 -31.45 -116.89 -2.5 -32.31 -121.2 0.5 -38.49
3 16 -125.468 0.5 -38.102 -124.93 -2.5 -31.45 -121.2 0.5 -38.49
3 16 -32.17 -2.5 -34.61 -23.69 -2.5 -34.61 -29.459 0.5 -42.733
3 16 -37.48 0.5 -42.51 -32.17 -2.5 -34.61 -29.459 0.5 -42.733
3 16 -41.36 -2.5 -35.04 -32.17 -2.5 -34.61 -37.48 0.5 -42.51
3 16 -47.53 -2.5 -35.18 -41.36 -2.5 -35.04 -37.48 0.5 -42.51
3 16 -47.53 0.5 -41.946 -47.53 -2.5 -35.18 -37.48 0.5 -42.51
4 16 -29.459 1 -42.733 -37.48 1 -42.51 -37.48 0.5 -42.51 -29.459 0.5 -42.733
4 16 -37.48 1 -42.51 -47.53 1 -41.946 -47.53 0.5 -41.946 -37.48 0.5 -42.51
4 16 -86.937 1 -40.269 -89.18 1 -40.21 -89.18 0.5 -40.21 -86.937 0.5 -40.269
4 16 -89.18 1 -40.21 -100.81 1 -39.63 -100.81 0.5 -39.63 -89.18 0.5 -40.21
4 16 -100.81 1 -39.63 -111.01 1 -39.06 -111.01 0.5 -39.06 -100.81 0.5 -39.63
4 16 -111.01 1 -39.06 -121.2 1 -38.49 -121.2 0.5 -38.49 -111.01 0.5 -39.06
4 16 -121.2 1 -38.49 -125.468 1 -38.102 -125.468 0.5 -38.102 -121.2 0.5 -38.49
4 16 -165.168 1 -32.649 -174.91 1 -31.16 -174.91 0.5 -31.16 -165.168 0.5 -32.649
4 16 -174.91 1 -31.16 -187.98 1 -28.72 -187.98 0.5 -28.72 -174.91 0.5 -31.16
4 16 -187.98 1 -28.72 -199.32 1 -26.42 -199.32 0.5 -26.42 -187.98 0.5 -28.72
4 16 -199.32 1 -26.42 -199.535 1 -26.378 -199.535 0.5 -26.378 -199.32 0.5 -26.42
4 16 -240.814 1 -16.464 -254.46 1 -12.46 -254.46 0.5 -12.46 -240.814 0.5 -16.464
4 16 -254.46 1 -12.46 -272.13 1 -6.61 -272.13 0.5 -6.61 -254.46 0.5 -12.46
4 16 -272.13 1 -6.61 -285.34 1 -2.01 -285.34 0.5 -2.01 -272.13 0.5 -6.61
4 16 -285.34 1 -2.01 -295.273 1 2.703 -295.273 0.5 2.703 -285.34 0.5 -2.01
4 16 -37.48 1 -46.51 -37.48 1 -42.51 -29.459 1 -42.733 -32.244 1 -46.656
4 16 -47.53 1 -45.946 -47.53 1 -41.946 -37.48 1 -42.51 -37.48 1 -46.51
4 16 -89.18 1 -44.21 -89.18 1 -40.21 -86.937 1 -40.269 -87.16 1 -44.263
4 16 -100.81 1 -43.63 -100.81 1 -39.63 -89.18 1 -40.21 -89.18 1 -44.21
4 16 -111.01 1 -43.06 -111.01 1 -39.06 -100.81 1 -39.63 -100.81 1 -43.63
4 16 -121.2 1 -42.49 -121.2 1 -38.49 -111.01 1 -39.06 -111.01 1 -43.06
4 16 -125.789 1 -42.073 -125.468 1 -38.102 -121.2 1 -38.49 -121.2 1 -42.49
4 16 -174.91 1 -35.16 -174.91 1 -31.16 -165.168 1 -32.649 -165.694 1 -36.568
4 16 -187.98 1 -32.72 -187.98 1 -28.72 -174.91 1 -31.16 -174.91 1 -35.16
4 16 -199.32 1 -30.42 -199.32 1 -26.42 -187.98 1 -28.72 -187.98 1 -32.72
4 16 -200.596 1 -30.167 -199.535 1 -26.378 -199.32 1 -26.42 -199.32 1 -30.42
4 16 -254.46 1 -16.46 -254.46 1 -12.46 -240.814 1 -16.464 -242.458 1 -19.982
4 16 -272.13 1 -10 -272.13 1 -6.61 -254.46 1 -12.46 -254.46 1 -16.46
3 16 -285.34 1 -2.01 -272.13 1 -6.61 -272.13 1 -10
4 16 -285.34 1 -5.2 -295.273 1 2.703 -285.34 1 -2.01 -272.13 1 -10
4 16 -297.598 1 -0.193 -297.4 1 2.15 -295.273 1 2.703 -285.34 1 -5.2
4 16 -298.12 1 0.43 -298.12 1 1.15 -297.4 1 2.15 -297.598 1 -0.193
3 16 -242.458 1 -19.982 -243.12 1.5 -21.4 -256.76 1.5 -17.23
3 16 -242.458 1 -19.982 -256.76 1.5 -17.23 -254.46 1 -16.46
3 16 -254.46 1 -16.46 -256.76 1.5 -17.23 -273.99 1.5 -10.2
4 16 -272.13 1 -10 -254.46 1 -16.46 -273.99 1.5 -10.2 -286.2 1.5 -5.74
3 16 -272.13 1 -10 -286.2 1.5 -5.74 -285.34 1 -5.2
3 16 -285.34 1 -5.2 -286.2 1.5 -5.74 -297.4 1.5 -0.43
3 16 -285.34 1 -5.2 -297.4 1.5 -0.43 -297.598 1 -0.193
3 16 -165.694 1 -36.568 -166.01 1.5 -38.92 -174.91 1 -35.16
3 16 -174.91 1 -35.16 -166.01 1.5 -38.92 -175.91 1.5 -37.62
3 16 -174.91 1 -35.16 -175.91 1.5 -37.62 -187.98 1 -32.72
3 16 -187.98 1 -32.72 -175.91 1.5 -37.62 -190.56 1.5 -35.47
4 16 -199.32 1 -30.42 -187.98 1 -32.72 -190.56 1.5 -35.47 -201.48 1.5 -33.32
3 16 -199.32 1 -30.42 -201.48 1.5 -33.32 -200.596 1 -30.167
4 16 -89.18 1 -44.21 -87.16 1 -44.263 -87.31 1.5 -46.96 -97.51 1.5 -46.53
4 16 -100.81 1 -43.63 -89.18 1 -44.21 -97.51 1.5 -46.53 -108.28 1.5 -45.95
3 16 -100.81 1 -43.63 -108.28 1.5 -45.95 -111.01 1 -43.06
3 16 -111.01 1 -43.06 -108.28 1.5 -45.95 -116.89 1.5 -44.95
3 16 -111.01 1 -43.06 -116.89 1.5 -44.95 -121.2 1 -42.49
3 16 -121.2 1 -42.49 -116.89 1.5 -44.95 -125.94 1.5 -43.94
3 16 -121.2 1 -42.49 -125.94 1.5 -43.94 -125.789 1 -42.073
3 16 -32.244 1 -46.656 -33.17 1.5 -47.96 -37.62 1.5 -47.96
3 16 -32.244 1 -46.656 -37.62 1.5 -47.96 -37.48 1 -46.51
3 16 -37.48 1 -46.51 -37.62 1.5 -47.96 -43.8 1.5 -48.11
3 16 -37.48 1 -46.51 -43.8 1.5 -48.11 -47.53 1.5 -48.25
3 16 -37.48 1 -46.51 -47.53 1.5 -48.25 -47.53 1 -45.946
4 16 -297.598 1 -0.193 -297.4 1.5 -0.43 -297.4 1.547 -0.43 -297.598 1.551 -0.193
4 16 -244.921 6.773 8.201 -242.11 6.69 6.61 -242.11 -2.5 6.61 -245.989 -2.5 8.805
3 16 -245.989 -2.5 8.805 -245.989 6.801 8.805 -245.339 6.789 8.437
3 16 -244.921 6.773 8.201 -245.989 -2.5 8.805 -245.339 6.789 8.437
4 16 -238.317 6.558 4.372 -237.23 6.521 3.73 -237.23 -2.5 3.73 -242.11 -2.5 6.61
3 16 -238.317 6.558 4.372 -242.11 -2.5 6.61 -238.735 6.576 4.618
3 16 -242.11 -2.5 6.61 -242.11 6.69 6.61 -238.735 6.576 4.618
4 16 -232.92 -2.5 0.43 -237.23 -2.5 3.73 -237.23 6.521 3.73 -232.92 6.249 0.43
4 16 -234.445 -2.5 -2.833 -232.92 -2.5 0.43 -232.92 6.249 0.43 -234.445 5.606 -2.833
4 16 -240.814 0.5 -16.464 -234.445 -2.5 -2.833 -234.445 5.606 -2.833 -240.814 2.918 -16.464
4 16 -240.814 2.918 -16.464 -242.458 2.233 -19.982 -242.458 1 -19.982 -240.814 1 -16.464
4 16 -243.12 1.5 -21.4 -242.458 1 -19.982 -242.458 2.233 -19.982 -243.12 1.958 -21.4
4 16 -253.31 1.888 -18.285 -256.76 1.864 -17.23 -256.76 1.5 -17.23 -243.12 1.5 -21.4
3 16 -247.358 1.93 -20.104 -243.12 1.5 -21.4 -246.813 1.938 -20.271
3 16 -243.12 1.5 -21.4 -243.12 1.958 -21.4 -246.813 1.938 -20.271
4 16 -243.12 1.5 -21.4 -247.358 1.93 -20.104 -252.714 1.902 -18.467 -253.31 1.888 -18.285
4 16 -268.705 1.907 -12.356 -273.99 1.916 -10.2 -273.99 1.5 -10.2 -256.76 1.5 -17.23
4 16 -256.76 1.5 -17.23 -256.76 1.864 -17.23 -262.123 1.916 -15.042 -267.981 1.925 -12.652
3 16 -256.76 1.5 -17.23 -267.981 1.925 -12.652 -268.705 1.907 -12.356
3 16 -273.99 1.5 -10.2 -273.99 1.916 -10.2 -274.446 1.913 -10.033
3 16 -273.99 1.5 -10.2 -274.446 1.913 -10.033 -286.2 1.5 -5.74
3 16 -282.046 1.764 -7.257 -286.2 1.729 -5.74 -286.2 1.5 -5.74
4 16 -286.2 1.5 -5.74 -275.505 1.876 -9.647 -280.502 1.826 -7.821 -282.046 1.764 -7.257
3 16 -291.11 1.58 -3.412 -286.2 1.5 -5.74 -286.741 1.732 -5.484
3 16 -286.2 1.5 -5.74 -286.2 1.729 -5.74 -286.741 1.732 -5.484
3 16 -297.4 1.5 -0.43 -286.2 1.5 -5.74 -291.11 1.58 -3.412
3 16 -296.032 1.548 -1.079 -297.4 1.547 -0.43 -297.4 1.5 -0.43
3 16 -291.11 1.58 -3.412 -295.1 1.574 -1.52 -296.032 1.548 -1.079
3 16 -297.4 1.5 -0.43 -291.11 1.58 -3.412 -296.032 1.548 -1.079
4 16 -298.12 1 0.43 -297.598 1 -0.193 -297.598 1.551 -0.193 -298.12 1.561 0.43
4 16 -298.12 1 1.15 -298.12 1 0.43 -298.12 1.561 0.43 -298.12 1.582 1.15
4 16 -297.592 1.67 1.884 -297.4 1.686 2.15 -297.4 1 2.15 -298.12 1 1.15
3 16 -298.12 1 1.15 -298.12 1.582 1.15 -297.592 1.67 1.884
4 16 -297.284 1.69 2.18 -295.273 1.94 2.703 -295.273 1 2.703 -297.4 1 2.15
3 16 -297.4 1 2.15 -297.4 1.686 2.15 -297.284 1.69 2.18
4 16 -286.712 2.978 4.929 -281.081 3.676 6.393 -281.081 -2.5 6.393 -295.273 0.5 2.703
4 16 -286.712 2.978 4.929 -295.273 0.5 2.703 -295.273 1.94 2.703 -287.311 2.928 4.773
4 16 -265.007 5.631 10.573 -262.917 5.89 11.116 -262.917 -2.5 11.116 -281.081 -2.5 6.393
3 16 -275.947 4.295 7.728 -281.081 -2.5 6.393 -276.618 4.23 7.553
3 16 -281.081 -2.5 6.393 -281.081 3.676 6.393 -276.618 4.23 7.553
3 16 -281.081 -2.5 6.393 -275.947 4.295 7.728 -265.778 5.554 10.372
3 16 -281.081 -2.5 6.393 -265.778 5.554 10.372 -265.007 5.631 10.573
4 16 -254.77 6.898 13.235 -253.75 7.003 13.5 -253.75 -4 13.5 -262.917 -4 11.116
3 16 -262.917 -4 11.116 -262.917 5.89 11.116 -254.77 6.898 13.235
4 16 -253.183 6.979 13.152 -247.43 6.828 9.62 -247.43 -4 9.62 -253.75 -4 13.5
3 16 -253.75 -4 13.5 -253.75 7.003 13.5 -253.183 6.979 13.152
4 16 -245.989 -4 8.805 -247.43 -4 9.62 -247.43 6.828 9.62 -245.989 6.801 8.805
4 16 -32.17 -2.5 -34.61 -41.36 -2.5 -35.04 -41.36 3.239 -35.04 -37.07 3.261 -34.839
3 16 -37.07 3.261 -34.839 -32.17 3.297 -34.61 -32.17 -2.5 -34.61
4 16 -41.36 -2.5 -35.04 -47.53 -2.5 -35.18 -47.53 3.213 -35.18 -46.39 3.216 -35.154
3 16 -46.39 3.216 -35.154 -41.36 3.239 -35.04 -41.36 -2.5 -35.04
4 16 -47.53 -2.5 -35.18 -47.53 0.5 -41.946 -47.53 2.462 -41.946 -47.53 3.213 -35.18
4 16 -47.53 1 -41.946 -47.53 1 -45.946 -47.53 2.011 -45.946 -47.53 2.462 -41.946
4 16 -47.53 1.75 -48.25 -47.53 2.011 -45.946 -47.53 1 -45.946 -47.53 1.5 -48.25
4 16 -47.53 1.5 -48.25 -43.8 1.5 -48.11 -43.8 1.777 -48.11 -47.53 1.75 -48.25
4 16 -43.8 1.777 -48.11 -43.8 1.5 -48.11 -37.62 1.5 -47.96 -41.751 1.784 -48.06
3 16 -37.62 1.5 -47.96 -37.62 1.807 -47.96 -41.751 1.784 -48.06
4 16 -37.62 1.5 -47.96 -33.17 1.5 -47.96 -33.17 1.819 -47.96 -37.62 1.807 -47.96
4 16 -32.244 1.965 -46.656 -33.17 1.819 -47.96 -33.17 1.5 -47.96 -32.244 1 -46.656
4 16 -29.459 2.404 -42.733 -32.244 1.965 -46.656 -32.244 1 -46.656 -29.459 1 -42.733
3 16 -24.785 3.13 -36.152 -28.049 2.626 -40.748 -29.459 0.5 -42.733
3 16 -28.049 2.626 -40.748 -29.459 2.404 -42.733 -29.459 0.5 -42.733
3 16 -29.459 0.5 -42.733 -23.69 -2.5 -34.61 -24.785 3.13 -36.152
3 16 -24.785 3.13 -36.152 -23.69 -2.5 -34.61 -23.69 3.302 -34.61
4 16 -23.69 -2.5 -34.61 -32.17 -2.5 -34.61 -32.17 3.297 -34.61 -23.69 3.302 -34.61
4 16 -97.22 -2.5 -34.03 -107.7 -2.5 -33.32 -107.7 3.28 -33.32 -107.198 3.276 -33.354
4 16 -107.198 3.276 -33.354 -103.846 3.279 -33.581 -97.894 3.231 -33.984 -97.22 -2.5 -34.03
3 16 -97.894 3.231 -33.984 -97.22 3.23 -34.03 -97.22 -2.5 -34.03
3 16 -116.89 3.373 -32.31 -113.518 3.357 -32.681 -107.7 -2.5 -33.32
3 16 -113.518 3.357 -32.681 -107.7 3.28 -33.32 -107.7 -2.5 -33.32
3 16 -107.7 -2.5 -33.32 -116.89 -2.5 -32.31 -116.89 3.373 -32.31
4 16 -116.89 -2.5 -32.31 -124.93 -2.5 -31.45 -124.93 3.465 -31.45 -123.559 3.462 -31.597
3 16 -123.559 3.462 -31.597 -116.89 3.373 -32.31 -116.89 -2.5 -32.31
3 16 -125.278 2.897 -35.749 -125.468 0.5 -38.102 -125.468 2.6 -38.102
4 16 -125.278 2.897 -35.749 -124.93 3.465 -31.45 -124.93 -2.5 -31.45 -125.468 0.5 -38.102
4 16 -125.468 1 -38.102 -125.789 1 -42.073 -125.789 2.081 -42.073 -125.677 2.273 -40.693
3 16 -125.677 2.273 -40.693 -125.468 2.6 -38.102 -125.468 1 -38.102
4 16 -125.94 1.821 -43.94 -125.789 2.081 -42.073 -125.789 1 -42.073 -125.94 1.5 -43.94
4 16 -121.446 1.8 -44.441 -125.94 1.5 -43.94 -116.89 1.5 -44.95 -116.89 1.785 -44.95
3 16 -122.559 1.815 -44.317 -125.94 1.821 -43.94 -125.94 1.5 -43.94
3 16 -121.454 1.8 -44.441 -122.559 1.815 -44.317 -125.94 1.5 -43.94
4 16 -116.89 1.5 -44.95 -108.28 1.5 -45.95 -108.28 1.735 -45.95 -112.787 1.759 -45.426
4 16 -113.735 1.773 -45.316 -116.89 1.785 -44.95 -116.89 1.5 -44.95 -112.787 1.759 -45.426
3 16 -97.51 1.745 -46.53 -102.753 1.742 -46.248 -97.51 1.5 -46.53
3 16 -102.753 1.742 -46.248 -105.577 1.735 -46.096 -97.51 1.5 -46.53
4 16 -106.242 1.739 -46.06 -108.28 1.735 -45.95 -108.28 1.5 -45.95 -97.51 1.5 -46.53
3 16 -105.577 1.735 -46.096 -106.242 1.739 -46.06 -97.51 1.5 -46.53
3 16 -98.423 1.745 -46.481 -99.261 1.75 -46.436 -102.753 1.742 -46.248
4 16 -90.071 1.757 -46.844 -97.51 1.745 -46.53 -97.51 1.5 -46.53 -87.31 1.5 -46.96
3 16 -87.31 1.5 -46.96 -87.31 1.756 -46.96 -88.901 1.754 -46.893
3 16 -88.901 1.754 -46.893 -90.071 1.757 -46.844 -87.31 1.5 -46.96
4 16 -87.16 2.07 -44.263 -87.31 1.756 -46.96 -87.31 1.5 -46.96 -87.16 1 -44.263
4 16 -87.16 1 -44.263 -86.937 1 -40.269 -86.937 2.535 -40.269 -87.16 2.07 -44.263
4 16 -86.59 3.261 -34.03 -86.937 2.535 -40.269 -86.937 0.5 -40.269 -86.59 -2.5 -34.03
4 16 -86.59 -2.5 -34.03 -97.22 -2.5 -34.03 -97.22 3.23 -34.03 -93.444 3.255 -34.03
3 16 -86.59 -2.5 -34.03 -93.444 3.255 -34.03 -87.554 3.255 -34.03
3 16 -87.554 3.255 -34.03 -86.59 3.261 -34.03 -86.59 -2.5 -34.03
4 16 -196.45 -2.5 -15.37 -199.535 0.5 -26.378 -199.535 3.102 -26.378 -198.483 3.792 -22.624
3 16 -198.483 3.792 -22.624 -196.927 4.841 -17.07 -196.45 -2.5 -15.37
3 16 -196.45 -2.5 -15.37 -196.927 4.841 -17.07 -196.45 5.162 -15.37
4 16 -199.535 1 -26.378 -200.596 1 -30.167 -200.596 2.4 -30.167 -199.535 3.102 -26.378
4 16 -201.48 1.815 -33.32 -200.596 2.4 -30.167 -200.596 1 -30.167 -201.48 1.5 -33.32
4 16 -201.48 1.5 -33.32 -190.56 1.5 -35.47 -190.56 1.82 -35.47 -197.139 1.823 -34.175
3 16 -197.139 1.823 -34.175 -201.48 1.815 -33.32 -201.48 1.5 -33.32
4 16 -190.56 1.5 -35.47 -175.91 1.5 -37.62 -175.91 1.903 -37.62 -182.386 1.891 -36.67
3 16 -182.386 1.891 -36.67 -189.278 1.834 -35.658 -190.56 1.5 -35.47
3 16 -189.966 1.825 -35.557 -190.56 1.82 -35.47 -190.56 1.5 -35.47
3 16 -189.963 1.825 -35.558 -190.56 1.5 -35.47 -189.278 1.834 -35.658
4 16 -169.911 1.928 -38.408 -175.91 1.903 -37.62 -175.91 1.5 -37.62 -166.01 1.5 -38.92
3 16 -166.01 1.5 -38.92 -166.01 1.931 -38.92 -169.911 1.928 -38.408
4 16 -165.694 2.336 -36.568 -166.01 1.931 -38.92 -166.01 1.5 -38.92 -165.694 1 -36.568
4 16 -165.694 1 -36.568 -165.168 1 -32.649 -165.168 2.987 -32.649 -165.358 2.776 -34.065
3 16 -165.616 2.44 -35.986 -165.694 2.336 -36.568 -165.694 1 -36.568
3 16 -165.694 1 -36.568 -165.358 2.776 -34.065 -165.436 2.671 -34.648
3 16 -165.616 2.44 -35.986 -165.694 1 -36.568 -165.436 2.671 -34.648
4 16 -165.168 0.5 -32.649 -164.14 -2.5 -24.99 -164.14 4.145 -24.99 -164.368 3.873 -26.686
3 16 -164.368 3.873 -26.686 -165.168 2.987 -32.649 -165.168 0.5 -32.649
3 16 -183.351 4.889 -19.111 -178.689 4.768 -20.555 -178.689 -0.851 -20.555
4 16 -187.55 -2.5 -17.81 -196.45 -2.5 -15.37 -196.45 5.162 -15.37 -195.591 5.15 -15.605
3 16 -195.591 5.15 -15.605 -190.71 5.065 -16.944 -187.55 -2.5 -17.81
3 16 -190.71 5.065 -16.944 -187.55 5.002 -17.81 -187.55 -2.5 -17.81
3 16 -165.243 4.175 -24.654 -164.14 4.145 -24.99 -164.14 -2.5 -24.99
4 16 -178.689 -1.039 -20.555 -178.689 -2.5 -20.555 -187.55 -2.5 -17.81 -187.55 5.002 -17.81
3 16 -187.55 5.002 -17.81 -184.145 4.913 -18.865 -178.689 -1.039 -20.555
4 16 -178.689 -0.851 -20.555 -178.689 -1.039 -20.555 -184.145 4.913 -18.865 -183.351 4.889 -19.111
4 16 -165.243 4.175 -24.654 -164.14 -2.5 -24.99 -167.865 -2.5 -23.856 -167.865 4.293 -23.856
1 16 0 0 0 1 0 0 0 1 0 0 0 1 p/connhole.dat
1 16 -20 0 0 1 0 0 0 1 0 0 0 1 p/connhole.dat
1 16 -20 0 -20 1 0 0 0 1 0 0 0 1 p/connhole.dat
1 16 -20 -10 -10 1 0 0 0 4 0 0 0 1 p/npeghole.dat
1 16 -20 10 -10 -1 0 0 0 -4 0 0 0 1 p/npeghole.dat
1 16 -10 -10 0 0 0 1 0 4 0 -1 0 0 p/npeghole.dat
1 16 -10 10 0 0 0 1 0 -4 0 1 0 0 p/npeghole.dat
1 16 0 -10 0 0 0 -9 0 1 0 9 0 0 p/1-8ndis.dat
1 16 -20 -10 0 0 0 9 0 1 0 9 0 0 p/1-8ndis.dat
1 16 0 -10 0 0 0 -9 0 1 0 -9 0 0 p/1-8ndis.dat
1 16 -20 -10 -20 -9 0 0 0 1 0 0 0 9 p/1-8ndis.dat
1 16 -20 -10 -20 9 0 0 0 1 0 0 0 9 p/1-8ndis.dat
1 16 -20 -10 0 -9 0 0 0 1 0 0 0 -9 p/1-8ndis.dat
4 16 -26.364 -10 -13.636 -26.364 -10 -6.364 -29 -10 -9 -29 -10 -11
4 16 -13.636 -10 6.364 -6.364 -10 6.364 -9 -10 9 -11 -10 9
4 16 -11 -10 -11 -11 -10 -9 -13.636 -10 -6.364 -13.636 -10 -13.636
4 16 -11 -10 -9 -9 -10 -9 -6.364 -10 -6.364 -13.636 -10 -6.364
1 16 0 10 0 0 0 -9 0 -1 0 9 0 0 p/1-8ndis.dat
1 16 -20 10 0 0 0 9 0 -1 0 9 0 0 p/1-8ndis.dat
1 16 0 10 0 0 0 -9 0 -1 0 -9 0 0 p/1-8ndis.dat
1 16 -20 10 -20 -9 0 0 0 -1 0 0 0 9 p/1-8ndis.dat
1 16 -20 10 -20 9 0 0 0 -1 0 0 0 9 p/1-8ndis.dat
1 16 -20 10 0 -9 0 0 0 -1 0 0 0 -9 p/1-8ndis.dat
4 16 -29 10 -11 -29 10 -9 -26.364 10 -6.364 -26.364 10 -13.636
4 16 -11 10 9 -9 10 9 -6.364 10 6.364 -13.636 10 6.364
4 16 -13.636 10 -13.636 -13.636 10 -6.364 -11 10 -9 -11 10 -11
4 16 -13.636 10 -6.364 -6.364 10 -6.364 -9 10 -9 -11 10 -9
1 16 10 0 0 0 20 0 -1 0 0 0 0 1 p/axle.dat
1 16 10 0 40 0 20 0 -1 0 0 0 0 1 p/axle.dat
1 16 10 0 0 0 1 0 9 0 0 0 0 9 p/4-4edge.dat
1 16 10 0 40 0 1 0 9 0 0 0 0 9 p/4-4edge.dat
4 16 10 -9 9 10 9 9 10 9 49 10 -9 49
4 16 10 -10 -9 10 10 -9 10 10 9 10 -10 9
1 16 0 -10 0 0 0 9 0 1 0 9 0 0 p/2-4ndis.dat
1 16 0 10 0 0 0 9 0 -1 0 -9 0 0 p/2-4ndis.dat
4 16 10 -10 -9 10 -10 9 9 -10 9 9 -10 -9
4 16 9 10 -9 9 10 9 10 10 9 10 10 -9
1 16 -20 -10 0 0 0 -9 0 -1 0 9 0 0 p/1-4edge.dat
1 16 -20 -10 -20 -9 0 0 0 -1 0 0 0 -9 p/2-4edge.dat
1 16 -20 -10 0 0 0 -9 0 20 0 9 0 0 p/1-4cyli.dat
1 16 -20 -10 -20 -9 0 0 0 20 0 0 0 -9 p/2-4cyli.dat
4 16 -11 -10 -20 -11 10 -20 -11 10 -9 -11 -10 -9
4 16 -29 -10 0 -29 10 0 -29 10 -20 -29 -10 -20
4 16 8 -10 9 8 10 9 -20 10 9 -20 -10 9
4 16 10 -10 9 10 -9 9 8 -9 9 8 -10 9
4 16 8 10 9 8 9 9 10 9 9 10 10 9
4 16 -11 -10 -9 -11 10 -9 10 10 -9 10 -10 -9
1 16 -20 10 0 0 0 -9 0 -1 0 9 0 0 p/1-4edge.dat
1 16 -20 10 -20 -9 0 0 0 -1 0 0 0 -9 p/2-4edge.dat
1 16 -20.82 -9 36.98 4 0 0 0 18 0 0 0 -4 p/4-4cyli.dat
4 16 10 9 49 3 9 49 3 -9 49 10 -9 49
4 16 3 9 49 -20.735 9 40.963 -20.735 -9 40.963 3 -9 49
4 16 8 -9 47 3 -9 47 3 9 47 8 9 47
4 16 3 -9 47 -18.075 -9 39.864 -18.075 9 39.864 3 9 47
4 16 -4.74 -9 9 -3.88 -9 11.34 -3.88 9 11.34 -4.74 9 9
4 16 -3.88 -9 11.34 -3.45 -9 14.07 -3.45 9 14.07 -3.88 9 11.34
4 16 -3.45 -9 14.07 -3.88 -9 15.94 -3.88 9 15.94 -3.45 9 14.07
4 16 -3.88 -9 15.94 -5.03 -9 18.52 -5.03 9 18.52 -3.88 9 15.94
4 16 -5.03 -9 18.52 -22.336 -9 33.281 -22.336 9 33.281 -5.03 9 18.52
4 16 -3.3 9 9 -2.3 9 11.49 -2.3 -9 11.49 -3.3 -9 9
4 16 -2.3 9 11.49 -1.72 9 13.93 -1.72 -9 13.93 -2.3 -9 11.49
4 16 -1.72 9 13.93 -2.01 9 16.23 -2.01 -9 16.23 -1.72 -9 13.93
4 16 -2.01 9 16.23 -3.73 9 19.39 -3.73 -9 19.39 -2.01 -9 16.23
4 16 -3.73 9 19.39 -19.093 9 33 -19.093 -9 33 -3.73 -9 19.39
4 16 -19.093 9 33 8 9 33 8 -9 33 -19.093 -9 33
4 16 8 9 35 -17.424 9 35 -17.424 -9 35 8 -9 35
4 16 8 -9 47 8 9 47 8 9 35 8 -9 35
4 16 8 -9 33 8 9 33 8 9 9 8 -9 9
1 16 -20.82 -5 36.98 12.5 0 0 0 10 0 0 0 12.5 p/4-4cylo.dat
4 16 -253.17 7.5 16.37 -264.587 6.054 13.175 -264.587 -6.054 13.175 -253.17 -7.5 16.37
4 16 -264.587 6.054 13.175 -276.005 4.609 9.98 -276.005 -4.609 9.98 -264.587 -6.054 13.175
4 16 -276.005 4.609 9.98 -287.423 3.163 6.785 -287.423 -3.163 6.785 -276.005 -4.609 9.98
4 16 -287.423 3.163 6.785 -298.84 1.718 3.59 -298.84 -1.718 3.59 -287.423 -3.163 6.785
4 16 -298.84 1.718 3.59 -299.7 1.609 2.87 -299.7 -1.609 2.87 -298.84 -1.718 3.59
4 16 -299.7 1.609 2.87 -300.27 1.537 1.58 -300.27 -1.537 1.58 -299.7 -1.609 2.87
4 16 -300.27 1.537 1.58 -300.56 1.5 0.86 -300.56 -1.5 0.86 -300.27 -1.537 1.58
4 16 -300.56 1.5 0.86 -300.27 1.5 0 -300.27 -1.5 0 -300.56 -1.5 0.86
4 16 -300.27 1.5 0 -299.7 1.5 -0.86 -299.7 -1.5 -0.86 -300.27 -1.5 0
4 16 -299.7 1.5 -0.86 -293.165 1.5 -4.165 -293.165 -1.5 -4.165 -299.7 -1.5 -0.86
4 16 -293.165 1.5 -4.165 -286.63 1.5 -7.47 -286.63 -1.5 -7.47 -293.165 -1.5 -4.165
4 16 -286.63 1.5 -7.47 -281.03 1.5 -9.91 -281.03 -1.5 -9.91 -286.63 -1.5 -7.47
4 16 -281.03 1.5 -9.91 -275.43 1.5 -12.35 -275.43 -1.5 -12.35 -281.03 -1.5 -9.91
4 16 -275.43 1.5 -12.35 -269.11 1.5 -14.865 -269.11 -1.5 -14.865 -275.43 -1.5 -12.35
4 16 -269.11 1.5 -14.865 -262.79 1.5 -17.38 -262.79 -1.5 -17.38 -269.11 -1.5 -14.865
4 16 -262.79 1.5 -17.38 -253.32 1.5 -20.68 -253.32 -1.5 -20.68 -262.79 -1.5 -17.38
4 16 -253.32 1.5 -20.68 -247.575 1.5 -22.62 -247.575 -1.5 -22.62 -253.32 -1.5 -20.68
4 16 -247.575 1.5 -22.62 -241.83 1.5 -24.56 -241.83 -1.5 -24.56 -247.575 -1.5 -22.62
4 16 -241.83 1.5 -24.56 -231.06 1.5 -28 -231.06 -1.5 -28 -241.83 -1.5 -24.56
4 16 -231.06 1.5 -28 -221.295 1.5 -30.515 -221.295 -1.5 -30.515 -231.06 -1.5 -28
4 16 -221.295 1.5 -30.515 -211.53 1.5 -33.03 -211.53 -1.5 -33.03 -221.295 -1.5 -30.515
4 16 -211.53 1.5 -33.03 -203.92 1.5 -34.61 -203.92 -1.5 -34.61 -211.53 -1.5 -33.03
4 16 -203.92 1.5 -34.61 -196.31 1.5 -36.19 -196.31 -1.5 -36.19 -203.92 -1.5 -34.61
4 16 -196.31 1.5 -36.19 -188.555 1.5 -37.695 -188.555 -1.5 -37.695 -196.31 -1.5 -36.19
4 16 -188.555 1.5 -37.695 -180.8 1.5 -39.2 -180.8 -1.5 -39.2 -188.555 -1.5 -37.695
4 16 -180.8 1.5 -39.2 -174.335 1.5 -40.205 -174.335 -1.5 -40.205 -180.8 -1.5 -39.2
4 16 -174.335 1.5 -40.205 -167.87 1.5 -41.21 -167.87 -1.5 -41.21 -174.335 -1.5 -40.205
4 16 -167.87 1.5 -41.21 -157.245 1.5 -42.65 -157.245 -1.5 -42.65 -167.87 -1.5 -41.21
4 16 -157.245 1.5 -42.65 -146.62 1.5 -44.09 -146.62 -1.5 -44.09 -157.245 -1.5 -42.65
4 16 -146.62 1.5 -44.09 -137.645 1.5 -45.095 -137.645 -1.5 -45.095 -146.62 -1.5 -44.09
4 16 -137.645 1.5 -45.095 -128.67 1.5 -46.1 -128.67 -1.5 -46.1 -137.645 -1.5 -45.095
4 16 -128.67 1.5 -46.1 -120.41 1.5 -46.815 -120.41 -1.5 -46.815 -128.67 -1.5 -46.1
4 16 -120.41 1.5 -46.815 -112.15 1.5 -47.53 -112.15 -1.5 -47.53 -120.41 -1.5 -46.815
4 16 -112.15 1.5 -47.53 -105.33 1.5 -48.035 -105.33 -1.5 -48.035 -112.15 -1.5 -47.53
4 16 -105.33 1.5 -48.035 -98.51 1.5 -48.54 -98.51 -1.5 -48.54 -105.33 -1.5 -48.035
4 16 -98.51 1.5 -48.54 -89.605 1.5 -49.04 -89.605 -1.5 -49.04 -98.51 -1.5 -48.54
4 16 -89.605 1.5 -49.04 -80.7 1.5 -49.54 -80.7 -1.5 -49.54 -89.605 -1.5 -49.04
4 16 -80.7 1.5 -49.54 -70.72 1.5 -49.83 -70.72 -1.5 -49.83 -80.7 -1.5 -49.54
4 16 -70.72 1.5 -49.83 -60.74 1.5 -50.12 -60.74 -1.5 -50.12 -70.72 -1.5 -49.83
4 16 -60.74 1.5 -50.12 -51.693 1.5 -50.36 -51.693 -1.5 -50.36 -60.74 -1.5 -50.12
4 16 -51.693 1.5 -50.36 -42.647 1.5 -50.6 -42.647 -1.5 -50.6 -51.693 -1.5 -50.36
4 16 -42.647 1.5 -50.6 -33.6 1.5 -50.84 -33.6 -1.5 -50.84 -42.647 -1.5 -50.6
4 16 -33.6 1.5 -50.84 -27.115 2.414 -42.68 -27.115 -2.414 -42.68 -33.6 -1.5 -50.84
4 16 -27.115 2.414 -42.68 -24.436 2.784 -39.309 -24.436 -2.784 -39.309 -27.115 -2.414 -42.68
4 16 -24.436 2.784 -39.309 -23.292 2.944 -37.869 -23.292 -2.944 -37.869 -24.436 -2.784 -39.309
4 16 -23.292 2.944 -37.869 -20.803 3.29 -34.738 -20.803 -3.29 -34.738 -23.292 -2.944 -37.869
4 16 -20.803 3.29 -34.738 -17.042 3.809 -30.004 -17.042 -3.809 -30.004 -20.803 -3.29 -34.738
4 16 -17.042 3.809 -30.004 -14.729 4.128 -27.094 -14.729 -4.128 -27.094 -17.042 -3.809 -30.004
4 16 -179.5 5 -19.1 -185.54 5.205 -16.95 -185.54 -5.205 -16.95 -179.5 -5 -19.1
4 16 -185.54 5.205 -16.95 -192.43 5.439 -14.5 -192.43 -5.439 -14.5 -185.54 -5.205 -16.95
4 16 -192.43 5.439 -14.5 -197.45 5.609 -12.64 -197.45 -5.609 -12.64 -192.43 -5.439 -14.5
4 16 -197.45 5.609 -12.64 -207.94 5.965 -8.33 -207.94 -5.965 -8.33 -197.45 -5.609 -12.64
4 16 -207.94 5.965 -8.33 -213.465 6.152 -5.745 -213.465 -6.152 -5.745 -207.94 -5.965 -8.33
4 16 -213.465 6.152 -5.745 -218.99 6.34 -3.16 -218.99 -6.34 -3.16 -213.465 -6.152 -5.745
4 16 -218.99 6.34 -3.16 -220.72 6.399 -2.3 -220.72 -6.399 -2.3 -218.99 -6.34 -3.16
4 16 -220.72 6.399 -2.3 -231.34 6.759 2.87 -231.34 -6.759 2.87 -220.72 -6.399 -2.3
4 16 -231.34 6.759 2.87 -238.02 6.986 6.82 -238.02 -6.986 6.82 -231.34 -6.759 2.87
4 16 -238.02 6.986 6.82 -244.7 7.213 10.77 -244.7 -7.213 10.77 -238.02 -6.986 6.82
4 16 -244.7 7.213 10.77 -253.17 7.5 16.37 -253.17 -7.5 16.37 -244.7 -7.213 10.77
4 16 -113.45 -5 -19.1 -130.1 -5 -19.1 -130.1 5 -19.1 -113.45 5 -19.1
4 16 -130.1 -5 -19.1 -130.1 -4.586 -22.462 -130.1 4.586 -22.462 -130.1 5 -19.1
4 16 -130.1 -4.586 -22.462 -130.1 -4.304 -24.615 -130.1 4.304 -24.615 -130.1 4.586 -22.462
4 16 -130.1 -4.304 -24.615 -130.1 -3.785 -28.72 -130.1 3.785 -28.72 -130.1 4.304 -24.615
4 16 -130.1 -3.785 -28.72 -128.238 -3.765 -28.881 -128.238 3.765 -28.881 -130.1 3.785 -28.72
4 16 -128.238 -3.765 -28.881 -125.323 -3.765 -29.133 -125.323 3.765 -29.133 -128.238 3.765 -28.881
4 16 -125.323 -3.765 -29.133 -121.78 -3.727 -29.44 -121.78 3.727 -29.44 -125.323 3.765 -29.133
4 16 -121.78 -3.727 -29.44 -117.471 -3.663 -29.957 -117.471 3.663 -29.957 -121.78 3.727 -29.44
4 16 -117.471 -3.663 -29.957 -114.799 -3.648 -30.278 -114.799 3.648 -30.278 -117.471 3.663 -29.957
4 16 -114.799 -3.648 -30.278 -113.45 -3.628 -30.44 -113.45 3.628 -30.44 -114.799 3.648 -30.278
4 16 -113.45 -3.628 -30.44 -113.45 -5 -19.1 -113.45 5 -19.1 -113.45 3.628 -30.44
4 16 -133.69 -3.839 -28.29 -133.69 -5 -19.1 -133.69 5 -19.1 -133.69 3.839 -28.29
4 16 -133.69 5 -19.1 -133.69 -5 -19.1 -166.979 -5 -19.1 -166.979 5 -19.1
4 16 -179.5 5 -19.1 -179.5 -5 -19.1 -178.471 -4.963 -19.352 -178.471 4.963 -19.352
4 16 -167.029 4.547 -22.151 -167.029 -4.547 -22.151 -166.313 -4.521 -22.326 -166.313 4.521 -22.326
4 16 -166.313 -4.521 -22.326 -166.01 -4.515 -22.4 -166.01 4.515 -22.4 -166.313 4.521 -22.326
4 16 -166.01 -4.515 -22.4 -164.705 -4.495 -22.704 -164.705 4.495 -22.704 -166.01 4.515 -22.4
4 16 -164.705 -4.495 -22.704 -155.52 -4.196 -24.84 -155.52 4.196 -24.84 -164.705 4.495 -22.704
4 16 -155.52 -4.196 -24.84 -153.728 -4.151 -25.161 -153.728 4.151 -25.161 -155.52 4.196 -24.84
4 16 -153.728 -4.151 -25.161 -151.433 -4.129 -25.572 -151.433 4.129 -25.572 -153.728 4.151 -25.161
4 16 -151.433 -4.129 -25.572 -143.46 -3.936 -27 -143.46 3.936 -27 -151.433 4.129 -25.572
4 16 -143.46 -3.936 -27 -142.205 -3.914 -27.166 -142.205 3.914 -27.166 -143.46 3.936 -27
4 16 -142.205 -3.914 -27.166 -136.69 -3.889 -27.894 -136.69 3.889 -27.894 -142.205 3.914 -27.166
4 16 -136.69 -3.889 -27.894 -133.69 -3.839 -28.29 -133.69 3.839 -28.29 -136.69 3.889 -27.894
4 16 -29 -5 -19.1 -48.68 -5 -19.1 -48.68 5 -19.1 -29 5 -19.1
4 16 -48.68 -5 -19.1 -48.68 -4.666 -22.129 -48.68 4.666 -22.129 -48.68 5 -19.1
4 16 -48.68 -4.666 -22.129 -48.68 -4.27 -25.674 -48.68 4.27 -25.674 -48.68 4.666 -22.129
4 16 -48.68 -4.27 -25.674 -48.68 -3.484 -32.74 -48.68 3.484 -32.74 -48.68 4.27 -25.674
4 16 -48.68 -3.484 -32.74 -46.965 -3.482 -32.761 -46.965 3.482 -32.761 -48.68 3.484 -32.74
4 16 -46.965 -3.482 -32.761 -43.07 -3.488 -32.81 -43.07 3.488 -32.81 -46.965 3.482 -32.761
4 16 -43.07 -3.488 -32.81 -36.62 -3.479 -32.89 -36.62 3.479 -32.89 -43.07 3.488 -32.81
4 16 -36.62 -3.479 -32.89 -36.384 -3.479 -32.893 -36.384 3.479 -32.893 -36.62 3.479 -32.89
4 16 -36.384 -3.479 -32.893 -31.823 -3.481 -32.949 -31.823 3.481 -32.949 -36.384 3.479 -32.893
4 16 -31.823 -3.481 -32.949 -26.38 -3.474 -33.015 -26.38 3.474 -33.015 -31.823 3.481 -32.949
4 16 -26.38 -3.474 -33.015 -25.163 -3.472 -33.03 -25.163 3.472 -33.03 -26.38 3.474 -33.015
4 16 -25.163 -3.472 -33.03 -25.13 -3.472 -33.03 -25.13 3.472 -33.03 -25.163 3.472 -33.03
4 16 -25.13 -3.472 -33.03 -23.721 -3.656 -31.386 -23.721 3.656 -31.386 -25.13 3.472 -33.03
4 16 -23.721 -3.656 -31.386 -23.401 -3.698 -31.012 -23.401 3.698 -31.012 -23.721 3.656 -31.386
4 16 -23.401 -3.698 -31.012 -21.432 -3.951 -28.715 -21.432 3.951 -28.715 -23.401 3.698 -31.012
4 16 -53.67 -3.492 -32.676 -51.84 -3.484 -32.74 -51.84 3.484 -32.74 -53.67 3.492 -32.676
4 16 -51.84 -3.484 -32.74 -51.84 -5 -19.1 -51.84 5 -19.1 -51.84 3.484 -32.74
4 16 -51.84 -5 -19.1 -69.36 -5 -19.1 -69.36 5 -19.1 -51.84 5 -19.1
4 16 -69.36 -5 -19.1 -69.36 -3.625 -31.062 -69.36 3.625 -31.062 -69.36 5 -19.1
4 16 -69.36 -3.625 -31.062 -69.36 -3.484 -32.31 -69.36 3.484 -32.31 -69.36 3.625 -31.062
4 16 -69.36 -3.484 -32.31 -65.775 -3.489 -32.365 -65.775 3.489 -32.365 -69.36 3.484 -32.31
4 16 -65.775 -3.489 -32.365 -60.17 -3.497 -32.45 -60.17 3.497 -32.45 -65.775 3.489 -32.365
4 16 -60.17 -3.497 -32.45 -57.579 -3.495 -32.54 -57.579 3.495 -32.54 -60.17 3.497 -32.45
4 16 -57.579 -3.495 -32.54 -53.67 -3.492 -32.676 -53.67 3.492 -32.676 -57.579 3.495 -32.54
4 16 -72.38 -5 -19.1 -89.61 -5 -19.1 -89.61 5 -19.1 -72.38 5 -19.1
4 16 -89.61 -5 -19.1 -89.61 -3.522 -31.74 -89.61 3.522 -31.74 -89.61 5 -19.1
4 16 -89.61 -3.522 -31.74 -87.251 -3.514 -31.812 -87.251 3.514 -31.812 -89.61 3.522 -31.74
4 16 -87.251 -3.514 -31.812 -83.486 -3.525 -31.927 -83.486 3.525 -31.927 -87.251 3.514 -31.812
4 16 -83.486 -3.525 -31.927 -80.42 -3.514 -32.02 -80.42 3.514 -32.02 -83.486 3.525 -31.927
4 16 -80.42 -3.514 -32.02 -72.38 -3.481 -32.31 -72.38 3.481 -32.31 -80.42 3.514 -32.02
4 16 -72.38 -3.481 -32.31 -72.38 -5 -19.1 -72.38 5 -19.1 -72.38 3.481 -32.31
4 16 -93.34 -5 -19.1 -109.86 -5 -19.1 -109.86 5 -19.1 -93.34 5 -19.1
4 16 -109.86 -5 -19.1 -109.86 -3.628 -30.44 -109.86 3.628 -30.44 -109.86 5 -19.1
4 16 -109.86 -3.628 -30.44 -107.554 -3.614 -30.557 -107.554 3.614 -30.557 -109.86 3.628 -30.44
4 16 -107.554 -3.614 -30.557 -104.876 -3.622 -30.693 -104.876 3.622 -30.693 -107.554 3.614 -30.557
4 16 -104.876 -3.622 -30.693 -101.38 -3.601 -30.87 -101.38 3.601 -30.87 -104.876 3.622 -30.693
4 16 -101.38 -3.601 -30.87 -97.773 -3.57 -31.13 -97.773 3.57 -31.13 -101.38 3.601 -30.87
4 16 -97.773 -3.57 -31.13 -94.118 -3.563 -31.394 -94.118 3.563 -31.394 -97.773 3.57 -31.13
4 16 -94.118 -3.563 -31.394 -93.34 -3.556 -31.45 -93.34 3.556 -31.45 -94.118 3.563 -31.394
4 16 -93.34 -3.556 -31.45 -93.34 -5 -19.1 -93.34 5 -19.1 -93.34 3.556 -31.45
4 16 -220.72 -3.379 -2.3 -207.22 -4.469 26.42 -207.22 4.469 26.42 -220.72 3.379 -2.3
4 16 -207.22 -4.469 26.42 -214.97 -3.843 36.04 -214.97 3.843 36.04 -207.22 4.469 26.42
4 16 -214.97 -3.843 36.04 -224.74 -3.054 28.43 -224.74 3.054 28.43 -214.97 3.843 36.04
4 16 -224.74 -3.054 28.43 -241.97 -1.664 37.05 -241.97 1.664 37.05 -224.74 3.054 28.43
4 16 -241.97 -1.664 37.05 -242.69 -1.606 38.2 -242.69 1.606 38.2 -241.97 1.664 37.05
4 16 -242.69 -1.606 38.2 -242.83 -1.594 39.49 -242.83 1.594 39.49 -242.69 1.606 38.2
4 16 -242.83 -1.594 39.49 -242.26 -1.64 40.78 -242.26 1.64 40.78 -242.83 1.594 39.49
4 16 -242.26 -1.64 40.78 -241.54 -1.699 41.64 -241.54 1.699 41.64 -242.26 1.64 40.78
4 16 -241.54 -1.699 41.64 -233.93 -2.313 44.37 -233.93 2.313 44.37 -241.54 1.699 41.64
4 16 -233.93 -2.313 44.37 -225.17 -3.02 46.67 -225.17 3.02 46.67 -233.93 2.313 44.37
4 16 -225.17 -3.02 46.67 -213.54 -3.958 48.68 -213.54 3.958 48.68 -225.17 3.02 46.67
4 16 -213.54 -3.958 48.68 -202.34 -4.862 49.69 -202.34 4.862 49.69 -213.54 3.958 48.68
4 16 -202.34 -4.862 49.69 -194.44 -5.5 49.83 -194.44 5.5 49.83 -202.34 4.862 49.69
4 16 -194.44 -5.5 49.83 -194.877 -5.464 -13.594 -194.877 5.464 -13.594 -194.44 5.5 49.83
0 BFC INVERTNEXT
1 16 -204.71 -1.5 4.38 2.3 0 0 0 3 0 0 0 2.3 p/4-4cyli.dat
0 BFC INVERTNEXT
1 16 -203.77 -1.5 39.63 2.3 0 0 0 3 0 0 0 2.3 p/4-4cyli.dat
0 BFC INVERTNEXT
1 16 -226.17 -1.5 38.99 2.3 0 0 0 3 0 0 0 2.3 p/4-4cyli.dat
1 16 -172.7 -7.5 -20.5 0 0 -6 0 15 0 6 0 0 p/4-4cylc.dat
0 BFC INVERTNEXT
1 16 -172.7 -2.5 -20.5 0 0 -3.5 0 10 0 3.5 0 0 p/4-4cylc.dat
1 16 -172.7 7.5 -20.5 0 0 -0.5 0 -1 0 0.5 0 0 p/4-4ring7.dat
1 16 -172.7 7.5 -20.5 0 0 -2 0 -1 0 2 0 0 p/4-4ring2.dat
1 16 -172.7 -8 -20.5 2.1048 0 5.0813 0 0.5 0 -5.0813 0 2.1048 p/3-8cyli.dat
1 16 -172.7 -8 -20.5 -2.1048 0 -5.0813 0 0.5 0 5.0813 0 -2.1048 p/3-8cyli.dat
1 16 -172.7 -7.5 -20.5 2.1048 0 5.0813 0 0.5 0 -5.0813 0 2.1048 p/3-8edge.dat
1 16 -172.7 -7.5 -20.5 -2.1048 0 -5.0813 0 0.5 0 5.0813 0 -2.1048 p/3-8edge.dat
1 16 -172.7 -8 -20.5 2.1048 0 5.0813 0 0.5 0 -5.0813 0 2.1048 p/3-8edge.dat
1 16 -172.7 -8 -20.5 -2.1048 0 -5.0813 0 0.5 0 5.0813 0 -2.1048 p/3-8edge.dat
1 16 -172.7 -8 -20.5 2.1048 0 5.0813 0 0.5 0 -5.0813 0 2.1048 p/3-8chrd.dat
1 16 -172.7 -8 -20.5 -2.1048 0 -5.0813 0 0.5 0 5.0813 0 -2.1048 p/3-8chrd.dat
4 16 -171.762 -7.5 -15.187 -171.762 -8 -15.187 -170.595 -8 -15.419 -170.595 -7.5 -15.419
4 16 -173.638 -8 -15.187 -173.638 -7.5 -15.187 -174.805 -7.5 -15.419 -174.805 -8 -15.419
4 16 -173.638 -7.5 -25.813 -173.638 -8 -25.813 -174.805 -8 -25.581 -174.805 -7.5 -25.581
4 16 -171.762 -8 -25.813 -171.762 -7.5 -25.813 -170.595 -7.5 -25.581 -170.595 -8 -25.581
3 16 -174.805 -8 -15.419 -173.7 -8 -25.5 -173.7 -8 -15.5
4 16 -173.7 -8 -24.5 -172.7 -8 -24.5 -172.7 -8 -16.5 -173.7 -8 -16.5
3 16 -173.7 -8 -15.5 -173.638 -8 -15.187 -174.805 -8 -15.419
3 16 -173.7 -8 -25.5 -174.805 -8 -15.419 -174.805 -8 -25.581
3 16 -174.805 -8 -25.581 -173.638 -8 -25.813 -173.7 -8 -25.5
3 16 -171.7 -8 -15.5 -170.595 -8 -25.581 -170.595 -8 -15.419
3 16 -170.595 -8 -25.581 -171.7 -8 -24.5 -171.7 -8 -25.5
3 16 -171.7 -8 -25.5 -171.762 -8 -25.813 -170.595 -8 -25.581
3 16 -170.595 -8 -15.419 -171.762 -8 -15.187 -171.7 -8 -15.5
3 16 -170.595 -8 -25.581 -171.7 -8 -15.5 -171.7 -8 -16.5
3 16 -171.7 -8 -16.5 -172.402 -8 -16.5 -170.595 -8 -25.581
3 16 -170.595 -8 -25.581 -172.402 -8 -16.5 -171.7 -8 -24.5
4 16 -172.7 -8 -24.5 -171.7 -8 -24.5 -172.402 -8 -16.5 -172.7 -8 -16.5
1 16 -172.7 -8 -25.5 -1 0 0 0 1 0 0 0 1 p/2-4ndis.dat
1 16 -172.7 -8 -15.5 -1 0 0 0 1 0 0 0 -1 p/2-4ndis.dat
0 BFC INVERTNEXT
1 16 -172.7 -8 -25.5 -1 0 0 0 0.5 0 0 0 1 p/2-4cyli.dat
0 BFC INVERTNEXT
1 16 -172.7 -8 -15.5 -1 0 0 0 0.5 0 0 0 -1 p/2-4cyli.dat
4 16 -173.7 -7.5 -15.5 -173.638 -7.5 -15.187 -173.638 -8 -15.187 -173.7 -8 -15.5
4 16 -171.7 -8 -15.5 -171.762 -8 -15.187 -171.762 -7.5 -15.187 -171.7 -7.5 -15.5
4 16 -173.7 -8 -25.5 -173.638 -8 -25.813 -173.638 -7.5 -25.813 -173.7 -7.5 -25.5
4 16 -171.7 -7.5 -25.5 -171.762 -7.5 -25.813 -171.762 -8 -25.813 -171.7 -8 -25.5
1 16 -172.7 -8 -25.5 -1 0 0 0 1 0 0 0 1 p/2-4edge.dat
1 16 -172.7 -8 -15.5 -1 0 0 0 1 0 0 0 -1 p/2-4edge.dat
1 16 -172.7 -7.5 -25.5 -1 0 0 0 1 0 0 0 1 p/2-4edge.dat
1 16 -172.7 -7.5 -15.5 -1 0 0 0 1 0 0 0 -1 p/2-4edge.dat
4 16 -167.961 5 -17 -167.961 -5 -17 -29 -5 -17 -29 5 -17
4 16 -18 -1 9 -18 -1 25.041 -18 1 25.041 -18 1 9
