0 BFC CERTIFY CCW
1 16 0 64 0 -40 0 0 0 -64 0 0 0 50 p/box3u4a.dat
1 16 0 0 10 0 0 -1 0 1 0 1 0 0 p/stug2-4x4.dat
1 16 0 0 -40 0 0 -1 0 1 0 1 0 0 p/stug2-4x1.dat
1 16 0 0 0 1 0 0 0 1 0 0 0 1 parts/s/54562s01.dat
1 16 0 0 0 -1 0 0 0 1 0 0 0 1 parts/s/54562s01.dat
1 16 40 73 30 0 -1 0 0 0 7 7 0 0 p/4-4ndis.dat
0 BFC INVERTNEXT
1 16 40 73 30 0 -4 0 0 0 7 7 0 0 p/4-4cylo.dat
4 16 40 64 -50 40 73 -49.5 40 66 23 40 0 -50
4 16 40 0 50 40 66 37 40 73 49.5 40 64 50
4 16 40 0 -50 40 66 23 40 66 37 40 0 50
4 16 40 73 -49.5 40 82 -48 40 80 23 40 66 23
4 16 40 66 37 40 80 37 40 82 48 40 73 49.5
4 16 40 80 23 40 82 -48 40 82 48 40 80 37
1 16 40 73 30 0 -20 0 10.6066 0 10.6066 10.6066 0 -10.6066 p/1-4chrd.dat
4 16 40 82 18.3198 40 83.6066 19.3934 40 83.6066 40.6066 40 82 41.6802
1 16 10 64 -70 0 0 -1 0 1 0 1 0 0 p/stug2-1x2.dat
1 16 -10 64 -70 0 0 -1 0 1 0 1 0 0 p/stug2-1x2.dat
1 16 10 64 60 0 0 -1 0 1 0 1 0 0 p/stud2.dat
1 16 -10 64 60 0 0 -1 0 1 0 1 0 0 p/stud2.dat
1 16 0 86 8 0 0 16 2 0 0 0 1 0 p/rect.dat
4 16 -16 84 8 16 84 8 2 84 -50 -2 84 -50
0 BFC INVERTNEXT
1 16 0 88 30 -4 0 0 0 -6 0 0 0 -18 p/box5.dat
4 16 16 88 8 -16 88 8 -16 88 12 16 88 12
4 16 16 88 52 16 88 48 -16 88 48 -16 88 52
1 16 -4 73 30 0 8 0 10.6066 0 10.6066 10.6066 0 -10.6066 p/1-4cylo.dat
1 16 0 82.8033 41.1434 -4 0 0 0 0 -0.8033 0 -1 0.5368 p/rect3.dat
1 16 0 82.8033 18.8566 4 0 0 0 0 -0.8033 0 1 -0.5368 p/rect3.dat
1 16 0 74 -50 0 0 2 10 0 0 0 1 0 p/rect1.dat
1 16 0 74 50 2 0 0 0 0 10 0 -1 0 p/rect3.dat
1 16 0 84 51 2 0 0 0 1 0 0 0 1 p/rect3.dat
1 16 0 86 52 0 0 -2 2 0 0 0 -1 0 p/rect1.dat
1 16 0 84 -50 0 0 1 0 -1 0 -1 0 0 p/stud21a.dat
1 16 0 84 -70 0 0 1 0 -1 0 -1 0 0 p/stud22a.dat
1 16 0 84 -30 0 0 1 0 -1 0 -1 0 0 p/stud4.dat
1 16 0 84 -10 0 0 1 0 -1 0 -1 0 0 p/stud4.dat
1 16 -40 73 30 0 1 0 4.5922 0 11.0866 11.0866 0 -4.5922 p/3-8edge.dat
1 16 -40 73 30 0 1 0 2.12132 0 2.12132 2.12132 0 -2.12132 p/1-4ring4.dat
4 16 -40 81.4856 38.4855 -40 77.5922 41.0866 -40 82 41.6802 -40 83.6066 40.6066
4 16 -40 83.6066 19.3934 -40 82 18.3198 -40 77.5922 18.9134 -40 81.4856 21.5145
4 16 -40 77.6 45.5 -40 82 48 -40 82 41.6802 -40 77.5922 41.0866
4 16 -40 73 49.5 -40 82 48 -40 77.6 45.5 -40 73 46.5
4 16 -40 64 50 -40 73 49.5 -40 73 46.5 -40 64 47
4 16 -40 0 50 -40 64 50 -40 64 47 -40 3 47
4 16 -40 77.5922 18.9134 -40 82 18.3198 -40 82 -48 -40 77.6 -45.5
4 16 -40 73 -46.5 -40 77.6 -45.5 -40 82 -48 -40 73 -49.5
4 16 -40 64 -47 -40 73 -46.5 -40 73 -49.5 -40 64 -50
4 16 -40 3 -47 -40 64 -47 -40 64 -50 -40 0 -50
4 16 -40 0 50 -40 3 47 -40 3 -47 -40 0 -50
0 BFC INVERTNEXT
1 16 -40 73 30 0 4 0 0 0 7 7 0 0 p/4-4cylo.dat
1 16 -40 73 30 0 1 0 0 0 3.5 3.5 0 0 p/4-4ring2.dat
1 16 -40 73 30 0 1 0 0 0 1.5 1.5 0 0 p/4-4ring7.dat
1 16 -40 73 30 0 1 0 0 0 -12 12 0 0 p/2-4ndis.dat
4 16 -40 3 -47 -40 61 18 -40 73 -46.5 -40 64 -47
4 16 -40 61 18 -40 73 18 -40 77.6 -45.5 -40 73 -46.5
3 16 -40 77.5922 18.9135 -40 77.6 -45.5 -40 73 18
4 16 -40 3 47 -40 61 42 -40 61 18 -40 3 -47
4 16 -40 64 47 -40 73 46.5 -40 61 42 -40 3 47
4 16 -40 73 46.5 -40 77.6 45.5 -40 73 42 -40 61 42
3 16 -40 73 42 -40 77.6 45.5 -40 77.5922 41.0866
