0 BFC CERTIFY CCW
1 16 0 0 0 1 0 0 0 1 0 0 0 1 parts/s/54568s01.dat
1 16 0 0 0 -1 0 0 0 1 0 0 0 -1 parts/s/54568s01.dat
1 16 0 5 0 2 0 0 0 -5 0 0 0 2 p/4-4cylc.dat
1 16 0 0 0 4 0 0 0 -1 0 0 0 4 p/4-4disc.dat
1 16 0 0 0 4 0 0 0 -1 0 0 0 4 p/4-4edge.dat
1 16 0 -6.75 0 2 0 0 0 1 0 0 0 2 p/4-4disc.dat
1 16 0 -6.75 0 2 0 0 0 -1 0 0 0 2 p/4-4edge.dat
1 16 0 -7.5 0 4 0 0 0 -1 0 0 0 4 p/4-4edge.dat
1 16 0 -7.5 0 2.66666 0 0 0 -1 0 0 0 2.66666 p/4-4edge.dat
1 16 0 -7.5 0 1.33333 0 0 0 1 0 0 0 1.33333 p/4-4ring2.dat
0 BFC INVERTNEXT
1 16 0 -7.5 0 .66666 0 0 0 .75 0 0 0 .66666 p/4-4con3.dat
1 16 0 -1.875 0 .2 0 0 0 1.875 0 0 0 .2 p/4-4con20.dat
1 16 0 -5.625 0 .2 0 0 0 -1.875 0 0 0 .2 p/4-4con20.dat
1 16 0 -3.75 0 .2 0 0 0 1.875 0 0 0 .2 p/4-4con21.dat
1 16 0 -3.75 0 .2 0 0 0 -1.875 0 0 0 .2 p/4-4con21.dat
