0 BFC CERTIFY CCW
1 16 -10 0 -210 0 0 -1 -1 0 0 0 16 0 p/npeghol2.dat
4 16 20 6 -192 20 9 -192 -20 9 -192 -20 6 -192
4 16 14 -6 -192 14 6 -192 6 6 -192 6 -6 -192
4 16 -6 -6 -192 -6 6 -192 -14 6 -192 -14 -6 -192
0 BFC INVERTNEXT
1 16 0 0 -192 0 0 -6 6 0 0 0 -16 0 p/4-4cyli.dat
1 16 0 0 -210 0 0 -1 -1 0 0 0 1 0 p/peghole.dat
1 16 0 0 -210 0 0 -1 -1 0 0 0 1 0 p/4-4ring8.dat
1 16 10 0 -210 0 0 -1 -1 0 0 0 16 0 p/npeghol2.dat
0 BFC INVERTNEXT
1 16 20 0 -192 0 0 -6 6 0 0 0 -16 0 p/4-4cyli.dat
1 16 20 0 -192 0 0 -6 6 0 0 0 -16 0 p/4-4edge.dat
1 16 0 0 -192 0 0 -6 6 0 0 0 -16 0 p/4-4edge.dat
1 16 -20 0 -192 0 0 -6 6 0 0 0 -16 0 p/4-4edge.dat
1 16 -20 0 -192 0 0 6 -6 0 0 0 -16 0 p/2-4ndis.dat
1 16 0 0 -192 0 0 -6 6 0 0 0 -16 0 p/2-4ndis.dat
1 16 0 0 -192 0 0 6 -6 0 0 0 -16 0 p/2-4ndis.dat
1 16 20 0 -192 0 0 -6 6 0 0 0 -16 0 p/2-4ndis.dat
1 16 20 0 -192 0 0 3 -3 0 0 0 -1 0 p/2-4ring2.dat
1 16 -20 0 -192 0 0 -3 3 0 0 0 -1 0 p/2-4ring2.dat
1 16 20 0 -210 0 0 -1 -1 0 0 0 1 0 p/peghole.dat
1 16 20 0 -210 0 0 -1 -1 0 0 0 1 0 p/4-4ring8.dat
1 16 -20 0 -210 0 0 -1 -1 0 0 0 1 0 p/peghole.dat
0 BFC INVERTNEXT
1 16 -20 0 -192 0 0 -6 6 0 0 0 -16 0 p/4-4cyli.dat
1 16 -20 0 -210 0 0 -1 -1 0 0 0 1 0 p/4-4ring8.dat
1 16 -20 0 -192 0 0 -9 9 0 0 0 -18 0 p/2-4cyli.dat
1 16 -20 0 -192 0 0 -9 9 0 0 0 -1 0 p/2-4edge.dat
1 16 -20 0 -210 0 0 -9 -9 0 0 0 1 0 p/2-4edge.dat
1 16 20 0 -192 0 0 9 -9 0 0 0 -18 0 p/2-4cyli.dat
1 16 20 0 -192 0 0 9 -9 0 0 0 -1 0 p/2-4edge.dat
1 16 20 0 -210 0 0 9 9 0 0 0 1 0 p/2-4edge.dat
1 16 0 9 -201 20 0 0 0 -1 0 0 0 -9 p/rect2p.dat
1 16 0 -9 -201 0 0 20 0 1 0 -9 0 0 p/rect1.dat
1 16 0 -8.5 -192 0 0 20 0.5 0 0 0 61 0 p/box5-4a.dat
1 16 0 -7 -192 0 0 -20 -1 0 0 0 -1 0 p/rect1.dat
