0 BFC CERTIFY CCW
1 16 0 14.4769 -21.2593 8 0 0 0 -3.90475 1.73547 0 .86773 7.80949 p/4-4cylc.dat
1 16 0 10.2671 -20.3238 .4 0 0 0 .30506 .08677 0 -.06779 .39047 p/4-4con20.dat
1 16 0 10.0841 -20.2831 .24 0 0 0 .18303 .05206 0 -.04068 .23428 p/4-4con35.dat
1 16 0 8.6198 -19.9577 -.864 0 0 0 1.46428 .18743 0 -.3254 .84342 p/4-4con10.dat
1 16 0 8.6198 -19.9577 9.504 0 0 0 1 2.06174 0 0 9.27767 p/4-4edge.dat
1 16 0 8.6198 -19.9577 -3.168 0 0 0 -15.61898 .68725 0 3.47094 3.09256 p/4-4con2.dat
1 16 0 -6.9992 -16.4868 6.336 0 0 0 1 1.37449 0 0 6.18512 p/4-4edge.dat
1 16 0 -6.9992 -16.4868 0 0 -8 -1.73547 -1 0 -7.80949 0 0 p/3-8chrd.dat
1 16 0 -6.9992 -16.4868 0 0 8 -1.73547 -1 0 -7.80949 0 0 p/3-8chrd.dat
1 16 0 -6.9992 -16.4868 0 0 -8 -1.73547 1 0 -7.80949 0 0 p/3-8edge.dat
1 16 0 -6.9992 -16.4868 0 0 8 -1.73547 1 0 -7.80949 0 0 p/3-8edge.dat
1 16 0 -6.9992 -16.4868 0 0 -8 -1.73547 -3.90475 0 -7.80949 .86773 0 p/3-8cyli.dat
1 16 0 -6.9992 -16.4868 0 0 8 -1.73547 -3.90475 0 -7.80949 .86773 0 p/3-8cyli.dat
1 16 0 -10.9039 -15.619 -8 0 0 0 1 1.73547 0 0 7.80949 p/1-8edge.dat
1 16 0 -10.9039 -15.619 8 0 0 0 1 1.73547 0 0 7.80949 p/1-8edge.dat
1 16 0 -10.9039 -15.619 -8 0 0 0 1 -1.73547 0 0 -7.80949 p/3-16edge.dat
1 16 0 -10.9039 -15.619 8 0 0 0 1 -1.73547 0 0 -7.80949 p/3-16edge.dat
1 16 0 -10.9039 -15.619 -8 0 0 0 1 1.73547 0 0 7.80949 p/1-8chrd.dat
1 16 0 -10.9039 -15.619 8 0 0 0 1 1.73547 0 0 7.80949 p/1-8chrd.dat
1 16 0 11.0061 -.0001 4 0 0 0 -1 .86773 0 0 3.90475 p/4-4disc.dat
1 16 0 11.0061 -.0001 4 0 0 0 -1 .86773 0 0 3.90475 p/4-4edge.dat
1 16 0 11.0061 -.0001 4 0 0 0 -14.34151 .86773 0 .00006 3.90475 p/4-4cyli.dat
1 16 0 -3.3354 0 -4 0 0 0 -1 -.86773 0 0 -3.90475 p/2-4ndis.dat
1 16 0 -3.3354 0 -4 0 0 0 -1 -.86773 0 0 -3.90475 p/2-4edge.dat
1 16 0 -3.3354 0 4 0 0 0 -4.09758 .86773 0 0 3.90475 p/2-4cyli.dat
1 16 0 -7.433 0 4 0 0 0 1 .86773 0 0 3.90475 p/2-4chrd.dat
1 16 0 -7.433 0 4 0 0 0 1 .86773 0 0 3.90475 p/2-4edge.dat
1 16 0 -8.4348 -4.508 0 0 -4 1.00179 1 0 4.50798 0 0 p/rect2p.dat
1 16 0 -10.9039 -15.619 2 0 0 0 -1.09821 -.43387 0 .24405 -1.95237 p/2-4con3.dat
1 16 0 -12.0022 -15.375 3 0 0 0 -1.09821 -.6508 0 .24405 -2.92856 p/2-4con1.dat
1 16 0 -13.1004 -15.1309 3 0 0 0 -.24405 -.6508 0 .05423 -2.92856 p/2-4con0.dat
0 BFC INVERTNEXT
1 16 0 -11.0019 -7.2883 3.5 0 0 0 -1.33921 -1.03044 0 2.48868 -4.63689 p/box2-5.dat
1 16 0 -12.4088 .0813 0 0 3.5 1.09821 -1 0 -.24405 0 0 p/rect2p.dat
1 16 0 -13.1158 -7.2982 3.5 0 0 0 -1.47588 -1.08467 0 2.74263 -4.88093 p/box2-5.dat
1 16 0 -19.5973 -34.054 1.75 0 0 0 7.94204 1.46415 0 12.13153 -.95852 p/4-4cyli.dat
1 16 0 -19.5973 -34.054 0 0 1.75 1.46415 -.17489 0 -.95852 -.26714 0 p/4-4cyls.dat
1 16 0 -19.8415 -34.6329 0 0 1.75 1.70833 .06927 0 -.37963 .3117 0 p/4-4cylse.dat
1 16 0 -19.8415 -34.6329 1.75 0 0 0 -.86773 1.70833 0 -3.90475 -.37963 p/4-4cyli.dat
1 16 0 -20.7093 -38.5377 1.75 0 0 0 1 -1.70833 0 0 .37963 p/4-4edge.dat
1 16 0 -20.7093 -38.5377 3 0 0 0 1 -2.92856 0 0 .6508 p/4-4edge.dat
1 16 0 -20.7093 -38.5377 3 0 0 0 -.54233 2.92856 0 -2.44047 -.6508 p/4-4cylc3.dat
1 16 0 -21.2516 -40.9782 3 0 0 0 -.6508 2.92856 0 -2.92856 -.6508 p/4-8sphe.dat
4 16 3.5 -12.7246 -14.9217 3.5 -10.6931 -14.4139 3.5 -13.3715 -9.4365 3.5 -15.6764 -9.4365
4 16 3.5 -11.3106 -.1627 3.5 -13.5071 .3254 3.5 -15.6764 -9.4365 3.5 -13.3715 -9.4365
4 16 -3.5 -10.6931 -14.4139 -3.5 -12.7246 -14.9217 -3.5 -15.6764 -9.4365 -3.5 -13.3715 -9.4365
4 16 -3.5 -13.5071 .3254 -3.5 -11.3106 -.1627 -3.5 -13.3715 -9.4365 -3.5 -15.6764 -9.4365
4 16 -7.7514 -10.6328 -14.3988 -3.5 -10.6931 -14.4139 3.5 -10.6931 -14.4139 7.7514 -10.6328 -14.3988
3 16 -3.5 -10.6931 -14.4139 -7.7514 -10.6328 -14.3988 -5.8633 -11.853 -14.7038
3 16 3.5 -10.6931 -14.4139 5.8633 -11.853 -14.7038 7.7514 -10.6328 -14.3988
4 16 -8 -10.9039 -15.619 8 -10.9039 -15.619 5.6568 -9.6768 -10.0969 -5.6568 -9.6768 -10.0969
4 16 -5.6568 -9.6768 -10.0969 5.6568 -9.6768 -10.0969 4 -9.4366 -9.016 -4 -9.4366 -9.016
4 16 5.6568 -9.6768 -10.0969 5.6568 -5.772 -10.9647 4 -5.5318 -9.8837 4 -9.4366 -9.016
4 16 -5.6568 -9.6768 -10.0969 -4 -9.4366 -9.016 -4 -5.5318 -9.8837 -5.6568 -5.772 -10.9647
3 16 4 -7.433 0 4 -4.2032 -3.9048 4 -3.3354 0
3 16 -4 -7.433 0 -4 -3.3354 0 -4 -4.2032 -3.9048
4 16 4 -9.4366 -9.016 4 -5.5318 -9.8837 4 -4.2032 -3.9048 4 -7.433 0
4 16 -4 -5.5318 -9.8837 -4 -9.4366 -9.016 -4 -7.433 0 -4 -4.2032 -3.9048
3 16 -5.6568 -5.772 -10.9647 5.6568 -5.772 -10.9647 0 -8.7347 -24.2962
4 16 5.6568 -5.772 -10.9647 -5.6568 -5.772 -10.9647 -4 -5.5318 -9.8837 4 -5.5318 -9.8837
3 16 -4 -5.5318 -9.8837 0 -4.2032 -3.9048 4 -5.5318 -9.8837
3 16 -4 -5.5318 -9.8837 -4 -4.2032 -3.9048 0 -4.2032 -3.9048
3 16 4 -5.5318 -9.8837 0 -4.2032 -3.9048 4 -4.2032 -3.9048
3 16 -3.5 -10.6931 -14.4139 -5.8633 -11.853 -14.7038 -3.5 -12.7246 -14.9217
3 16 -5.8633 -11.853 -14.7038 -2.9751 -13.0732 -15.0089 -3.5 -12.7246 -14.9217
3 16 -3.5 -12.7246 -14.9217 -2.9751 -13.0732 -15.0089 0 -13.3444 -15.0767
3 16 -3.5 -12.7246 -14.9217 0 -13.3444 -15.0767 3.5 -12.7246 -14.9217
3 16 3.5 -12.7246 -14.9217 0 -13.3444 -15.0767 2.9751 -13.0732 -15.0089
3 16 3.5 -12.7246 -14.9217 2.9751 -13.0732 -15.0089 5.8633 -11.853 -14.7038
3 16 3.5 -10.6931 -14.4139 3.5 -12.7246 -14.9217 5.8633 -11.853 -14.7038
3 16 0 -13.3444 -15.0767 3 -13.1004 -15.1309 2.9751 -13.0732 -15.0089
3 16 0 -13.3444 -15.0767 -2.9751 -13.0732 -15.0089 -3 -13.1004 -15.1309
4 16 3 -13.1004 -15.1309 6 -12.0022 -15.375 5.8633 -11.853 -14.7038 2.9751 -13.0732 -15.0089
4 16 -2.9751 -13.0732 -15.0089 -5.8633 -11.853 -14.7038 -6 -12.0022 -15.375 -3 -13.1004 -15.1309
4 16 6 -12.0022 -15.375 8 -10.9039 -15.619 7.7514 -10.6328 -14.3988 5.8633 -11.853 -14.7038
4 16 -5.8633 -11.853 -14.7038 -7.7514 -10.6328 -14.3988 -8 -10.9039 -15.619 -6 -12.0022 -15.375
