0 BFC CERTIFY CCW
1 16 0 0 0 7 0 0 0 1 0 0 0 7 4-4edge.dat
1 16 0 0 0 1 0 0 0 10 0 0 0 1 axlehole.dat
1 16 0 0 0 1 0 0 0 1 0 0 0 1 axlehol2.dat
1 16 0 10 0 1 0 0 0 1 0 0 0 1 axlehol2.dat
1 16 0 10 0 1 0 0 0 1 0 0 0 1 axl5end.dat
1 16 0 0 0 1 0 0 0 1 0 0 0 1 4-4ring6.dat
1 16 0 10 0 13.125 0 0 0 12 0 0 0 13.125 4-4cyli.dat
1 16 0 4 0 -3.5 0 0 0 -4 0 0 0 3.5 4-4con2.dat
1 16 0 10 0 -2.625 0 0 0 -6 0 0 0 -2.625 4-4con4.dat
3 16 7 0 0 23 14 -1.75 23 14 1.75
3 16 23 14 1.75 6.65 0 1.75 7 0 0
3 16 7 0 0 6.65 0 -1.75 23 14 -1.75
4 16 6.65 0 1.75 23 14 1.75 23 22 1.75 12.77 22 1.75
4 16 23 22 -1.75 23 14 -1.75 6.65 0 -1.75 12.77 22 -1.75
3 16 -1.75 14 -24 1.75 14 -24 0 0 -7
3 16 0 0 -7 -1.75 0 -6.65 -1.75 14 -24
3 16 1.75 0 -6.65 0 0 -7 1.75 14 -24
4 16 1.75 0 -6.65 1.75 14 -24 1.75 22 -24 1.75 22 -12.77
4 16 -1.75 22 -24 -1.75 14 -24 -1.75 0 -6.65 -1.75 22 -12.77
3 16 -7 0 0 -23 14 1.75 -23 14 -1.75
3 16 -23 14 -1.75 -6.65 0 -1.75 -7 0 0
3 16 -7 0 0 -6.65 0 1.75 -23 14 1.75
4 16 -6.65 0 -1.75 -23 14 -1.75 -23 22 -1.75 -12.77 22 -1.75
4 16 -23 22 1.75 -23 14 1.75 -6.65 0 1.75 -12.77 22 1.75
3 16 1.75 14 22 -1.75 14 22 0 0 7
3 16 0 0 7 1.75 0 6.65 1.75 14 22
3 16 -1.75 0 6.65 0 0 7 -1.75 14 22
4 16 -1.75 0 6.65 -1.75 14 22 -1.75 22 22 -1.75 22 12.77
4 16 1.75 22 22 1.75 14 22 1.75 0 6.65 1.75 22 12.77
1 16 0 22 0 13.125 0 0 0 -1 0 0 0 13.125 4-4disc.dat
1 16 0 22 0 12.12592 0 -5.02272 0 -1 0 5.02272 0 12.12592 1-8edge.dat
1 16 0 22 0 -5.02272 0 -12.12592 0 -1 0 12.12592 0 -5.02272 1-8edge.dat
1 16 0 22 0 -12.12592 0 5.02272 0 -1 0 -5.02272 0 -12.12592 1-8edge.dat
1 16 0 22 0 5.02272 0 12.12592 0 -1 0 -12.12592 0 5.02272 1-8edge.dat
1 16 0 18 -18.385 1.75 0 0 0 0 4 0 -5.615 0 box2-7.dat
1 16 0 18 17.385 1.75 0 0 0 0 4 0 4.615 0 box2-7.dat
1 16 -17.885 18 0 0 -5.115 0 0 0 4 1.75 0 0 box2-7.dat
1 16 17.885 18 0 0 5.115 0 0 0 4 -1.75 0 0 box2-7.dat
