0 BFC CERTIFY CCW
1 16 55 14 -39 10 0 0 0 0 -10 0 78 0 p/1-4edge.dat
1 16 -55 14 -39 0 0 -10 -10 0 0 0 78 0 p/1-4edge.dat
1 16 55 14 -7 10 0 0 0 0 -10 0 78 0 p/1-4edge.dat
1 16 -55 14 -7 0 0 -10 -10 0 0 0 78 0 p/1-4edge.dat
1 16 16 14 -7 10 0 0 0 0 -10 0 78 0 p/1-4edge.dat
1 16 -16 14 -7 0 0 -10 -10 0 0 0 78 0 p/1-4edge.dat
1 16 16 14 39 10 0 0 0 0 -10 0 78 0 p/1-4edge.dat
1 16 -16 14 39 0 0 -10 -10 0 0 0 78 0 p/1-4edge.dat
0 BFC INVERTNEXT
1 16 63.5 22 -20.5 0 0 -1.5 0 1 0 13.5 0 0 p/box2-5.dat
1 16 63 23 -20.5 0 0 -2 0 2 0 13.5 0 0 p/box2-5.dat
1 16 61.5 21 -20.5 0.5 0 0 0 1 0 0 0 13.5 p/rect2p.dat
4 16 65 25 -34 65 23 -34 62 23 -34 61 25 -34
4 16 62 23 -34 62 21 -34 61 21 -34 61 25 -34
0 BFC INVERTNEXT
1 16 -63.5 22 -20.5 0 0 1.5 0 1 0 13.5 0 0 p/box2-5.dat
1 16 -63 23 -20.5 0 0 2 0 2 0 13.5 0 0 p/box2-5.dat
1 16 -61.5 21 -20.5 -0.5 0 0 0 1 0 0 0 13.5 p/rect2p.dat
4 16 -61 25 -34 -62 23 -34 -65 23 -34 -65 25 -34
4 16 -61 25 -34 -61 21 -34 -62 21 -34 -62 23 -34
1 16 55 14 -39 14 0 0 0 0 -14 0 1 0 p/1-4edge.dat
1 16 -55 14 -39 0 0 -14 -14 0 0 0 78 0 p/1-4edge.dat
1 16 55 14 -3 14 0 0 0 0 -14 0 1 0 p/1-4edge.dat
1 16 -55 14 -3 0 0 -14 -14 0 0 0 1 0 p/1-4edge.dat
1 16 16 14 -3 14 0 0 0 0 -14 0 1 0 p/1-4edge.dat
1 16 -16 14 -3 0 0 -14 -14 0 0 0 1 0 p/1-4edge.dat
1 16 16 14 39 14 0 0 0 0 -14 0 1 0 p/1-4edge.dat
1 16 -16 14 39 0 0 -14 -14 0 0 0 1 0 p/1-4edge.dat
0 BFC INVERTNEXT
1 16 24.5 31 2.5 0 0 -1.5 0 -1 0 -8.5 0 0 p/box2-7.dat
1 16 24 30 2.5 0 0 -2 0 -2 0 -8.5 0 0 p/box2-7.dat
1 16 22.5 32 2.5 0 0 -0.5 0 -1 0 -8.5 0 0 p/rect.dat
4 16 22 28 -6 23 30 -6 26 30 -6 26 28 -6
4 16 22 28 -6 22 32 -6 23 32 -6 23 30 -6
4 16 26 28 11 26 30 11 23 30 11 22 28 11
4 16 23 30 11 23 32 11 22 32 11 22 28 11
1 16 43 27 -7 -5 0 0 0 0 -1 0 -9 0 p/box5.dat
0 BFC INVERTNEXT
1 16 -24.5 31 2.5 0 0 1.5 0 -1 0 -8.5 0 0 p/box2-7.dat
1 16 -24 30 2.5 0 0 2 0 -2 0 -8.5 0 0 p/box2-7.dat
1 16 -22.5 32 2.5 0 0 0.5 0 -1 0 -8.5 0 0 p/rect.dat
4 16 -26 28 -6 -26 30 -6 -23 30 -6 -22 28 -6
4 16 -23 30 -6 -23 32 -6 -22 32 -6 -22 28 -6
4 16 -22 28 11 -23 30 11 -26 30 11 -26 28 11
4 16 -22 28 11 -22 32 11 -23 32 11 -23 30 11
1 16 -43 27 -7 -5 0 0 0 0 -1 0 -9 0 p/box5.dat
0 BFC INVERTNEXT
1 16 55 14 -39 0 0 10 -10 0 0 0 32 0 p/1-4cyli.dat
3 16 55 4 -7 55 4 -39 16 4 -7
4 16 16 4 -7 55 4 -39 -55 4 -39 -16 4 -7
3 16 -16 4 -7 -55 4 -39 -55 4 -7
0 BFC INVERTNEXT
1 16 -55 14 -7 0 0 -10 -10 0 0 0 -32 0 p/1-4cyli.dat
0 BFC INVERTNEXT
1 16 16 14 -7 0 0 10 -10 0 0 0 46 0 p/1-4cyli.dat
4 16 16 4 39 16 4 -7 -16 4 -7 -16 4 39
0 BFC INVERTNEXT
1 16 -16 14 39 0 0 -10 -10 0 0 0 -46 0 p/1-4cyli.dat
4 16 30 30 -3 30 30 39 30 14 39 30 14 -3
1 16 16 14 -3 14 0 0 0 0 -14 0 42 0 p/1-4cyli.dat
1 16 55 14 -3 0 0 14 -14 0 0 0 -36 0 p/1-4cyli.dat
4 16 -55 0 -39 55 0 -39 16 0 -3 -16 0 -3
3 16 -55 0 -39 -16 0 -3 -55 0 -3
3 16 55 0 -39 55 0 -3 16 0 -3
4 16 16 0 39 -16 0 39 -16 0 -3 16 0 -3
1 16 -55 14 -3 -14 0 0 0 0 -14 0 -36 0 p/1-4cyli.dat
1 16 -16 14 -3 0 0 -14 -14 0 0 0 42 0 p/1-4cyli.dat
4 16 -30 30 39 -30 30 -3 -30 14 -3 -30 14 39
4 16 -69 30 -39 -65 30 -39 -65 14 -39 -69 14 -39
1 16 -55 14 -39 0 0 -2 -2 0 0 0 78 0 p/1-4ring5.dat
1 16 -55 14 -39 0 0 -2 -2 0 0 0 78 0 p/1-4ring6.dat
4 16 -55 0 -39 -55 4 -39 55 4 -39 55 0 -39
1 16 55 14 -39 2 0 0 0 0 -2 0 78 0 p/1-4ring5.dat
1 16 55 14 -39 2 0 0 0 0 -2 0 78 0 p/1-4ring6.dat
4 16 65 30 -39 69 30 -39 69 14 -39 65 14 -39
4 16 30 30 39 26 30 39 26 14 39 30 14 39
1 16 16 14 39 0 0 2 -2 0 0 0 -78 0 p/1-4ring5.dat
1 16 16 14 39 0 0 2 -2 0 0 0 -78 0 p/1-4ring6.dat
4 16 16 0 39 16 4 39 -16 4 39 -16 0 39
1 16 -16 14 39 -2 0 0 0 0 -2 0 -78 0 p/1-4ring5.dat
1 16 -16 14 39 -2 0 0 0 0 -2 0 -78 0 p/1-4ring6.dat
4 16 -26 30 39 -30 30 39 -30 14 39 -26 14 39
4 16 65 30 -7 69 30 -3 69 30 -39 65 30 -39
4 16 69 30 -3 65 30 -7 26 30 -7 30 30 -3
4 16 26 30 -7 26 30 39 30 30 39 30 30 -3
4 16 65 14 -7 65 30 -7 65 30 -39 65 14 -39
4 16 69 30 -39 69 30 -3 69 14 -3 69 14 -39
4 16 -69 30 -39 -69 30 -3 -65 30 -7 -65 30 -39
4 16 -26 30 -7 -65 30 -7 -69 30 -3 -30 30 -3
4 16 -30 30 39 -26 30 39 -26 30 -7 -30 30 -3
4 16 -65 30 -39 -65 30 -7 -65 14 -7 -65 14 -39
4 16 -69 14 -3 -69 30 -3 -69 30 -39 -69 14 -39
1 16 55 14 -7 10 0 0 0 0 -10 0 1 0 p/1-4disc.dat
1 16 16 14 -7 10 0 0 0 0 -10 0 1 0 p/1-4ndis.dat
4 16 55 14 -7 55 4 -7 26 4 -7 26 14 -7
3 16 26 14 -7 26 30 -7 55 14 -7
4 16 26 30 -7 65 30 -7 65 14 -7 55 14 -7
4 16 26 30 -7 26 14 -7 26 14 39 26 30 39
1 16 55 14 -3 0 0 14 -14 0 0 0 -1 0 p/1-4disc.dat
1 16 16 14 -3 0 0 14 -14 0 0 0 -1 0 p/1-4ndis.dat
4 16 30 0 -3 55 0 -3 55 14 -3 30 14 -3
3 16 55 14 -3 30 30 -3 30 14 -3
4 16 69 14 -3 69 30 -3 30 30 -3 55 14 -3
1 16 -55 14 -7 -10 0 0 0 0 -10 0 1 0 p/1-4disc.dat
1 16 -16 14 -7 -10 0 0 0 0 -10 0 1 0 p/1-4ndis.dat
4 16 -26 4 -7 -55 4 -7 -55 14 -7 -26 14 -7
3 16 -55 14 -7 -26 30 -7 -26 14 -7
4 16 -65 14 -7 -65 30 -7 -26 30 -7 -55 14 -7
4 16 -26 14 39 -26 14 -7 -26 30 -7 -26 30 39
1 16 -55 14 -3 0 0 -14 -14 0 0 0 -1 0 p/1-4disc.dat
1 16 -16 14 -3 0 0 -14 -14 0 0 0 -1 0 p/1-4ndis.dat
4 16 -55 14 -3 -55 0 -3 -30 0 -3 -30 14 -3
3 16 -30 14 -3 -30 30 -3 -55 14 -3
4 16 -30 30 -3 -69 30 -3 -69 14 -3 -55 14 -3
