0 BFC CERTIFY CCW
1 494 -20 0 20 1.06066 0 -1.06066 0 1 0 1.06066 0 1.06066 parts/u9020.dat
1 494 20 0 20 1.06066 0 -1.06066 0 1 0 1.06066 0 1.06066 parts/u9020.dat
1 494 -20 78 0 1.06066 0 -1.06066 0 -1 0 -1.06066 0 -1.06066 parts/u9020.dat
1 494 20 78 0 1.06066 0 -1.06066 0 -1 0 -1.06066 0 -1.06066 parts/u9020.dat
1 16 0 0 0 1 0 0 0 1 0 0 0 1 parts/564.dat
1 16 0 0 0 1 0 0 0 1 0 0 0 1 parts/565.dat
1 15 0 66 -60 1 0 0 0 1 0 0 0 1 parts/566.dat
1 15 0 66 60 1 0 0 0 1 0 0 0 1 parts/566.dat
1 15 0 5 -25 1 0 0 0 1 0 0 0 1 parts/u9480.dat
