0 BFC CERTIFY CCW
1 4 0 0 0 1 0 0 0 1 0 0 0 1 s\700s02.dat
1 16 0 0 -10 10 0 0 0 0 -10 0 6 0 4-4cylo.dat
1 16 0 0 -10 3 0 0 0 0 -3 0 1 0 4-4ring2.dat
1 16 0 0 -10 1 0 0 0 0 -1 0 1 0 4-4ring9.dat
1 16 0 0 -2 3 0 0 0 0 -3 0 -1 0 4-4ring2.dat
1 16 0 0 -2 1 0 0 0 0 -1 0 -1 0 4-4ring9.dat
1 16 0 0 -10 0.70711 0 -0.70711 -0.70711 0 -0.70711 0 8 0 axlehole.dat
1 16 0 0 -2 0.70711 0 -0.70711 -0.70711 0 -0.70711 0 1 0 axlehol2.dat
1 16 0 0 -10 0.70711 0 -0.70711 -0.70711 0 -0.70711 0 1 0 axlehol2.dat
1 16 10 -10 -4 0.70711 0 -0.70711 -0.70711 0 -0.70711 0 1 0 stud.dat
1 16 10 10 -4 0.70711 0 0.70711 0.70711 0 -0.70711 0 1 0 stud.dat
1 16 -10 10 -4 -0.70711 0 0.70711 0.70711 0 0.70711 0 1 0 stud.dat
1 16 -10 -10 -4 -0.70711 0 -0.70711 -0.70711 0 0.70711 0 1 0 stud.dat
1 16 0 0 -9 -2 0 0 0 0 -2 0 1 0 48\4-4ring9.dat
1 16 0 0 -4 -10 0 0 0 0 -10 0 1 0 4-4ring1.dat
1 16 0 0 2 -10 0 0 0 0 -10 0 -1 0 4-4ring1.dat
1 16 0 0 8 -2 0 0 0 0 -2 0 -1 0 48\4-4ring9.dat
1 16 0 0 -4 -18 0 0 0 0 -18 0 1 0 48\4-4edge.dat
1 16 0 0 2 -18 0 0 0 0 -18 0 1 0 48\4-4edge.dat
1 16 0 0 2 -10 0 0 0 0 -10 0 1 0 4-4edge.dat
1 16 0 0 -2 -10 0 0 0 0 -10 0 1 0 4-4edge.dat
0 BFC INVERTNEXT
1 16 0 0 -2 -10 0 0 0 0 -10 0 4 0 4-4cyli.dat
1 16 0 0 -9 -20 0 0 0 0 -20 0 1 0 48\4-4edge.dat
1 16 0 0 8 -20 0 0 0 0 -20 0 1 0 48\4-4edge.dat
0 BFC INVERTNEXT
1 16 0 0 8 -18 0 0 0 0 -18 0 -17 0 48\4-4cylo.dat
1 16 0 0 -6 2 0 0 0 0 -2 0 -3 0 48\4-4con10.dat
1 16 0 0 6 -2 0 0 0 0 -2 0 2 0 48\4-4con10.dat
1 16 0 0 6 -22 0 0 0 0 -22 0 -12 0 48\4-4cylo.dat
1 16 0 -20.001 8 -5.65686 0 5.65686 5.65686 0 5.65686 0 1 0 1-4edge.dat
1 16 20.001 0 8 -5.65686 0 -5.65686 -5.65686 0 5.65686 0 1 0 1-4edge.dat
1 16 0 20.001 8 5.65686 0 -5.65686 -5.65686 0 -5.65686 0 1 0 1-4edge.dat
1 16 -20.001 0 8 5.65686 0 5.65686 5.65686 0 -5.65686 0 1 0 1-4edge.dat
1 16 0 -20 8 7.39104 0 -3.06147 3.06147 0 7.39104 0 -1 0 3-8disc.dat
1 16 0 -20 2 -7.39104 0 3.06147 3.06147 0 7.39104 0 1 0 3-8edge.dat
1 16 0 -20 2 -7.39104 0 3.06147 3.06147 0 7.39104 0 6 0 3-8cyli.dat
1 16 20 0 8 -3.06147 0 -7.39104 7.39104 0 -3.06147 0 -1 0 3-8disc.dat
1 16 20 0 2 -3.06147 0 -7.39104 -7.39104 0 3.06147 0 1 0 3-8edge.dat
1 16 20 0 2 -3.06147 0 -7.39104 -7.39104 0 3.06147 0 6 0 3-8cyli.dat
1 16 0 20 8 -7.39104 0 3.06147 -3.06147 0 -7.39104 0 -1 0 3-8disc.dat
1 16 0 20 2 7.39104 0 -3.06147 -3.06147 0 -7.39104 0 1 0 3-8edge.dat
1 16 0 20 2 7.39104 0 -3.06147 -3.06147 0 -7.39104 0 6 0 3-8cyli.dat
1 16 -20 0 8 3.06147 0 7.39104 -7.39104 0 3.06147 0 -1 0 3-8disc.dat
1 16 -20 0 2 3.06147 0 7.39104 7.39104 0 -3.06147 0 1 0 3-8edge.dat
1 16 -20 0 2 3.06147 0 7.39104 7.39104 0 -3.06147 0 6 0 3-8cyli.dat
1 16 0 0 0 1 0 0 0 1 0 0 0 1 s\569s01.dat
1 16 0 0 0 -0.5 -0.86603 0 0.86603 -0.5 0 0 0 1 s\569s01.dat
1 16 0 0 0 -0.5 0.86603 0 -0.86603 -0.5 0 0 0 1 s\569s01.dat
