0 BFC CERTIFY CW
1 16 0 0 -9 21 0 0 0 0 -21 0 1 0 p/4-4edge.dat
1 16 0 0 -4 21 0 0 0 0 -21 0 1 0 p/4-4edge.dat
1 16 0 0 4 21 0 0 0 0 -21 0 1 0 p/4-4edge.dat
1 16 0 0 4 21 0 0 0 0 -21 0 5 0 p/4-4cyli.dat
1 16 0 0 2 12 0 0 0 0 -12 0 1 0 p/4-4edge.dat
1 16 0 0 -3 6 0 0 0 0 -6 0 1 0 p/4-4con2.dat
1 16 0 0 -4 3 0 0 0 0 -3 0 1 0 p/4-4con6.dat
1 16 0 0 3 -6 0 0 0 0 -6 0 -1 0 p/4-4con2.dat
1 16 0 0 4 -3 0 0 0 0 -3 0 -1 0 p/4-4con6.dat
1 16 0 0 -2 12 0 0 0 0 -12 0 1 0 p/4-4edge.dat
1 16 0 0 -2 12 0 0 0 0 -12 0 4 0 p/4-4cyli.dat
1 16 0 0 9 21 0 0 0 0 -21 0 1 0 p/4-4edge.dat
1 16 0 0 -9 21 0 0 0 0 -21 0 5 0 p/4-4cyli.dat
1 16 0 0 -8 19 0 0 0 0 -19 0 1 0 p/4-4edge.dat
1 16 0 0 -9 20 0 0 0 0 -20 0 1 0 p/4-4edge.dat
1 16 0 0 7 19 0 0 0 0 -19 0 1 0 p/4-4edge.dat
1 16 0 0 9 19 0 0 0 0 -19 0 1 0 p/4-4edge.dat
1 16 0 0 -9 1 0 0 0 0 -1 0 1 0 p/4-4rin20.dat
0 BFC INVERTNEXT
1 16 0 0 -9 1 0 0 0 0 -1 0 1 0 p/4-4con19.dat
1 16 0 0 9 1 0 0 0 0 1 0 -1 0 p/4-4rin20.dat
1 16 0 0 9 1 0 0 0 0 1 0 -1 0 p/4-4rin19.dat
0 BFC INVERTNEXT
1 16 0 0 -8 19 0 0 0 0 -19 0 1 0 p/4-4cyli.dat
0 BFC INVERTNEXT
1 16 0 0 7 19 0 0 0 0 -19 0 2 0 p/4-4cyli.dat
1 16 0 0 -7 19 0 0 0 0 -19 0 1 0 p/4-4edge.dat
1 16 0 0 7 5 0 0 0 0 5 0 -1 0 p/4-4ring2.dat
1 16 0 0 7 3 0 0 0 0 3 0 -1 0 p/4-4ring5.dat
1 16 0 0 7 1 0 0 0 0 1 0 -1 0 p/4-4rin18.dat
1 16 0 0 -10 10 0 0 0 0 -10 0 1 0 p/4-4edge.dat
1 16 0 0 -7 10 0 0 0 0 -10 0 1 0 p/4-4edge.dat
1 16 0 0 -10 10 0 0 0 0 -10 0 3 0 p/4-4cyli.dat
1 16 0 0 7 10 0 0 0 0 -10 0 3 0 p/4-4cyli.dat
1 16 0 0 10 10 0 0 0 0 -10 0 1 0 p/4-4edge.dat
1 16 0 0 7 10 0 0 0 0 -10 0 1 0 p/4-4edge.dat
1 16 0 0 10 2 0 0 0 0 2 0 -1 0 p/4-4ring4.dat
1 16 0 0 10 2 0 0 0 0 2 0 -1 0 p/4-4ring3.dat
1 16 0 0 -10 2 0 0 0 0 -2 0 1 0 p/4-4ring4.dat
1 16 0 0 -10 2 0 0 0 0 -2 0 1 0 p/4-4ring3.dat
1 16 0 0 7 1 0 0 0 1 0 0 0 0.6 parts/s/55981s02.dat
1 16 0 0 7 0 -1 0 -1 0 0 0 0 0.6 parts/s/55981s02.dat
1 16 0 0 7 -1 0 0 0 -1 0 0 0 0.6 parts/s/55981s02.dat
1 16 0 0 7 0 1 0 1 0 0 0 0 0.6 parts/s/55981s02.dat
1 16 0 0 -7 1 0 0 0 1 0 0 0 0.25 parts/s/55981s01.dat
1 16 0 0 -7 -1 0 0 0 -1 0 0 0 0.25 parts/s/55981s01.dat
1 16 0 0 -10 1 0 0 0 0 1 0 20 0 p/axl3hole.dat
