0 BFC CERTIFY CCW
1 16 0 0 0 1 0 0 0 1 0 0 0 1 s\56908s01.dat
1 16 0 0 0 -1 0 0 0 1 0 0 0 1 s\56908s01.dat
1 16 0 0 0 0.5 0.866 0 -0.866 0.5 0 0 0 1 s\56908s01.dat
1 16 0 0 0 -0.5 0.866 0 0.866 0.5 0 0 0 1 s\56908s01.dat
1 16 0 0 0 -0.5 -0.866 0 0.866 -0.5 0 0 0 1 s\56908s01.dat
1 16 0 0 0 0.5 -0.866 0 -0.866 -0.5 0 0 0 1 s\56908s01.dat
1 16 0 0 0 0.5 -0.866 0 0.866 0.5 0 0 0 1 s\56908s01.dat
1 16 0 0 0 -0.5 -0.866 0 -0.866 0.5 0 0 0 1 s\56908s01.dat
1 16 0 0 0 -0.5 0.866 0 -0.866 -0.5 0 0 0 1 s\56908s01.dat
1 16 0 0 0 0.5 0.866 0 0.866 -0.5 0 0 0 1 s\56908s01.dat
1 16 0 0 0 -1 0 0 0 -1 0 0 0 1 s\56908s01.dat
1 16 0 0 0 1 0 0 0 -1 0 0 0 1 s\56908s01.dat
1 16 0 0 -33 0 0 49.8462 49.8462 0 0 0 1 0 48\4-4edge.dat
0 BFC INVERTNEXT
1 16 0 0 -30 0 0 -46.9141 46.9141 0 0 0 12 0 48\4-4cylo.dat
0 BFC INVERTNEXT
1 16 0 0 -13 0 0 -37.5313 37.5313 0 0 0 20 0 48\4-4cylo.dat
1 16 0 0 -33 0 0 54 54 0 0 0 4 0 48\4-4cylo.dat
1 16 0 0 -24 0 0 54 54 0 0 0 4 0 48\4-4cylo.dat
1 16 0 0 -29 0 0 -49.8462 49.8462 0 0 0 5 0 48\4-4cylo.dat
1 16 0 0 -20 0 0 -49.8462 49.8462 0 0 0 3 0 48\4-4cylo.dat
1 16 0 0 -20 0 0 -4.1539 4.1539 0 0 0 -1 0 48\4-4rin12.dat
1 16 0 0 -29 0 0 -4.1539 4.1539 0 0 0 -1 0 48\4-4rin12.dat
1 16 0 0 -33 0 0 -4.1539 4.1539 0 0 0 1 0 48\4-4rin12.dat
0 BFC INVERTNEXT
1 16 0 0 -33 0 0 -2.9321 2.9321 0 0 0 3 0 48\4-4con16.dat
0 BFC INVERTNEXT
1 16 0 0 -18 0 0 -9.3828 9.3828 0 0 0 5 0 48\4-4con4.dat
1 16 0 0 -24 0 0 -4.1539 4.1539 0 0 0 1 0 48\4-4rin12.dat
1 16 0 0 33 0 0 -49.8462 49.8462 0 0 0 1 0 48\4-4edge.dat
1 16 0 0 12 0 0 -47 47 0 0 0 1 0 48\4-4edge.dat
1 16 0 0 7 0 0 -42.2227 42.2227 0 0 0 1 0 48\4-4edge.dat
0 BFC INVERTNEXT
1 16 0 0 30 0 0 -46.9141 46.9141 0 0 0 -18 0 48\4-4cylo.dat
1 16 0 0 33 0 0 -4.1539 4.1539 0 0 0 -1 0 48\4-4rin12.dat
0 BFC INVERTNEXT
1 16 0 0 33 0 0 -2.9321 2.9321 0 0 0 -3 0 48\4-4con16.dat
0 BFC INVERTNEXT
1 16 0 0 12 0 0 -4.6914 4.6914 0 0 0 -5 0 48\4-4con9.dat
1 16 0 0 7 0 0 -4.6914 4.6914 0 0 0 -1 0 48\4-4ring8.dat
1 16 0 0 33 0 0 54 54 0 0 0 -4 0 48\4-4cylo.dat
1 16 0 0 24 0 0 54 54 0 0 0 -4 0 48\4-4cylo.dat
1 16 0 0 29 0 0 -49.8462 49.8462 0 0 0 -5 0 48\4-4cylo.dat
1 16 0 0 20 0 0 -49.8462 49.8462 0 0 0 -9 0 48\4-4cylo.dat
1 16 0 0 20 0 0 -4.1539 4.1539 0 0 0 1 0 48\4-4rin12.dat
1 16 0 0 29 0 0 -4.1539 4.1539 0 0 0 1 0 48\4-4rin12.dat
1 16 0 0 24 0 0 -4.1539 4.1539 0 0 0 -1 0 48\4-4rin12.dat
1 16 0 0 5 0 0 -2.0769 2.0769 0 0 0 1 0 48\4-4rin20.dat
1 16 0 0 -17 0 0 -8.3077 8.3077 0 0 0 6 0 48\4-4con5.dat
1 16 0 0 11 0 0 -6.2308 6.2308 0 0 0 -6 0 48\4-4con7.dat
1 16 0 0 -11 0 0 -41.5385 41.5385 0 0 0 16 0 48\4-4cylo.dat
1 16 0 0 5 0 0 -43.6154 43.6154 0 0 0 1 0 48\4-4edge.dat
1 16 0 -20 0 1 0 0 0 0 1 0 -1 0 connhole.dat
1 16 17.321 -10 0 0.5 0 -0.866 0.866 0 0.5 0 -1 0 connhole.dat
1 16 -17.321 -10 0 0.5 0 0.866 -0.866 0 0.5 0 -1 0 connhole.dat
1 16 0 20 0 -1 0 0 0 0 -1 0 -1 0 connhole.dat
1 16 -17.321 10 0 -0.5 0 0.866 -0.866 0 -0.5 0 -1 0 connhole.dat
1 16 17.321 10 0 -0.5 0 -0.866 0.866 0 -0.5 0 -1 0 connhole.dat
1 16 0 0 -20 9 0 0 0 0 9 0 18 0 4-4cylo.dat
0 BFC INVERTNEXT
1 16 0 0 20 7.5 0 0 0 0 7.5 0 -20 0 4-4cylo.dat
1 16 0 0 20 9 0 0 0 0 9 0 -19.8 0 4-4cylo.dat
1 16 0 0 -20 3 0 0 0 0 3 0 1 0 4-4ring2.dat
1 16 0 0 0 2 0 0 0 0 2 0 -1 0 4-4ring3.dat
1 16 0 0 -20 1 0 0 0 0 1 0 -1 0 axlehol2.dat
1 16 0 0 0 1 0 0 0 0 1 0 1 0 axlehol2.dat
1 16 0 0 -20 1 0 0 0 0 1 0 20 0 axlehole.dat
1 16 0 0 20 1.5 0 0 0 0 1.5 0 -1 0 4-4ring5.dat
1 16 -53.8 0 0 0 1 0 -1.5 0 0 0 0 20 rect.dat
4 16 -41.44 1.5 -11 -49.747 1.5 -17 -49.747 1.5 11 -43.517 1.5 5
3 16 -41.44 1.5 5 -41.44 1.5 -11 -43.517 1.5 5
4 16 -53.8 1.5 20 -49.747 1.5 20 -49.747 1.5 11 -53.8 1.5 -20
3 16 -53.8 1.5 -20 -49.747 1.5 11 -49.747 1.5 -17
3 16 -53.8 1.5 -20 -49.747 1.5 -17 -49.747 1.5 -20
4 16 -43.517 -1.5 5 -49.747 -1.5 11 -49.747 -1.5 -17 -41.44 -1.5 -11
3 16 -43.517 -1.5 5 -41.44 -1.5 -11 -41.44 -1.5 5
4 16 -53.8 -1.5 -20 -49.747 -1.5 11 -49.747 -1.5 20 -53.8 -1.5 20
3 16 -49.747 -1.5 -17 -49.747 -1.5 11 -53.8 -1.5 -20
3 16 -49.747 -1.5 -20 -49.747 -1.5 -17 -53.8 -1.5 -20
1 16 0 53.8 0 -1.5 0 0 0 -1 0 0 0 20 rect.dat
4 16 1.5 41.44 -11 1.5 49.747 -17 1.5 49.747 11 1.5 43.517 5
3 16 1.5 41.44 5 1.5 41.44 -11 1.5 43.517 5
4 16 1.5 53.8 20 1.5 49.747 20 1.5 49.747 11 1.5 53.8 -20
3 16 1.5 53.8 -20 1.5 49.747 11 1.5 49.747 -17
3 16 1.5 53.8 -20 1.5 49.747 -17 1.5 49.747 -20
4 16 -1.5 43.517 5 -1.5 49.747 11 -1.5 49.747 -17 -1.5 41.44 -11
3 16 -1.5 43.517 5 -1.5 41.44 -11 -1.5 41.44 5
4 16 -1.5 53.8 -20 -1.5 49.747 11 -1.5 49.747 20 -1.5 53.8 20
3 16 -1.5 49.747 -17 -1.5 49.747 11 -1.5 53.8 -20
3 16 -1.5 49.747 -20 -1.5 49.747 -17 -1.5 53.8 -20
1 16 53.8 0 0 0 -1 0 1.5 0 0 0 0 20 rect.dat
4 16 41.44 -1.5 -11 49.747 -1.5 -17 49.747 -1.5 11 43.517 -1.5 5
3 16 41.44 -1.5 5 41.44 -1.5 -11 43.517 -1.5 5
4 16 53.8 -1.5 20 49.747 -1.5 20 49.747 -1.5 11 53.8 -1.5 -20
3 16 53.8 -1.5 -20 49.747 -1.5 11 49.747 -1.5 -17
3 16 53.8 -1.5 -20 49.747 -1.5 -17 49.747 -1.5 -20
4 16 43.517 1.5 5 49.747 1.5 11 49.747 1.5 -17 41.44 1.5 -11
3 16 43.517 1.5 5 41.44 1.5 -11 41.44 1.5 5
4 16 53.8 1.5 -20 49.747 1.5 11 49.747 1.5 20 53.8 1.5 20
3 16 49.747 1.5 -17 49.747 1.5 11 53.8 1.5 -20
3 16 49.747 1.5 -20 49.747 1.5 -17 53.8 1.5 -20
1 16 0 -53.8 0 1.5 0 0 0 1 0 0 0 20 rect.dat
4 16 -1.5 -41.44 -11 -1.5 -49.747 -17 -1.5 -49.747 11 -1.5 -43.517 5
3 16 -1.5 -41.44 5 -1.5 -41.44 -11 -1.5 -43.517 5
4 16 -1.5 -53.8 20 -1.5 -49.747 20 -1.5 -49.747 11 -1.5 -53.8 -20
3 16 -1.5 -53.8 -20 -1.5 -49.747 11 -1.5 -49.747 -17
3 16 -1.5 -53.8 -20 -1.5 -49.747 -17 -1.5 -49.747 -20
4 16 1.5 -43.517 5 1.5 -49.747 11 1.5 -49.747 -17 1.5 -41.44 -11
3 16 1.5 -43.517 5 1.5 -41.44 -11 1.5 -41.44 5
4 16 1.5 -53.8 -20 1.5 -49.747 11 1.5 -49.747 20 1.5 -53.8 20
3 16 1.5 -49.747 -17 1.5 -49.747 11 1.5 -53.8 -20
3 16 1.5 -49.747 -20 1.5 -49.747 -17 1.5 -53.8 -20
1 16 0 -10 0.2 0 0 2 1.5 0 0 0 9.2 0 box3u8p.dat
1 16 -8.66 5 0.2 1.299 0 -1 -0.75 0 -1.7321 0 9.2 0 box3u8p.dat
1 16 8.66 5 0.2 -1.299 0 -1 -0.75 0 1.7321 0 9.2 0 box3u8p.dat
