0 BFC CERTIFY CCW
0 BFC INVERTNEXT
1 16 0 16 -30 0 0 4 4 0 0 0 20 0 p/4-4cyli.dat
1 16 0 16 -30 0 0 4 4 0 0 0 1 0 p/4-4edge.dat
1 16 0 16 -30 0 0 6.5 6.5 0 0 0 1 0 p/4-4edge.dat
1 16 0 16 -8.5 0 0 6.5 6.5 0 0 0 1 0 p/4-4edge.dat
1 16 0 16 -30 0 0 2 2 0 0 0 1 0 p/4-4ring2.dat
1 16 0 16 -30 0 0 0.5 0.5 0 0 0 1 0 p/4-4rin12.dat
1 16 0 16 -10 0 0 4 4 0 0 0 1 0 p/4-4edge.dat
1 16 0 16 -10 0 0 4 4 0 0 0 1 0 p/4-4disc.dat
1 16 0 16 -7 0 0 -4.87 4.87 0 0 0 -1 0 p/4-4disc.dat
1 16 0 16 -7 0 0 -4.87 4.87 0 0 0 -1 0 p/4-4edge.dat
1 16 0 16 -8.5 0 0 -1.62 1.62 0 0 0 1.5 0 p/4-4con3.dat
1 16 0 16 -30 0 0 6.5 6.5 0 0 0 21.5 0 p/4-4cyli.dat
0 BFC INVERTNEXT
1 16 3 0 0 0 -6 0 4 0 0 0 0 4 p/4-4cyli.dat
1 16 3 0 0 0 -1 0 4 0 0 0 0 4 p/4-4edge.dat
1 16 -3 0 0 0 -1 0 4 0 0 0 0 4 p/4-4edge.dat
0 BFC INVERTNEXT
1 16 -3 0 0 0 -4 0 5 0 0 0 0 5 p/4-4cyli.dat
1 16 -3 0 0 0 -1 0 5 0 0 0 0 5 p/4-4edge.dat
1 16 -3 0 0 0 1 0 1 0 0 0 0 -1 p/4-4ring4.dat
1 16 -7 0 0 0 -1 0 5 0 0 0 0 5 p/4-4edge.dat
0 BFC INVERTNEXT
1 16 3 0 0 0 4 0 5 0 0 0 0 -5 p/4-4cyli.dat
1 16 3 0 0 0 1 0 5 0 0 0 0 -5 p/4-4edge.dat
1 16 3 0 0 0 -1 0 1 0 0 0 0 1 p/4-4ring4.dat
1 16 7 0 0 0 1 0 5 0 0 0 0 -5 p/4-4edge.dat
1 16 0 10 -7 0 13 0 0 0 -12.48 -14.04 0 0 p/t04q1538.dat
1 16 0 4.42 -19.31 2.5 0 0 0 -2.39 1.33 0 1.8 2.24 p/4-4cyli.dat
1 16 0 4.42 -19.31 2.5 0 0 0 -0.8 1.33 0 0.6 2.24 p/4-4disc.dat
1 16 0 2.03 -17.5 2.5 0 0 0 0.8 1.33 0 -0.6 2.24 p/4-4disc.dat
1 16 0 4.42 -19.31 2.5 0 0 0 -0.8 1.33 0 0.6 2.24 p/4-4edge.dat
1 16 0 2.03 -17.5 2.5 0 0 0 -0.8 1.33 0 0.6 2.24 p/4-4edge.dat
1 16 0 2 -17.55 2 0 0 0 -0.8 1.05 0 0.6 1.77 p/4-4edge.dat
1 16 0 4.4 -19.35 2 0 0 0 -0.8 1.05 0 0.6 1.77 p/4-4edge.dat
1 16 0 0.66 -15.97 2.5 0 0 0 -1.6 2 0 2.69 1.5 p/4-4cyli.dat
1 16 0 0.66 -15.97 2.5 0 0 0 -0.53 2 0 0.9 1.5 p/4-4disc.dat
1 16 0 -0.94 -13.27 2.5 0 0 0 0.53 2 0 -0.9 1.5 p/4-4disc.dat
1 16 0 0.66 -15.97 2.5 0 0 0 -0.53 2 0 0.9 1.5 p/4-4edge.dat
1 16 0 -0.94 -13.27 2.5 0 0 0 -0.53 2 0 0.9 1.5 p/4-4edge.dat
1 16 0 -0.98 -13.3 2 0 0 0 -0.53 1.57 0 0.9 1.18 p/4-4edge.dat
1 16 0 0.62 -16 2 0 0 0 -0.53 1.57 0 0.9 1.18 p/4-4edge.dat
1 16 0 -1.86 -10.27 2.5 0 0 0 -0.75 2.35 0 4.24 0.53 p/4-4cyli.dat
1 16 0 -1.86 -10.27 2.5 0 0 0 -0.19 2.35 0 1.06 0.53 p/4-4disc.dat
1 16 0 -1.86 -10.27 2.5 0 0 0 -0.19 2.35 0 1.06 0.53 p/4-4edge.dat
1 16 0 -1.91 -10.28 2 0 0 0 -0.19 1.85 0 1.06 0.42 p/4-4edge.dat
4 16 -7 -3.06 9.18 -7 -10.09 0.5 7 -10.09 0.5 7 -3.06 9.18
4 16 -7 7.37 5.17 -7 -3.06 9.18 7 -3.06 9.18 7 7.37 5.17
4 16 -7 6.78 -5.98 -7 7.37 5.17 7 7.37 5.17 7 6.78 -5.98
4 16 -7 -4 -8.87 -7 6.78 -5.98 7 6.78 -5.98 7 -4 -8.87
4 16 -7 -10.09 0.5 -7 -4 -8.87 7 -4 -8.87 7 -10.09 0.5
3 16 7 -4.62 1.91 7 -10.09 0.5 7 -5 0
3 16 7 -3.54 3.54 7 -10.09 0.5 7 -4.62 1.91
4 16 7 -3.06 9.18 7 -10.09 0.5 7 -3.54 3.54 7 -1.91 4.62
3 16 7 0 5 7 -3.06 9.18 7 -1.91 4.62
3 16 7 1.91 4.62 7 -3.06 9.18 7 0 5
4 16 7 7.37 5.17 7 -3.06 9.18 7 1.91 4.62 7 3.54 3.54
3 16 7 4.62 1.91 7 7.37 5.17 7 3.54 3.54
3 16 7 5 0 7 7.37 5.17 7 4.62 1.91
4 16 7 6.78 -5.98 7 7.37 5.17 7 5 0 7 4.62 -1.91
3 16 7 3.54 -3.54 7 6.78 -5.98 7 4.62 -1.91
3 16 7 1.91 -4.62 7 6.78 -5.98 7 3.54 -3.54
4 16 7 -4 -8.87 7 6.78 -5.98 7 1.91 -4.62 7 0 -5
3 16 7 -1.91 -4.62 7 -4 -8.87 7 0 -5
3 16 7 -3.54 -3.54 7 -4 -8.87 7 -1.91 -4.62
4 16 7 -10.09 0.5 7 -4 -8.87 7 -3.54 -3.54 7 -4.62 -1.91
3 16 7 -5 0 7 -10.09 0.5 7 -4.62 -1.91
3 16 -7 -5 0 -7 -10.09 0.5 -7 -4.62 1.91
3 16 -7 -4.62 1.91 -7 -10.09 0.5 -7 -3.54 3.54
4 16 -7 -1.91 4.62 -7 -3.54 3.54 -7 -10.09 0.5 -7 -3.06 9.18
3 16 -7 -1.91 4.62 -7 -3.06 9.18 -7 0 5
3 16 -7 0 5 -7 -3.06 9.18 -7 1.91 4.62
4 16 -7 3.54 3.54 -7 1.91 4.62 -7 -3.06 9.18 -7 7.37 5.17
3 16 -7 3.54 3.54 -7 7.37 5.17 -7 4.62 1.91
3 16 -7 4.62 1.91 -7 7.37 5.17 -7 5 0
4 16 -7 4.62 -1.91 -7 5 0 -7 7.37 5.17 -7 6.78 -5.98
3 16 -7 4.62 -1.91 -7 6.78 -5.98 -7 3.54 -3.54
3 16 -7 3.54 -3.54 -7 6.78 -5.98 -7 1.91 -4.62
4 16 -7 0 -5 -7 1.91 -4.62 -7 6.78 -5.98 -7 -4 -8.87
3 16 -7 0 -5 -7 -4 -8.87 -7 -1.91 -4.62
3 16 -7 -1.91 -4.62 -7 -4 -8.87 -7 -3.54 -3.54
4 16 -7 -4.62 -1.91 -7 -3.54 -3.54 -7 -4 -8.87 -7 -10.09 0.5
3 16 -7 -4.62 -1.91 -7 -10.09 0.5 -7 -5 0
1 16 0 3.08 -5.2 3 0 0 0 8.04 0.52 0 -7.5 1.29 p/box4o8a.dat
1 16 0 6.49 2.56 3 0 0 0 5.12 0.16 0 -4.77 1.63 p/box4o8a.dat
1 16 0 17.46 -7.67 3 0 0 0 -4.39 1.62 0 4.09 0.27 p/box4o8a.dat
1 16 0 8.01 -4.32 1.8 0 0 0 4.39 2.57 0 -4.09 1.29 p/box4o8a.dat
1 16 0 6.54 -2.96 1.8 0 0 0 3.66 0.38 0 -3.41 3.34 p/box4o8a.dat
3 16 3 14.69 -3.31 3 11.77 -0.58 3 11.45 -3.85
3 16 -3 11.45 -3.85 -3 11.77 -0.58 -3 14.69 -3.31
1 16 -3 13.22 -1.95 0 1 0 -1.46 0 1.36 1.36 0 1.46 p/2-4disc.dat
1 16 -3 13.22 -1.95 0 1 0 -1.46 0 1.36 1.36 0 1.46 p/2-4edge.dat
1 16 3 13.22 -1.95 0 -1 0 1.46 0 1.36 -1.36 0 1.46 p/2-4disc.dat
1 16 3 13.22 -1.95 0 -1 0 1.46 0 1.36 -1.36 0 1.46 p/2-4edge.dat
1 16 3 13.22 -1.95 0 -6 0 1.46 0 1.36 -1.36 0 1.46 p/2-4cyli.dat
