0 BFC CERTIFY CCW
1 16 0 0 -60 0 0 1 0 -1 0 1 0 0 p/connhole.dat
1 16 0 0 60 0 0 1 0 -1 0 1 0 0 p/connhole.dat
1 16 -60 0 0 1 0 0 0 -1 0 0 0 -1 p/connhole.dat
1 16 60 0 0 1 0 0 0 -1 0 0 0 -1 p/connhole.dat
1 16 0 -80 0 1 0 0 0 -1 0 0 0 -1 p/connhole.dat
1 16 -60 10 0 9 0 0 0 -1 0 0 0 9 p/4-4edge.dat
1 16 60 10 0 9 0 0 0 -1 0 0 0 9 p/4-4edge.dat
1 16 0 10 60 0 0 9 0 -1 0 -9 0 0 p/4-4edge.dat
1 16 0 10 -60 0 0 9 0 -1 0 -9 0 0 p/4-4edge.dat
1 16 0 10 0 0 0 69 0 -20 0 69 0 0 p/48/4-4cyli.dat
1 16 0 10 60 8.3149 0 3.4441 0 -18 0 3.4441 0 -8.3149 p/5-8cyli.dat
1 16 60 10 0 3.4441 0 -8.3149 0 -18 0 -8.3149 0 -3.4441 p/5-8cyli.dat
1 16 0 10 -60 -8.3149 0 -3.4441 0 -18 0 -3.4441 0 8.3149 p/5-8cyli.dat
1 16 -60 10 0 -3.4441 0 8.3149 0 -18 0 8.3149 0 3.4441 p/5-8cyli.dat
1 16 0 -8 -60 -8.3149 0 -3.4441 0 -18 0 -3.4441 0 8.3149 p/5-8edge.dat
1 16 60 -8 0 3.4441 0 -8.3149 0 -18 0 -8.3149 0 -3.4441 p/5-8edge.dat
1 16 0 -8 60 8.3149 0 3.4441 0 -18 0 3.4441 0 -8.3149 p/5-8edge.dat
1 16 -60 -8 0 -3.4441 0 8.3149 0 -18 0 8.3149 0 3.4441 p/5-8edge.dat
1 16 0 -70 0 -9 0 0 0 -20 0 0 0 9 p/4-4cyli.dat
1 16 0 -70 0 -9 0 0 0 -20 0 0 0 9 p/4-4edge.dat
1 16 0 -90 0 -9 0 0 0 -20 0 0 0 9 p/4-4edge.dat
1 16 0 -77 40 5.5433 0 2.2961 0 -1 0 -2.2961 0 5.5433 p/5-8edge.dat
1 16 -40 -77 0 2.2961 0 -5.5433 0 -1 0 5.5433 0 2.2961 p/5-8edge.dat
1 16 0 -77 -40 -5.5433 0 -2.2961 0 -1 0 2.2961 0 -5.5433 p/5-8edge.dat
1 16 40 -77 0 -2.2961 0 5.5433 0 -1 0 -5.5433 0 -2.2961 p/5-8edge.dat
1 16 0 -10 0 1 0 0 0 1 0 0 0 1 parts/s/57587s01.dat
1 16 0 -10 0 0 0 1 0 1 0 -1 0 0 parts/s/57587s01.dat
1 16 0 -10 0 -1 0 0 0 1 0 0 0 -1 parts/s/57587s01.dat
1 16 0 -10 0 0 0 -1 0 1 0 1 0 0 parts/s/57587s01.dat
1 16 0 -10 0 -1 0 0 0 1 0 0 0 1 parts/s/57587s01.dat
1 16 0 -10 0 0 0 1 0 1 0 1 0 0 parts/s/57587s01.dat
1 16 0 -10 0 1 0 0 0 1 0 0 0 -1 parts/s/57587s01.dat
1 16 0 -10 0 0 0 -1 0 1 0 -1 0 0 parts/s/57587s01.dat
