0 BFC CERTIFY CCW
1 16 0 -10 0 1 0 0 0 20 0 0 0 1 axl2hole.dat
1 16 0 -10 0 6 0 0 0 1 0 0 0 6 4-4ering.dat
1 16 0 10 0 6 0 0 0 -1 0 0 0 6 4-4ering.dat
1 16 0 -10 0 3 0 0 0 1 0 0 0 3 4-4ring2.dat
1 16 0 10 0 3 0 0 0 -1 0 0 0 3 4-4ring2.dat
1 16 0 -10 0 9 0 0 0 1 0 0 0 9 4-4edge.dat
1 16 0 10 0 9 0 0 0 1 0 0 0 9 4-4edge.dat
1 16 0 -10 0 9 0 0 0 20 0 0 0 9 4-4cyli.dat
1 16 0 0 30 1 0 0 0 0 1 0 -20 0 axle.dat
1 16 0 0 10 9 0 0 0 0 9 0 -1 0 4-4edge.dat
1 16 0 0 10 9 0 0 0 0 9 0 -1 0 4-4disc.dat
1 16 0 0 10 9 0 0 0 0 9 0 -1 0 4-4cyli.dat
1 16 0 0 9 9 0 0 0 0 9 0 -5.4 0 1-4cyls2.dat
1 16 0 0 9 9 0 0 0 0 -9 0 -5.4 0 1-4cyls2.dat
1 16 0 0 9 -9 0 0 0 0 9 0 -5.4 0 1-4cyls2.dat
1 16 0 0 9 -9 0 0 0 0 -9 0 -5.4 0 1-4cyls2.dat
1 16 25.981 0 -15 -0.5 -17.32 0 0 0 1 -0.866 10 0 axle.dat
1 16 8.66 0 -5 -4.5 -1 0 0 0 9 -7.794 0 0 4-4edge.dat
1 16 8.66 0 -5 -4.5 -1 0 0 0 9 -7.794 0 0 4-4disc.dat
1 16 8.66 0 -5 -4.5 -1.039 0 0 0 9 -7.794 0.6 0 4-4cyli.dat
1 16 7.621 0 -4.4 -4.5 -4.677 0 0 0 9 -7.794 2.7 0 1-4cyls2.dat
1 16 7.621 0 -4.4 -4.5 -4.677 0 0 0 -9 -7.794 2.7 0 1-4cyls2.dat
1 16 7.621 0 -4.4 4.5 -4.677 0 0 0 9 7.794 2.7 0 1-4cyls2.dat
1 16 7.621 0 -4.4 4.5 -4.677 0 0 0 -9 7.794 2.7 0 1-4cyls2.dat
1 16 -25.981 0 -15 -.5 17.32 0 0 0 1 .866 10 0 axle.dat
1 16 -8.66 0 -5 -4.5 1 0 0 0 9 7.794 0 0 4-4edge.dat
1 16 -8.66 0 -5 -4.5 1 0 0 0 9 7.794 0 0 4-4disc.dat
1 16 -8.66 0 -5 -4.5 1.039 0 0 0 9 7.794 .6 0 4-4cyli.dat
1 16 -7.621 0 -4.4 -4.5 4.677 0 0 0 9 7.794 2.7 0 1-4cyls2.dat
1 16 -7.621 0 -4.4 -4.5 4.677 0 0 0 -9 7.794 2.7 0 1-4cyls2.dat
1 16 -7.621 0 -4.4 4.5 4.677 0 0 0 9 -7.794 2.7 0 1-4cyls2.dat
1 16 -7.621 0 -4.4 4.5 4.677 0 0 0 -9 -7.794 2.7 0 1-4cyls2.dat
1 16 0 0 0 8.315 0 -3.444 3.444 1 8.315 3.444 0 8.315 3-8edge.dat
1 16 0 0 0 8.315 0 -3.444 -3.444 1 -8.315 3.444 0 8.315 3-8edge.dat
1 16 0 0 0 6.364 0 6.364 6.364 0 -6.364 3.674 1 3.674 1-4edge.dat
1 16 0 0 0 -6.364 -1 -6.364 6.364 0 -6.364 3.674 0 3.674 1-4edge.dat
1 16 0 0 0 0 1 0 6.364 0 -6.364 -7.348 0 -7.348 1-4edge.dat
