0 BFC CERTIFY CCW
1 25 0 -14.03 40 0 0 -1 0.033 1 0 1 0 0 parts/59365.dat
1 25 -20 0 -20 -1 0 0 0 1 0 0 0 -1 parts/58136.dat
1 25 20 0 -20 -1 0 0 0 1 0 0 0 -1 parts/58136.dat
1 0 -26 -10.3 32 0 0 1 0.033 1 0 1 0 0 parts/937.dat
1 0 26 -10.3 32 0 0 -1 0.033 1 0 1 0 0 parts/937.dat
1 16 0 38 0 1 0 0 0 1 0 0 0 1 parts/58132.dat
1 32 0 38 0 1 0 0 0 1 0 0 0 1 parts/58133.dat
1 72 0 38 0 1 0 0 0 1 0 0 0 1 parts/58134.dat
1 72 0 38 0 1 0 0 0 1 0 0 0 1 parts/58135.dat
1 0 0 38 74 0 0 1 0 -1 0 1 0 0 parts/u9013.dat
