0 BFC CERTIFY CCW
1 16 0 9 0 3.06 0 0 0 1.609 0 0 0 -4 box4o4a.dat
0 BFC INVERTNEXT
1 16 0 18 -4 4 0 0 0 0 -4 0 8 0 2-4cyli.dat
1 16 0 18 -4 4 0 0 0 0 -4 0 8 0 2-4edge.dat
1 16 0 18 4 4 0 0 0 0 -4 0 8 0 2-4edge.dat
1 16 0 18 -4 4 0 0 0 0 -4 0 1 0 2-4ring1.dat
1 16 0 18 4 4 0 0 0 0 -4 0 -1 0 2-4ring1.dat
1 16 0 18 -4 8 0 0 0 0 -8 0 8 0 3-16edge.dat
1 16 0 18 -4 8 0 0 0 0 -8 0 8 0 3-16cyli.dat
4 16 8 22 4 8 18 4 8 18 -4 8 22 -4
4 16 3.5 22 -4 3.5 20 -4 3.5 20 4 3.5 22 4
4 16 3.5 20 -4 4 18 -4 4 18 4 3.5 20 4
4 16 3.5 22 4 8 22 4 8 22 -4 3.5 22 -4
4 16 8 22 -4 8 18 -4 3.5 20 -4 3.5 22 -4
3 16 3.5 20 -4 8 18 -4 4 18 -4
4 16 3.5 22 4 3.5 20 4 8 18 4 8 22 4
3 16 4 18 4 8 18 4 3.5 20 4
1 16 0 18 4 8 0 0 0 0 -8 0 8 0 3-16edge.dat
1 16 0 18 -4 -8 0 0 0 0 -8 0 8 0 3-16edge.dat
1 16 0 18 -4 -8 0 0 0 0 -8 0 8 0 3-16cyli.dat
4 16 -8 22 -4 -8 18 -4 -8 18 4 -8 22 4
4 16 -3.5 22 4 -3.5 20 4 -3.5 20 -4 -3.5 22 -4
4 16 -3.5 20 4 -4 18 4 -4 18 -4 -3.5 20 -4
4 16 -3.5 22 -4 -8 22 -4 -8 22 4 -3.5 22 4
4 16 -3.5 22 -4 -3.5 20 -4 -8 18 -4 -8 22 -4
3 16 -4 18 -4 -8 18 -4 -3.5 20 -4
4 16 -8 22 4 -8 18 4 -3.5 20 4 -3.5 22 4
3 16 -3.5 20 4 -8 18 4 -4 18 4
1 16 0 18 4 -8 0 0 0 0 -8 0 8 0 3-16edge.dat
1 16 0 8 0 0 0 5.2 0 8.666 0 -5.2 0 0 t01o1154.dat
1 16 0 8 0 0 0 5.2 0 -8.666 0 -5.2 0 0 t01o1154.dat
1 16 0 9 0 0 0 5.2 0 -10 0 -5.2 0 0 4-4disc.dat
1 16 0 7 0 0 0 5.2 0 10 0 5.2 0 0 4-4disc.dat
1 16 0 -8 0 0 0 5.2 0 8.666 0 -5.2 0 0 t01o1154.dat
1 16 0 -8 0 0 0 5.2 0 -8.666 0 -5.2 0 0 t01o1154.dat
1 16 0 -7 0 0 0 5.2 0 -10 0 -5.2 0 0 4-4disc.dat
1 16 0 -9 0 0 0 5.2 0 10 0 5.2 0 0 4-4disc.dat
1 16 0 7 0 0 0 4 0 -20 0 -4 0 0 4-4cyli.dat
1 16 0 7 0 0 0 4 0 -20 0 -4 0 0 4-4edge.dat
1 16 0 -7 0 0 0 4 0 -20 0 -4 0 0 4-4edge.dat
1 16 0 -9 0 0 0 4 0 -20 0 -4 0 0 4-4edge.dat
1 16 0 -13 0 0 0 4 0 -20 0 -4 0 0 4-4edge.dat
1 16 0 -13 0 0 0 4 0 1 0 -4 0 0 4-4disc.dat
1 16 -3.7 -10.5 0 0 -1 0 0 0 -1.5 1.5307 0 0 box4-2p.dat
1 16 0 -12 0 -3.6955 0 -1.5307 0 -20 0 1.5307 0 -3.6955 1-8edge.dat
1 16 3.7 -10.5 0 0 1 0 0 0 -1.5 -1.5307 0 0 box4-2p.dat
1 16 0 -12 0 3.6955 0 1.5307 0 -20 0 -1.5307 0 3.6955 1-8edge.dat
1 16 0 18 0 0 1 0 0 0 -1 -1 0 0 s\59229s01.dat
1 16 0 18 0 0 -1 0 0 0 -1 -1 0 0 s\59229s01.dat
4 16 -0.553 -88.4 9.07 -0.599 -79.27 4.355 0.599 -79.27 4.355 0.553 -88.4 9.07
4 16 -0.599 -79.27 4.355 -0.67 -64.95 -1.37 0.67 -64.95 -1.37 0.599 -79.27 4.355
4 16 -0.67 -64.95 -1.37 -0.744 -50.13 -5.696 0.744 -50.13 -5.696 0.67 -64.95 -1.37
4 16 -0.744 -50.13 -5.696 -0.82 -34.9 -8.207 0.82 -34.9 -8.207 0.744 -50.13 -5.696
4 16 -0.82 -34.9 -8.207 -0.874 -24.2 -9.136 0.874 -24.2 -9.136 0.82 -34.9 -8.207
4 16 -0.874 -24.2 -9.136 -0.94 -11 -9.25 0.94 -11 -9.25 0.874 -24.2 -9.136
4 16 -0.94 -11 -9.25 -1.984 -11 -3.73 1.984 -11 -3.73 0.94 -11 -9.25
4 16 -1.984 -11 -3.73 -1.984 -11 4.73 1.984 -11 4.73 1.984 -11 -3.73
4 16 -1.984 -11 4.73 -0.94 -11 9.25 0.94 -11 9.25 1.984 -11 4.73
4 16 -0.94 -11 9.25 -0.877 -23.62 7.91 0.877 -23.62 7.91 0.94 -11 9.25
4 16 -0.877 -23.62 7.91 -0.813 -36.31 7.41 0.813 -36.31 7.41 0.877 -23.62 7.91
4 16 -0.813 -36.31 7.41 -0.75 -49 7.77 0.75 -49 7.77 0.813 -36.31 7.41
4 16 -0.75 -49 7.77 -0.687 -61.64 8.98 0.687 -61.64 8.98 0.75 -49 7.77
4 16 -0.687 -61.64 8.98 -0.624 -74.17 11.03 0.624 -74.17 11.03 0.687 -61.64 8.98
4 16 -0.624 -74.17 11.03 -0.562 -86.5 13.92 0.562 -86.5 13.92 0.624 -74.17 11.03
4 16 -0.562 -86.5 13.92 -0.551 -87.7 13.96 0.551 -87.7 13.96 0.562 -86.5 13.92
4 16 -0.551 -87.7 13.96 -0.543 -88.7 13.49 0.543 -88.7 13.49 0.551 -87.7 13.96
4 16 -0.543 -88.7 13.49 -0.545 -89.4 12.61 0.545 -89.4 12.61 0.543 -88.7 13.49
4 16 -0.545 -89.4 12.61 -0.543 -89.7 11.47 0.543 -89.7 11.47 0.545 -89.4 12.61
4 16 -0.543 -89.7 11.47 -0.547 -89.3 10.01 0.547 -89.3 10.01 0.543 -89.7 11.47
4 16 -0.547 -89.3 10.01 -0.553 -88.4 9.07 0.553 -88.4 9.07 0.547 -89.3 10.01
