0 BFC CERTIFY CW
4 16 3 -10 0 1 -10 8 3 -10 4 4 -10 0
4 16 4 -10 0 3 -10 -4 1 -10 -8 3 -10 0
4 16 3 -10 4 1 -10 8 7 -10 8 7 -10 0
4 16 7 -10 0 7 -10 -8 1 -10 -8 3 -10 -4
1 16 4 -5 -8 0 0 3 5 0 0 0 1 0 p/rect3.dat
1 16 4 -5 8 0 0 3 -5 0 0 0 -1 0 p/rect3.dat
1 16 -1 0 0 8 0 8 0 1 0 -8 0 8 p/1-4edge.dat
1 16 -1 0 0 8 0 8 0 -10 0 -8 0 8 p/1-4cyli.dat
1 16 -1 -10 0 8 0 8 0 1 0 -8 0 8 p/1-4edge.dat
1 16 -1 -10 0 8 0 8 0 1 0 -8 0 8 p/1-4chrd.dat
4 16 1 -8 -8 3 -8 0 3 -10 0 1 -10 -8
4 16 1 -10 8 3 -10 0 3 -8 0 1 -8 8
3 16 4 -9 0 3 -9 4 7 -9 0
3 16 7 -9 0 3 -9 -4 4 -9 0
4 16 3 -9 4 4 -9 0 4 -10 0 3 -10 4
4 16 3 -10 -4 4 -10 0 4 -9 0 3 -9 -4
4 16 3 -9 -4 7 -9 0 7 -10 0 3 -10 -4
4 16 3 -10 4 7 -10 0 7 -9 0 3 -9 4
1 16 0 2 0 30 0 0 0 2 0 0 0 11 p/box.dat
4 16 -3 -8 0 -1 -8 8 1 -8 8 3 -8 0
4 16 3 -8 0 1 -8 -8 -1 -8 -8 -3 -8 0
1 16 0 -4 -8 1 0 0 0 0 -4 0 1 0 p/rect2p.dat
1 16 0 -4 8 -1 0 0 0 0 -4 0 -1 0 p/rect2p.dat
4 16 -3 -10 0 -1 -10 -8 -3 -10 -4 -4 -10 0
4 16 -4 -10 0 -3 -10 4 -1 -10 8 -3 -10 0
4 16 -3 -10 -4 -1 -10 -8 -7 -10 -8 -7 -10 0
4 16 -7 -10 0 -7 -10 8 -1 -10 8 -3 -10 4
1 16 -4 -5 8 0 0 -3 5 0 0 0 -1 0 p/rect3.dat
1 16 -4 -5 -8 0 0 -3 -5 0 0 0 1 0 p/rect3.dat
1 16 1 0 0 -8 0 -8 0 1 0 8 0 -8 p/1-4edge.dat
1 16 1 0 0 -8 0 -8 0 -10 0 8 0 -8 p/1-4cyli.dat
1 16 1 -10 0 -8 0 -8 0 1 0 8 0 -8 p/1-4edge.dat
1 16 1 -10 0 -8 0 -8 0 1 0 8 0 -8 p/1-4chrd.dat
4 16 -1 -8 8 -3 -8 0 -3 -10 0 -1 -10 8
4 16 -1 -10 -8 -3 -10 0 -3 -8 0 -1 -8 -8
3 16 -4 -9 0 -3 -9 -4 -7 -9 0
3 16 -7 -9 0 -3 -9 4 -4 -9 0
4 16 -3 -9 -4 -4 -9 0 -4 -10 0 -3 -10 -4
4 16 -3 -10 4 -4 -10 0 -4 -9 0 -3 -9 4
4 16 -3 -9 4 -7 -9 0 -7 -10 0 -3 -10 4
4 16 -3 -10 -4 -7 -10 0 -7 -9 0 -3 -9 -4
