0 BFC CERTIFY CW
1 16 0 0 0 1 0 0 0 1 0 0 0 1 parts/s/59521s01.dat
1 16 0 0 0 0.7071 0.7071 0 -0.7071 0.7071 0 0 0 1 parts/s/59521s01.dat
1 16 0 0 0 0 1 0 -1 0 0 0 0 1 parts/s/59521s01.dat
1 16 0 0 0 -0.7071 0.7071 0 -0.7071 -0.7071 0 0 0 1 parts/s/59521s01.dat
1 16 0 0 0 -1 0 0 0 -1 0 0 0 1 parts/s/59521s01.dat
1 16 0 0 0 -0.7071 -0.7071 0 0.7071 -0.7071 0 0 0 1 parts/s/59521s01.dat
1 16 0 0 0 0 -1 0 1 0 0 0 0 1 parts/s/59521s01.dat
1 16 0 0 0 0.7071 -0.7071 0 0.7071 0.7071 0 0 0 1 parts/s/59521s01.dat
1 16 0 0 25 174 0 0 0 0 -174 0 1 0 p/48/4-4edge.dat
1 16 0 0 -25 174 0 0 0 0 -174 0 1 0 p/48/4-4edge.dat
1 16 0 0 2.5 174 0 0 0 0 -174 0 1 0 p/48/4-4edge.dat
1 16 0 0 -2.5 174 0 0 0 0 -174 0 1 0 p/48/4-4edge.dat
0 BFC INVERTNEXT
1 16 0 0 -25 174 0 0 0 0 -174 0 50 0 p/48/4-4cyli.dat
1 16 0 0 25 142.8 0 0 0 0 -142.8 0 1 0 p/48/4-4edge.dat
1 16 0 0 -25 142.8 0 0 0 0 -142.8 0 1 0 p/48/4-4edge.dat
0 BFC INVERTNEXT
1 16 0 0 -25 142.8 0 0 0 0 -142.8 0 50 0 p/48/4-4cyli.dat
1 16 0 0 -25 3.4 0 0 0 0 -3.4 0 1 0 p/48/4-4rin42.dat
1 16 0 0 25 -3.4 0 0 0 0 -3.4 0 -1 0 p/48/4-4rin42.dat
1 16 0 0 25 146.2 0 0 0 0 -146.2 0 1 0 p/48/4-4edge.dat
1 16 0 0 -25 146.2 0 0 0 0 -146.2 0 1 0 p/48/4-4edge.dat
1 16 0 0 -2.5 146.2 0 0 0 0 -146.2 0 1 0 p/48/4-4edge.dat
1 16 0 0 2.5 146.2 0 0 0 0 -146.2 0 1 0 p/48/4-4edge.dat
1 16 0 0 -25 146.2 0 0 0 0 -146.2 0 50 0 p/48/4-4cyli.dat
1 16 0 0 -2.5 29 0 0 0 0 -29 0 1 0 p/48/4-4ring5.dat
1 16 0 0 2.5 -29 0 0 0 0 -29 0 -1 0 p/48/4-4ring5.dat
1 16 0 0 -10 0 0 -1 -1 0 0 0 1 0 p/peghole.dat
1 16 0 0 -10 0 0 -1 -1 0 0 0 1 0 p/4-4ring8.dat
1 16 0 0 10 0 0 1 -1 0 0 0 -1 0 p/peghole.dat
1 16 0 0 10 0 0 1 -1 0 0 0 -1 0 p/4-4ring8.dat
0 BFC INVERTNEXT
1 16 0 0 -8 6 0 0 0 0 -6 0 16 0 p/4-4cyli.dat
1 16 0 0 -10 9 0 0 0 0 -9 0 20 0 p/4-4cyli.dat
1 16 0 0 -10 9 0 0 0 0 -9 0 1 0 p/4-4edge.dat
1 16 0 0 -2 9 0 0 0 0 -9 0 1 0 p/4-4edge.dat
1 16 0 0 2 9 0 0 0 0 -9 0 1 0 p/4-4edge.dat
1 16 0 0 10 9 0 0 0 0 -9 0 1 0 p/4-4edge.dat
1 16 0 0 0 1 0 0 0 1 0 0 0 1 parts/s/59521s02.dat
1 16 0 0 0 -0.5 -0.866 0 0.866 -0.5 0 0 0 1 parts/s/59521s02.dat
1 16 0 0 0 -0.5 0.866 0 -0.866 -0.5 0 0 0 1 parts/s/59521s02.dat
