0 BFC CERTIFY CW
1 16 0 0 0 1 0 0 0 1 0 0 0 1 s\60208s01.dat
1 16 0 0 0 -1 0 0 0 1 0 0 0 1 s\60208s01.dat
1 16 0 0 0 1 0 0 0 -1 0 0 0 1 s\60208s01.dat
1 16 0 0 0 -1 0 0 0 -1 0 0 0 1 s\60208s01.dat
1 16 0 -20 0 1 0 0 0 0 -1 0 1 0 connhole.dat
1 16 0 20 0 1 0 0 0 0 -1 0 1 0 connhole.dat
1 16 0 0 0 1 0 0 0 0 -1 0 1 0 connhole.dat
1 16 0 0 -10 9 0 0 0 0 9 0 20 0 4-4cyli.dat
1 16 0 -20 -10 6.36396 0 6.36396 -6.36396 0 6.36396 0 20 0 3-4cyli.dat
1 16 0 20 -10 -6.36396 0 -6.36396 6.36396 0 -6.36396 0 20 0 3-4cyli.dat
1 16 0 -8.8 0 0 0 -1 0 -2.4 0 10 0 0 box4o8a.dat
1 16 0 8.8 0 0 0 1 0 2.4 0 10 0 0 box4o8a.dat
0 BFC INVERTNEXT
1 16 0 0 10 29 0 0 0 0 29 0 1 0 48\4-4edge.dat
1 16 0 0 10 29 0 0 0 0 29 0 -15 0 48\4-4cyli.dat
1 16 0 0 -5 29 0 0 0 0 29 0 1 0 48\4-4edge.dat
1 16 0 0 -5 34 0 0 0 0 34 0 1 0 48\4-4edge.dat
1 16 0 0 -10 34 0 0 0 0 34 0 1 0 48\4-4edge.dat
1 16 0 0 -5 1 0 0 0 0 1 0 -1 0 48\4-4rin29.dat
1 16 0 0 -5 2 0 0 0 0 2 0 -1 0 48\4-4rin15.dat
1 16 0 0 -5 2 0 0 0 0 2 0 -1 0 48\4-4rin16.dat
1 16 0 0 -9 34 0 0 0 0 34 0 1 0 48\4-4edge.dat
1 16 0 0 -10 2 0 0 0 0 2 0 1 0 48\4-4rin14.dat
1 16 0 0 -10 3 0 0 0 0 3 0 1 0 48\4-4rin10.dat
1 16 0 0 -10 1 0 0 0 0 1 0 1 0 48\4-4rin33.dat
1 16 0 0 -28 34 0 0 0 0 34 0 1 0 48\4-4edge.dat
1 16 0 0 -9 34 0 0 0 0 34 0 4 0 48\4-4cyli.dat
0 BFC INVERTNEXT
1 16 0 0 -28 34 0 0 0 0 34 0 18 0 48\4-4cyli.dat
1 16 0 0 -28 38 0 0 0 0 38 0 1 0 48\4-4edge.dat
1 16 0 0 -28 2 0 0 0 0 2 0 1 0 48\4-4rin17.dat
1 16 0 0 -28 2 0 0 0 0 2 0 1 0 48\4-4rin18.dat
1 16 0 0 -9 2 0 0 0 0 -2 0 -1 0 48\4-4rin17.dat
1 16 0 0 -9 2 0 0 0 0 -2 0 -1 0 48\4-4rin18.dat
1 16 0 0 -9 38 0 0 0 0 38 0 1 0 48\4-4edge.dat
1 16 0 0 -9 38 0 0 0 0 38 0 -19 0 48\4-4cyli.dat
4 16 8.402 -20.553 9.5 7.768 -17.454 9.5 11.232 -15.454 9.5 13.598 -17.553 9.5
4 16 11.232 -15.454 5 11.232 -15.454 9.5 7.768 -17.454 9.5 7.768 -17.454 5
4 16 13.598 -17.553 9.5 21.294 -18.883 9.5 5.706 -27.883 9.5 8.402 -20.553 9.5
1 16 0 0 9.5 19.671 0 -21.358 -18.697 0 -20.384 0 1 0 48\1-12edge.dat
