0 BFC CERTIFY CCW
1 16 0 0 0 1 0 0 0 1 0 0 0 1 p/stug-2x2.dat
1 16 10 0 10 5.543277 0 -2.296101 0 -1 0 2.296101 0 5.543277 p/1-8chrd.dat
1 16 10 0 -10 2.296101 0 5.543277 0 -1 0 -5.543277 0 2.296101 p/1-8chrd.dat
1 16 -10 0 -10 -5.543277 0 2.296101 0 -1 0 -2.296101 0 -5.543277 p/1-8chrd.dat
1 16 -10 0 10 -2.296101 0 -5.543277 0 -1 0 5.543277 0 -2.296101 p/1-8chrd.dat
1 16 0 16 0 1 0 0 0 -16 0 0 0 1 p/stud4a.dat
1 16 0 0 0 1 0 0 0 16 0 0 0 1 p/axlehole.dat
1 16 0 0 0 1 0 0 0 1 0 0 0 1 p/axlehol2.dat
1 16 0 16 0 1 0 0 0 1 0 0 0 1 p/axlehol3.dat
1 16 0 4 0 8 0 0 0 12 0 0 0 8 p/4-4cyli.dat
1 16 0 4 0 8 0 0 0 1 0 0 0 8 p/4-4edge.dat
1 16 0 4 8 0 0 -1 0 72 0 -1 0 0 p/boxjcyl4.dat
1 16 0 4 12 0 0 1 0 72 0 -4 0 0 p/box3u5p.dat
1 16 8 4 0 -1 0 0 0 72 0 0 0 1 p/boxjcyl4.dat
1 16 12 4 0 -4 0 0 0 72 0 0 0 -1 p/box3u5p.dat
1 16 0 4 -8 0 0 1 0 72 0 1 0 0 p/boxjcyl4.dat
1 16 0 4 -12 0 0 -1 0 72 0 4 0 0 p/box3u5p.dat
1 16 -8 4 0 1 0 0 0 72 0 0 0 -1 p/boxjcyl4.dat
1 16 -12 4 0 4 0 0 0 72 0 0 0 1 p/box3u5p.dat
4 16 12 80 16 -12 80 16 -8 80 20 8 80 20
4 16 20 80 8 20 80 -8 16 80 -12 16 80 12
4 16 8 80 -20 -8 80 -20 -12 80 -16 12 80 -16
4 16 -16 80 12 -16 80 -12 -20 80 -8 -20 80 8
4 16 16 76 6 6 76 16 12 76 16 16 76 12
4 16 -16 76 12 -12 76 16 -6 76 16 -16 76 6
4 16 16 76 -12 12 76 -16 6 76 -16 16 76 -6
4 16 -16 76 -6 -6 76 -16 -12 76 -16 -16 76 -12
1 16 0 4 0 8 0 0 0 -1 0 0 0 8 p/4-4ndis.dat
3 16 16 4 6 8 4 8 6 4 16
3 16 6 4 16 8 4 8 0 4 8
4 16 6 4 16 0 4 8 -8 4 8 -6 4 16
3 16 6 4 -16 8 4 -8 16 4 -6
3 16 16 4 -6 8 4 -8 8 4 0
4 16 16 4 -6 8 4 0 8 4 8 16 4 6
3 16 -16 4 -6 -8 4 -8 -6 4 -16
3 16 -6 4 -16 -8 4 -8 0 4 -8
4 16 -6 4 -16 0 4 -8 8 4 -8 6 4 -16
3 16 -6 4 16 -8 4 8 -16 4 6
3 16 -16 4 6 -8 4 8 -8 4 0
4 16 -16 4 6 -8 4 0 -8 4 -8 -16 4 -6
1 16 0 0 0 6 0 0 0 1 0 0 0 6 p/4-4ndis.dat
4 16 8 0 20 0 0 6 6 0 6 20 0 8
4 16 -8 0 20 -6 0 6 0 0 6 8 0 20
4 16 20 0 -8 6 0 0 6 0 -6 8 0 -20
4 16 20 0 8 6 0 6 6 0 0 20 0 -8
4 16 -8 0 -20 0 0 -6 -6 0 -6 -20 0 -8
4 16 8 0 -20 6 0 -6 0 0 -6 -8 0 -20
4 16 -20 0 8 -6 0 0 -6 0 6 -8 0 20
4 16 -20 0 -8 -6 0 -6 -6 0 0 -20 0 8
3 16 12 80 16 12 76 16 6 76 16
4 16 12 80 16 6 76 16 -6 76 16 -12 80 16
3 16 -6 76 16 -12 76 16 -12 80 16
1 16 0 40 16 6 0 0 0 0 -36 0 1 0 p/rect3.dat
3 16 16 80 -12 16 76 -12 16 76 -6
4 16 16 80 -12 16 76 -6 16 76 6 16 80 12
3 16 16 76 6 16 76 12 16 80 12
1 16 16 40 0 0 1 0 0 0 -36 -6 0 0 p/rect3.dat
3 16 -12 80 -16 -12 76 -16 -6 76 -16
4 16 -12 80 -16 -6 76 -16 6 76 -16 12 80 -16
3 16 6 76 -16 12 76 -16 12 80 -16
1 16 0 40 -16 -6 0 0 0 0 -36 0 -1 0 p/rect3.dat
3 16 -16 80 12 -16 76 12 -16 76 6
4 16 -16 80 12 -16 76 6 -16 76 -6 -16 80 -12
3 16 -16 76 -6 -16 76 -12 -16 80 -12
1 16 -16 40 0 0 -1 0 0 0 -36 6 0 0 p/rect3.dat
1 16 11 40 11 -5 1 0 0 0 36 5 0 0 p/rect2p.dat
1 16 11 40 -11 5 0 0 0 0 36 5 -1 0 p/rect2p.dat
1 16 -11 40 -11 5 -1 0 0 0 36 -5 0 0 p/rect2p.dat
1 16 -11 40 11 -5 0 0 0 0 36 -5 1 0 p/rect2p.dat
1 16 20 40 0 0 -1 0 -40 0 0 0 0 -8 p/rect.dat
1 16 -20 40 0 0 1 0 -40 0 0 0 0 -8 p/rect.dat
1 16 0 40 20 0 0 -8 -40 0 0 0 -1 0 p/rect.dat
1 16 0 40 -20 0 0 -8 -40 0 0 0 1 0 p/rect.dat
4 16 16 80 12 16 76 12 20 0 8 20 80 8
4 16 -20 80 8 -20 0 8 -16 76 12 -16 80 12
4 16 20 80 -8 20 0 -8 16 76 -12 16 80 -12
4 16 -16 80 -12 -16 76 -12 -20 0 -8 -20 80 -8
4 16 8 80 20 8 0 20 12 76 16 12 80 16
4 16 -12 80 16 -12 76 16 -8 0 20 -8 80 20
4 16 12 80 -16 12 76 -16 8 0 -20 8 80 -20
4 16 -8 80 -20 -8 0 -20 -12 76 -16 -12 80 -16
4 16 20 0 8 16 76 12 12 76 16 8 0 20
4 16 -8 0 20 -12 76 16 -16 76 12 -20 0 8
4 16 8 0 -20 12 76 -16 16 76 -12 20 0 -8
4 16 -20 0 -8 -16 76 -12 -12 76 -16 -8 0 -20
1 16 16 78 0 0 -1 0 0 0 2 12 0 0 p/recte3.dat
1 16 0 78 -16 12 0 0 0 0 2 0 1 0 p/recte3.dat
1 16 -16 78 0 0 1 0 0 0 2 -12 0 0 p/recte3.dat
1 16 0 78 16 -12 0 0 0 0 2 0 -1 0 p/recte3.dat
