0 BFC CERTIFY CCW
1 16 0 0 0 0 0 -1 0 1 0 1 0 0 p/stug-2x1.dat
1 16 0 4 0 0 0 -1 0 -1 0 1 0 0 p/stud3.dat
1 16 -10 0 -20 1 0 0 0 1 0 0 0 1 p/clip6.dat
1 16 10 0 -20 1 0 0 0 1 0 0 0 1 p/clip6.dat
1 16 0 4 -10 0 0 20 -4 0 0 0 20 0 p/box3u2p.dat
3 16 -14 0 -10 -20 0 10 -20 0 -10
3 16 -6 0 -10 -20 0 10 -14 0 -10
4 16 6 0 -10 20 0 10 -20 0 10 -6 0 -10
3 16 14 0 -10 20 0 10 6 0 -10
3 16 20 0 -10 20 0 10 14 0 -10
0 BFC INVERTNEXT
1 16 0 8 0 16 0 0 0 -4 0 0 0 6 p/box5.dat
1 16 -17 4 -10 0 0 3 -4 0 0 0 1 0 p/rect3.dat
1 16 17 4 -10 0 0 -3 -4 0 0 0 1 0 p/rect3.dat
1 16 0 4 -10 0 0 -6 -4 0 0 0 1 0 p/rect.dat
3 16 -20 8 -10 -16 8 -6 -14 8 -10
3 16 -14 8 -10 -16 8 -6 -6 8 -10
4 16 -6 8 -10 -16 8 -6 16 8 -6 6 8 -10
3 16 6 8 -10 16 8 -6 14 8 -10
3 16 14 8 -10 16 8 -6 20 8 -10
4 16 -20 8 10 -16 8 6 -16 8 -6 -20 8 -10
4 16 20 8 10 16 8 6 -16 8 6 -20 8 10
4 16 20 8 -10 16 8 -6 16 8 6 20 8 10
