0 BFC CERTIFY CCW
1 16 0 4 0 0 0 -1 0 -1 0 1 0 0 p/stud3.dat
0 BFC INVERTNEXT
1 16 0 8 0 -16 0 0 0 -4 0 0 0 -6 p/box5.dat
4 16 -20 8 10 -16 8 6 -16 8 -6 -20 8 -10
4 16 -20 8 -10 -16 8 -6 16 8 -6 20 8 -10
4 16 20 8 -10 16 8 -6 16 8 6 20 8 10
4 16 20 8 10 16 8 6 -16 8 6 -20 8 10
1 16 30 2 10 0 0 6 6 0 0 0 1 0 p/2-4edge.dat
1 16 30 2 10 0 0 -6 -6 0 0 0 1 0 p/3-16edge.dat
1 16 30 2 4 0 0 6 6 0 0 0 1 0 p/2-4edge.dat
1 16 30 2 4 0 0 -6 -6 0 0 0 1 0 p/3-16edge.dat
1 16 30 2 -4 0 0 6 6 0 0 0 1 0 p/2-4edge.dat
1 16 30 2 -4 0 0 -6 -6 0 0 0 1 0 p/3-16edge.dat
1 16 30 2 -10 0 0 6 6 0 0 0 1 0 p/2-4edge.dat
1 16 30 2 -10 0 0 -6 -6 0 0 0 1 0 p/3-16edge.dat
1 16 30 2 4 0 0 -4 4 0 0 0 1 0 p/4-4edge.dat
1 16 30 2 -4 0 0 -4 4 0 0 0 1 0 p/4-4edge.dat
4 16 -20 8 10 -20 0 10 24.456 0 10 24.456 8 10
4 16 24.456 8 -10 24.456 0 -10 -20 0 -10 -20 8 -10
1 16 20 4 0 0 -1 0 4 0 0 0 0 -4 p/rect.dat
1 16 -20 4 0 0 1 0 4 0 0 0 0 10 p/rect.dat
4 16 20 0 10 -20 0 10 -20 0 -10 20 0 -10
1 16 30 2 10 0 0 6 6 0 0 0 -1 0 p/4-4disc.dat
1 16 30 2 -10 0 0 -6 6 0 0 0 1 0 p/4-4disc.dat
1 16 30 2 -10 0 0 -6 6 0 0 0 1 0 p/1-4ndis.dat
1 16 30 2 -4 0 0 -6 6 0 0 0 -1 0 p/1-4ndis.dat
1 16 30 2 4 0 0 -6 6 0 0 0 1 0 p/1-4ndis.dat
1 16 30 2 10 0 0 -6 6 0 0 0 -1 0 p/1-4ndis.dat
1 16 30 2 4 0 0 -2 2 0 0 0 1 0 p/4-4ring2.dat
1 16 30 2 -4 0 0 2 2 0 0 0 -1 0 p/4-4ring2.dat
4 16 24.456 8 4 24.456 0 4 20 0 4 20 8 4
4 16 20 8 -4 20 0 -4 24.456 0 -4 24.456 8 -4
4 16 20 8 10 30 8 10 30 8 4 20 8 4
1 16 30 2 10 0 0 6 6 0 0 0 -6 0 p/2-4cyli.dat
1 16 30 2 10 0 0 -6 -6 0 0 0 -6 0 p/3-16cyli.dat
4 16 24.456 -0.298 10 24.397 0 10 24.397 0 4 24.456 -0.298 4
4 16 24.397 0 10 20 0 10 20 0 4 24.397 0 4
4 16 30 8 -10 20 8 -10 20 8 -4 30 8 -4
1 16 30 2 -10 0 0 6 6 0 0 0 6 0 p/2-4cyli.dat
1 16 30 2 -4 0 0 -6 -6 0 0 0 -6 0 p/3-16cyli.dat
4 16 24.456 -0.298 -10 24.456 -0.298 -4 24.397 0 -4 24.397 0 -10
4 16 20 0 -10 24.397 0 -10 24.397 0 -4 20 0 -4
1 16 30 2 4 0 0 -4 4 0 0 0 -8 0 p/4-4cyli.dat
1 16 -10 0 0 0 0 -1 0 1 0 1 0 0 p/stud.dat
1 16 10 0 0 0 0 -1 0 1 0 1 0 0 p/stud.dat
