0 BFC CERTIFY CW
0 BFC INVERTNEXT
1 16 0 28 0 60 0 0 0 28 0 0 0 20 box4.dat
1 16 80 12 0 0 1 0 0 0 12 80 0 0 rect.dat
1 16 -80 12 0 0 -1 0 0 0 12 80 0 0 rect.dat
1 16 0 42 24 0 0 64 14 0 0 0 -1 0 rect.dat
1 16 0 42 -24 0 0 64 14 0 0 0 1 0 rect.dat
1 16 0 42 76 0 0 16 14 0 0 0 1 0 rect.dat
1 16 0 42 -76 0 0 16 14 0 0 0 -1 0 rect.dat
1 16 0 28 0 -1 0 0 0 -1 0 0 0 -1 stud4a.dat
1 16 20 28 0 -1 0 0 0 -1 0 0 0 -1 stud4a.dat
1 16 -20 28 0 -1 0 0 0 -1 0 0 0 -1 stud4a.dat
1 16 40 28 0 -1 0 0 0 -1 0 0 0 -1 stud4a.dat
1 16 -40 28 0 -1 0 0 0 -1 0 0 0 -1 stud4a.dat
1 16 -40 28 0 8 0 0 0 1 0 0 0 8 4-4edge.dat
1 16 -20 28 0 8 0 0 0 1 0 0 0 8 4-4edge.dat
1 16 0 28 0 8 0 0 0 1 0 0 0 8 4-4edge.dat
1 16 20 28 0 8 0 0 0 1 0 0 0 8 4-4edge.dat
1 16 40 28 0 8 0 0 0 1 0 0 0 8 4-4edge.dat
1 16 0 24 0 6 0 0 0 1 0 0 0 6 4-4ndis.dat
1 16 0 28 0 8 0 0 0 -1 0 0 0 8 4-4ndis.dat
1 16 0 24 0 6 0 0 0 1 0 0 0 6 4-4edge.dat
0 BFC INVERTNEXT
1 16 0 24 0 6 0 0 0 4 0 0 0 6 4-4cyli.dat
1 16 0 0 0 1 0 0 0 1 0 0 0 1 s\6054s01.dat
1 16 0 0 0 -1 0 0 0 1 0 0 0 1 s\6054s01.dat
1 16 0 0 0 1 0 0 0 1 0 0 0 -1 s\6054s01.dat
1 16 0 0 0 -1 0 0 0 1 0 0 0 -1 s\6054s01.dat
1 16 40 24 40 1 0 0 0 1 0 0 0 1 stug2-4x4.dat
1 16 -40 24 40 1 0 0 0 1 0 0 0 1 stug2-4x4.dat
1 16 40 24 -40 1 0 0 0 1 0 0 0 1 stug2-4x4.dat
1 16 -40 24 -40 1 0 0 0 1 0 0 0 1 stug2-4x4.dat
