0 BFC CERTIFY CW
1 16 0 12 0 1 0 0 0 -1 0 0 0 1 stud3.dat
1 16 0 12 -18 2 0 0 0 4 0 0 0 2 box5.dat
1 16  10 76 -20 0 -1 0 -60 0 0 0 0 -60 48\1-4edge.dat
1 16   6 76 -20 0 -1 0 -60 0 0 0 0 -60 48\1-4edge.dat
1 16  -6 76 -20 0 -1 0 -60 0 0 0 0 -60 48\1-4edge.dat
1 16 -10 76 -20 0 -1 0 -60 0 0 0 0 -60 48\1-4edge.dat
0 BFC INVERTNEXT
1 16 0 16 -2 6 0 0 0 -4 0 0 0 18 box5.dat
4 16 -6 16 -20 -6 16 -24 6 16 -24 6 16 -20
1 16 0 8 0 10 0 0 0 1 0 0 0 20 rect.dat
1 16 10 80 -20 0 -1 0 -80 0 0 0 0 -80 48\1-4edge.dat
1 16 -10 80 -20 0 -1 0 -80 0 0 0 0 -80 48\1-4edge.dat
4 16 -6 80 -84 6 80 -84 10 80 -80 -10 80 -80
4 16 -6 80 -96 -6 80 -84 -10 80 -80 -10 80 -100
4 16 6 80 -96 -6 80 -96 -10 80 -100 10 80 -100
4 16 6 80 -84 6 80 -96 10 80 -100 10 80 -80
4 16 6 16 16 6 16 -20 10 16 -20 10 16 20
4 16 -6 16 16 6 16 16 10 16 20 -10 16 20
4 16 -6 16 -20 -6 16 16 -10 16 20 -10 16 -20
4 16 10 16 20 10 8 20 -10 8 20 -10 16 20
4 16 10 8 -20 10 0 -20 -10 0 -20 -10 8 -20
4 16 -6 4.39 -24 6 4.39 -24 6 16 -24 -6 16 -24
4 16 10 80 -80 10 76 -80 -10 76 -80 -10 80 -80
4 16 6 76 -80 6 33.89 -80 -6 33.89 -80 -6 76 -80
4 16 -6 39.3 -84 6 39.3 -84 6 80 -84 -6 80 -84
0 BFC INVERTNEXT
1 16  10 76 -20 0 -4 0 -60 0 0 0 0 -60 48\1-4cyli.dat
0 BFC INVERTNEXT
1 16  -10 76 -20 0 4 0 -60 0 0 0 0 -60 48\1-4cyli.dat
1 16 10 80 -20 0 -20 0 -80 0 0 0 0 -80 48\1-4cyli.dat
4 16 -6 4.6536 -29.918 6 4.6536 -29.918 6 4.264 -24 -6 4.264 -24
4 16 -6 6.5916 -39.6688 6 6.5916 -39.6688 6 4.6536 -29.918 -6 4.6536 -29.918
4 16 -6 9.7836 -49.0852 6 9.7836 -49.0852 6 6.5916 -39.6688 -6 6.5916 -39.6688
4 16 -6 14.184 -58 6 14.184 -58 6 9.7836 -49.0852 -6 9.7836 -49.0852
4 16 -6 19.7016 -66.2688 6 19.7016 -66.2688 6 14.184 -58 -6 14.184 -58
4 16 -6 26.2604 -73.7396 6 26.2604 -73.7396 6 19.7016 -66.2688 -6 19.7016 -66.2688
4 16 -6 33.7312 -80.2984 6 33.7312 -80.2984 6 26.2604 -73.7396 -6 26.2604 -73.7396
4 16 -6 42 -85.816 6 42 -85.816 6 33.7312 -80.2984 -6 33.7312 -80.2984
4 16 -6 50.9148 -90.2164 6 50.9148 -90.2164 6 42 -85.816 -6 42 -85.816
4 16 -6 60.3312 -93.4084 6 60.3312 -93.4084 6 50.9148 -90.2164 -6 50.9148 -90.2164
4 16 -6 70.082 -95.3464 6 70.082 -95.3464 6 60.3312 -93.4084 -6 60.3312 -93.4084
4 16 -6 80 -96 6 80 -96 6 70.082 -95.3464 -6 70.082 -95.3464
1 16 10 80 -20 0 -1 0 -10 0 0 0 0 -10 48\1-4ring7.dat
1 16 10 76 -20 0 -1 0 -10 0 0 0 0 -10 48\1-4ring6.dat
4 16 10 76 -90 10 76 -80 10 80 -80 10 80 -90
0 BFC INVERTNEXT
1 16 6 80 -20 0 -1 0 -9.5 0 0 0 0 -9.5 48\1-4ring7.dat
0 BFC INVERTNEXT
1 16 6 76 -20 0 -1 0 -10 0 0 0 0 -10 48\1-4ring6.dat
4 16 6 80 -84 6 76 -84 6 76 -90 6 80 -90
1 16 -6 80 -20 0 -1 0 -9.5 0 0 0 0 -9.5 48\1-4ring7.dat
1 16 -6 76 -20 0 -1 0 -10 0 0 0 0 -10 48\1-4ring6.dat
4 16 -6 76 -90 -6 76 -84 -6 80 -84 -6 80 -90
0 BFC INVERTNEXT
1 16 -10 80 -20 0 -1 0 -10 0 0 0 0 -10 48\1-4ring7.dat
0 BFC INVERTNEXT
1 16 -10 76 -20 0 -1 0 -10 0 0 0 0 -10 48\1-4ring6.dat
4 16 -10 80 -80 -10 76 -80 -10 76 -90 -10 80 -90
4 16 10 8 -20 10 8 20 10 16 20 10 16 -20
4 16 -10 16 20 -10 8 20 -10 8 -20 -10 16 -20
1 16 0 8 10 1 0 0 0 1 0 0 0 1 stud.dat
1 16 0 8 -10 1 0 0 0 1 0 0 0 1 stud.dat
