0 BFC CERTIFY CCW
3 16 -7.14 0.54 4.13 -8.25 0.54 0.00 -14.26 0.54 10.34
4 16 -8.25 0.54 0.00 -7.15 0.54 -4.12 -14.26 0.54 -10.16 -14.26 0.54 10.34
3 16 -7.15 0.54 -4.12 -4.13 0.54 -7.14 -14.26 0.54 -10.16
3 16 -7.14 0.54 4.13 -14.26 0.54 10.34 -4.12 0.54 7.15
3 16 -4.12 0.54 7.15 -14.26 0.54 10.34 0.00 0.54 8.25
3 16 -14.26 0.54 10.34 13.38 0.54 10.34 0.00 0.54 8.25
3 16 0.00 0.54 8.25 13.38 0.54 10.34 4.13 0.54 7.14
3 16 4.13 0.54 7.14 13.38 0.54 10.34 7.15 0.54 4.12
3 16 7.15 0.54 4.12 13.38 0.54 10.34 8.25 0.54 -0.00
4 16 8.25 0.54 -0.00 13.38 0.54 10.34 13.38 0.54 -10.16 7.14 0.54 -4.13
3 16 7.14 0.54 -4.13 13.38 0.54 -10.16 4.12 0.54 -7.15
3 16 4.12 0.54 -7.15 13.38 0.54 -10.16 -0.00 0.54 -8.25
3 16 13.38 0.54 -10.16 -14.26 0.54 -10.16 -0.00 0.54 -8.25
3 16 -14.26 0.54 -10.16 -4.13 0.54 -7.14 -0.00 0.54 -8.25
4 16 -14.24 5.64 -10.16 -14.76 2.37 -10.16 14.48 4.05 -10.16 -0.04 12.82 -10.16
4 16 14.48 4.05 -10.16 15.58 12.71 -10.16 2.53 17.32 -10.16 -0.04 12.82 -10.16
4 16 -14.26 0.54 -10.16 13.38 0.54 -10.16 14.48 4.05 -10.16 -14.76 2.37 -10.16
4 16 -0.04 12.82 -10.16 -3.30 17.28 -10.16 -15.63 12.71 -10.16 -14.24 5.64 -10.16
3 16 17.78 34.65 -10.16 15.68 35.08 -10.16 17.40 30.10 -10.16
3 16 -6.18 34.08 -10.16 -8.53 35.01 -10.16 -6.34 30.19 -10.16
4 16 -16.72 34.16 -10.16 -17.57 31.10 -10.16 -15.91 26.06 -10.16 -13.83 34.75 -10.16
3 16 -13.32 35.38 -10.16 -13.83 34.75 -10.16 -9.20 35.41 -10.16
4 16 -9.20 35.41 -10.16 -13.83 34.75 -10.16 -6.34 30.19 -10.16 -8.53 35.01 -10.16
4 16 -15.91 26.06 -10.16 -7.04 27.06 -10.16 -6.34 30.19 -10.16 -13.83 34.75 -10.16
4 16 -7.04 27.06 -10.16 -15.91 26.06 -10.16 -16.19 25.46 -10.16 -6.57 26.05 -10.16
4 16 -6.18 22.03 -10.16 -6.57 26.05 -10.16 -16.19 25.46 -10.16 -15.80 20.87 -10.16
4 16 -6.18 22.03 -10.16 -15.80 20.87 -10.16 -15.17 20.19 -10.16 -6.56 20.75 -10.16
4 16 -6.56 20.75 -10.16 -15.17 20.19 -10.16 -15.63 12.71 -10.16 -3.30 17.28 -10.16
4 16 2.53 17.32 -10.16 15.58 12.71 -10.16 15.24 20.62 -10.16 6.35 21.00 -10.16
4 16 6.31 21.67 -10.16 6.35 21.00 -10.16 15.24 20.62 -10.16 15.93 21.47 -10.16
4 16 7.16 26.63 -10.16 6.31 21.67 -10.16 15.93 21.47 -10.16 16.43 26.17 -10.16
4 16 16.43 26.17 -10.16 16.14 26.66 -10.16 7.48 27.10 -10.16 7.16 26.63 -10.16
3 16 -14.26 5.29 10.34 -11.45 8.66 10.34 13.38 7.15 10.34
4 16 6.96 12.53 10.34 13.38 7.15 10.34 -11.45 8.66 10.34 -7.44 12.43 10.34
4 16 13.38 7.15 10.34 13.38 0.54 10.34 -14.26 0.54 10.34 -14.26 5.29 10.34
4 16 6.85 13.01 10.34 6.96 12.53 10.34 -7.44 12.43 10.34 -7.46 12.92 10.34
4 16 -7.46 12.92 10.34 -7.46 17.87 10.34 6.85 17.97 10.34 6.85 13.01 10.34
4 16 6.85 17.97 10.34 -7.46 17.87 10.34 -7.02 18.90 10.34 6.25 18.98 10.34
3 16 -7.02 18.90 10.34 -7.56 22.12 10.34 6.25 18.98 10.34
4 16 6.25 18.98 10.34 -7.56 22.12 10.34 -9.14 27.28 10.34 7.40 23.17 10.34
4 16 7.40 23.17 10.34 -9.14 27.28 10.34 -8.32 30.32 10.34 8.94 28.24 10.34
4 16 6.20 30.45 10.34 8.94 28.24 10.34 -8.32 30.32 10.34 -5.85 32.11 10.34
4 16 4.10 33.49 10.34 6.20 30.45 10.34 -5.85 32.11 10.34 1.48 33.58 10.34
4 16 0.76 34.22 10.34 1.48 33.58 10.34 -5.85 32.11 10.34 -4.97 34.21 10.34
3 16 -15.09 4.16 10.82 -15.00 1.69 10.51 -13.11 3.38 13.57
3 16 -12.17 -3.16 12.06 -13.11 3.38 13.57 -13.61 -3.70 9.24
3 16 -13.11 3.38 13.57 -15.00 1.69 10.51 -13.61 -3.70 9.24
3 16 -13.61 -3.70 9.24 -10.91 -9.92 8.79 -12.17 -3.16 12.06
3 16 -12.17 -3.16 12.06 -10.91 -9.92 8.79 -9.75 -9.09 11.19
3 16 -9.82 35.27 -13.17 -9.82 34.40 -13.83 -12.96 35.27 -13.64
3 16 -12.96 35.27 -13.64 -9.82 34.40 -13.83 -12.96 34.40 -14.01
4 16 -9.82 34.40 -13.83 -9.82 30.36 -14.20 -12.96 30.36 -14.38 -12.96 34.40 -14.01
3 16 -12.81 26.47 -13.93 -12.96 30.36 -14.38 -9.82 26.63 -13.82
3 16 -12.96 30.36 -14.38 -9.82 30.36 -14.20 -9.82 26.63 -13.82
3 16 -8.88 34.61 -12.77 -8.88 30.36 -12.85 -9.82 34.40 -13.83
3 16 -9.82 30.36 -14.20 -9.82 34.40 -13.83 -8.88 30.36 -12.85
3 16 -9.82 26.63 -13.82 -9.82 30.36 -14.20 -8.88 26.81 -12.97
3 16 -9.82 30.36 -14.20 -8.88 30.36 -12.85 -8.88 26.81 -12.97
3 16 -8.88 30.36 -12.85 -8.88 34.61 -12.77 -7.40 30.36 -12.67
3 16 -7.40 30.36 -12.67 -8.88 34.61 -12.77 -7.12 34.40 -12.77
3 16 -7.40 30.36 -12.67 -7.76 26.81 -12.43 -8.88 30.36 -12.85
3 16 -8.88 26.81 -12.97 -8.88 30.36 -12.85 -7.76 26.81 -12.43
3 16 -7.40 30.36 -12.67 -7.12 34.40 -12.77 -6.34 30.19 -10.16
3 16 -6.34 30.19 -10.16 -7.12 34.40 -12.77 -6.18 34.08 -10.16
3 16 -7.76 26.81 -12.43 -7.40 30.36 -12.67 -7.04 27.06 -10.16
3 16 -7.40 30.36 -12.67 -6.34 30.19 -10.16 -7.04 27.06 -10.16
3 16 -12.96 34.40 -14.01 -12.96 30.36 -14.38 -13.99 34.17 -13.58
3 16 -13.99 34.17 -13.58 -12.96 30.36 -14.38 -13.99 30.36 -13.30
3 16 -13.81 26.47 -13.08 -13.99 30.36 -13.30 -12.81 26.47 -13.93
3 16 -13.99 30.36 -13.30 -12.96 30.36 -14.38 -12.81 26.47 -13.93
3 16 -13.99 34.17 -13.58 -13.99 30.36 -13.30 -16.58 33.89 -13.04
3 16 -16.58 33.89 -13.04 -13.99 30.36 -13.30 -16.66 30.96 -12.93
3 16 -15.00 26.38 -12.51 -16.66 30.96 -12.93 -13.81 26.47 -13.08
3 16 -13.99 30.36 -13.30 -13.81 26.47 -13.08 -16.66 30.96 -12.93
3 16 -15.91 26.06 -10.16 -17.57 31.10 -10.16 -15.00 26.38 -12.51
3 16 -17.57 31.10 -10.16 -16.66 30.96 -12.93 -15.00 26.38 -12.51
3 16 -12.96 35.27 -13.64 -12.96 34.40 -14.01 -13.99 34.17 -13.58
3 16 -8.88 34.61 -12.77 -9.82 34.40 -13.83 -9.82 35.27 -13.17
3 16 -9.82 35.27 -13.17 -9.20 35.41 -10.16 -8.88 34.61 -12.77
3 16 -8.88 34.61 -12.77 -9.20 35.41 -10.16 -8.53 35.01 -10.16
3 16 -13.99 34.17 -13.58 -13.83 34.75 -10.16 -12.96 35.27 -13.64
3 16 -12.96 35.27 -13.64 -13.83 34.75 -10.16 -13.32 35.38 -10.16
3 16 -9.20 35.41 -10.16 -9.82 35.27 -13.17 -13.32 35.38 -10.16
3 16 -12.96 35.27 -13.64 -13.32 35.38 -10.16 -9.82 35.27 -13.17
3 16 -13.83 34.75 -10.16 -13.99 34.17 -13.58 -16.72 34.16 -10.16
3 16 -16.72 34.16 -10.16 -13.99 34.17 -13.58 -16.58 33.89 -13.04
3 16 -6.18 34.08 -10.16 -7.12 34.40 -12.77 -8.53 35.01 -10.16
3 16 -7.12 34.40 -12.77 -8.88 34.61 -12.77 -8.53 35.01 -10.16
3 16 -11.96 25.77 -14.86 -12.81 26.47 -13.93 -9.57 26.02 -14.57
3 16 -12.81 26.47 -13.93 -9.82 26.63 -13.82 -9.57 26.02 -14.57
3 16 -8.88 26.81 -12.97 -8.05 26.11 -13.64 -9.82 26.63 -13.82
3 16 -9.57 26.02 -14.57 -9.82 26.63 -13.82 -8.05 26.11 -13.64
3 16 -7.76 26.81 -12.43 -6.96 26.10 -12.42 -8.88 26.81 -12.97
3 16 -8.05 26.11 -13.64 -8.88 26.81 -12.97 -6.96 26.10 -12.42
3 16 -6.96 26.10 -12.42 -7.76 26.81 -12.43 -6.57 26.05 -10.16
3 16 -7.76 26.81 -12.43 -7.04 27.06 -10.16 -6.57 26.05 -10.16
3 16 -12.81 26.47 -13.93 -11.96 25.77 -14.86 -13.81 26.47 -13.08
3 16 -13.99 25.54 -14.08 -13.81 26.47 -13.08 -11.96 25.77 -14.86
3 16 -13.81 26.47 -13.08 -13.99 25.54 -14.08 -15.00 26.38 -12.51
3 16 -15.29 25.46 -12.74 -15.00 26.38 -12.51 -13.99 25.54 -14.08
3 16 -15.00 26.38 -12.51 -15.29 25.46 -12.74 -15.91 26.06 -10.16
3 16 -16.19 25.46 -10.16 -15.91 26.06 -10.16 -15.29 25.46 -12.74
3 16 -11.03 21.10 -15.01 -11.96 25.77 -14.86 -8.79 21.40 -14.59
3 16 -11.96 25.77 -14.86 -9.57 26.02 -14.57 -8.79 21.40 -14.59
3 16 -8.79 21.40 -14.59 -9.57 26.02 -14.57 -7.44 21.63 -13.57
3 16 -9.57 26.02 -14.57 -8.05 26.11 -13.64 -7.44 21.63 -13.57
3 16 -7.44 21.63 -13.57 -8.05 26.11 -13.64 -6.55 21.79 -12.34
3 16 -8.05 26.11 -13.64 -6.96 26.10 -12.42 -6.55 21.79 -12.34
4 16 -6.55 21.79 -12.34 -6.96 26.10 -12.42 -6.57 26.05 -10.16 -6.18 22.03 -10.16
3 16 -11.96 25.77 -14.86 -11.03 21.10 -15.01 -13.99 25.54 -14.08
3 16 -13.00 20.93 -14.40 -13.99 25.54 -14.08 -11.03 21.10 -15.01
3 16 -13.99 25.54 -14.08 -13.00 20.93 -14.40 -15.29 25.46 -12.74
3 16 -14.85 20.84 -12.76 -15.29 25.46 -12.74 -13.00 20.93 -14.40
4 16 -8.79 21.40 -14.59 -8.55 20.58 -13.60 -9.65 20.46 -13.83 -11.03 21.10 -15.01
3 16 -11.03 21.10 -15.01 -9.65 20.46 -13.83 -11.39 20.42 -14.20
3 16 -7.44 21.63 -13.57 -8.55 20.58 -13.60 -8.79 21.40 -14.59
3 16 -8.55 20.58 -13.60 -7.44 21.63 -13.57 -6.72 20.74 -11.46
3 16 -7.44 21.63 -13.57 -6.55 21.79 -12.34 -6.72 20.74 -11.46
3 16 -6.55 21.79 -12.34 -6.18 22.03 -10.16 -6.72 20.74 -11.46
3 16 -6.18 22.03 -10.16 -6.56 20.75 -10.16 -6.72 20.74 -11.46
3 16 -11.03 21.10 -15.01 -11.39 20.42 -14.20 -13.00 20.93 -14.40
3 16 -13.00 20.93 -14.40 -11.39 20.42 -14.20 -13.03 20.13 -13.17
4 16 -13.00 20.93 -14.40 -13.03 20.13 -13.17 -14.76 20.05 -11.65 -14.85 20.84 -12.76
3 16 -14.85 20.84 -12.76 -14.76 20.05 -11.65 -15.80 20.87 -10.16
3 16 -15.80 20.87 -10.16 -14.76 20.05 -11.65 -15.17 20.19 -10.16
3 16 -6.72 20.74 -11.46 -2.75 16.96 -13.16 -8.55 20.58 -13.60
3 16 -4.76 16.90 -14.97 -8.55 20.58 -13.60 -2.75 16.96 -13.16
3 16 -2.75 16.96 -13.16 -6.72 20.74 -11.46 -3.30 17.28 -10.16
3 16 -6.72 20.74 -11.46 -6.56 20.75 -10.16 -3.30 17.28 -10.16
3 16 -1.97 12.42 -15.36 -4.76 16.90 -14.97 -0.03 13.12 -13.44
3 16 -4.76 16.90 -14.97 -2.75 16.96 -13.16 -0.03 13.12 -13.44
3 16 -3.30 17.28 -10.16 -0.04 12.82 -10.16 -2.75 16.96 -13.16
3 16 -2.75 16.96 -13.16 -0.04 12.82 -10.16 -0.03 13.12 -13.44
3 16 -1.97 12.42 -15.36 -0.03 13.12 -13.44 -0.11 6.68 -14.83
3 16 -9.38 14.95 -17.11 -11.39 20.42 -14.20 -7.70 16.14 -15.27
3 16 -11.39 20.42 -14.20 -9.65 20.46 -13.83 -7.70 16.14 -15.27
3 16 -11.39 20.42 -14.20 -9.38 14.95 -17.11 -13.03 20.13 -13.17
3 16 -12.36 14.75 -14.41 -13.03 20.13 -13.17 -9.38 14.95 -17.11
4 16 -6.71 8.38 -18.37 -9.38 14.95 -17.11 -7.70 16.14 -15.27 -3.87 9.81 -15.53
3 16 -4.14 2.86 -17.18 -6.71 8.38 -18.37 -1.87 4.69 -15.08
3 16 -6.71 8.38 -18.37 -3.87 9.81 -15.53 -1.87 4.69 -15.08
3 16 -1.46 -2.26 -14.97 -4.14 2.86 -17.18 -0.32 -1.58 -14.24
3 16 -4.14 2.86 -17.18 -1.87 4.69 -15.08 -0.32 -1.58 -14.24
3 16 -1.46 -2.26 -14.97 -4.71 0.00 -15.99 -4.14 2.86 -17.18
3 16 -9.25 4.69 -16.11 -4.14 2.86 -17.18 -4.71 0.00 -15.99
3 16 -1.46 -2.26 -14.97 -0.32 -1.58 -14.24 -0.13 -3.63 -14.65
3 16 0.04 -4.34 -14.67 -2.24 -2.78 -15.17 -0.13 -3.63 -14.65
3 16 -1.46 -2.26 -14.97 -0.13 -3.63 -14.65 -2.24 -2.78 -15.17
3 16 -1.46 -2.26 -14.97 -2.24 -2.78 -15.17 -4.71 0.00 -15.99
3 16 -8.55 20.58 -13.60 -4.76 16.90 -14.97 -9.65 20.46 -13.83
3 16 -9.65 20.46 -13.83 -4.76 16.90 -14.97 -7.70 16.14 -15.27
3 16 -3.87 9.81 -15.53 -7.70 16.14 -15.27 -1.97 12.42 -15.36
3 16 -7.70 16.14 -15.27 -4.76 16.90 -14.97 -1.97 12.42 -15.36
3 16 -1.97 12.42 -15.36 -0.11 6.68 -14.83 -3.87 9.81 -15.53
3 16 -0.11 6.68 -14.83 -1.87 4.69 -15.08 -3.87 9.81 -15.53
3 16 -1.87 4.69 -15.08 -0.11 6.68 -14.83 -0.32 -1.58 -14.24
3 16 -14.76 20.05 -11.65 -14.83 11.97 -13.65 -15.17 20.19 -10.16
3 16 -15.63 12.71 -10.16 -15.17 20.19 -10.16 -14.83 11.97 -13.65
3 16 -14.83 11.97 -13.65 -13.24 4.27 -14.75 -15.63 12.71 -10.16
3 16 -14.24 5.64 -10.16 -15.63 12.71 -10.16 -13.24 4.27 -14.75
3 16 -14.83 11.97 -13.65 -10.76 9.48 -15.60 -13.24 4.27 -14.75
3 16 -10.76 9.48 -15.60 -9.25 4.69 -16.11 -13.24 4.27 -14.75
3 16 -10.76 9.48 -15.60 -14.83 11.97 -13.65 -12.36 14.75 -14.41
3 16 -14.83 11.97 -13.65 -14.76 20.05 -11.65 -12.36 14.75 -14.41
3 16 -13.03 20.13 -13.17 -12.36 14.75 -14.41 -14.76 20.05 -11.65
3 16 10.91 34.90 -14.70 10.58 35.83 -13.37 14.46 34.48 -14.91
3 16 10.58 35.83 -13.37 14.68 35.60 -13.66 14.46 34.48 -14.91
3 16 11.10 26.97 -14.14 11.00 30.54 -14.48 13.67 26.84 -14.04
3 16 11.00 30.54 -14.48 14.12 30.25 -14.64 13.67 26.84 -14.04
3 16 9.74 30.67 -13.41 9.86 35.37 -13.46 11.00 30.54 -14.48
3 16 10.91 34.90 -14.70 11.00 30.54 -14.48 9.86 35.37 -13.46
3 16 11.00 30.54 -14.48 11.10 26.97 -14.14 9.74 30.67 -13.41
3 16 11.10 26.97 -14.14 9.89 27.38 -13.20 9.74 30.67 -13.41
3 16 9.86 35.37 -13.46 9.74 30.67 -13.41 7.88 34.73 -13.45
3 16 9.74 30.67 -13.41 7.56 30.72 -13.35 7.88 34.73 -13.45
3 16 8.76 27.11 -13.00 7.56 30.72 -13.35 9.89 27.38 -13.20
3 16 9.74 30.67 -13.41 9.89 27.38 -13.20 7.56 30.72 -13.35
3 16 15.14 34.97 -12.79 14.80 30.37 -12.86 14.46 34.48 -14.91
3 16 14.46 34.48 -14.91 14.80 30.37 -12.86 14.12 30.25 -14.64
3 16 14.80 30.37 -12.86 14.29 26.95 -13.16 14.12 30.25 -14.64
3 16 14.12 30.25 -14.64 14.29 26.95 -13.16 13.67 26.84 -14.04
3 16 14.80 30.37 -12.86 15.14 34.97 -12.79 16.68 30.12 -12.37
3 16 15.14 34.97 -12.79 17.51 34.59 -11.93 16.68 30.12 -12.37
3 16 16.68 30.12 -12.37 15.42 26.76 -12.57 14.80 30.37 -12.86
3 16 14.80 30.37 -12.86 15.42 26.76 -12.57 14.29 26.95 -13.16
3 16 16.68 30.12 -12.37 17.51 34.59 -11.93 17.40 30.10 -10.16
3 16 17.51 34.59 -11.93 17.78 34.65 -10.16 17.40 30.10 -10.16
3 16 14.68 35.60 -13.66 15.14 34.97 -12.79 14.46 34.48 -14.91
3 16 9.86 35.37 -13.46 10.58 35.83 -13.37 10.91 34.90 -14.70
3 16 9.86 35.37 -13.46 9.57 35.58 -10.16 10.58 35.83 -13.37
3 16 9.57 35.58 -10.16 10.13 35.83 -10.16 10.58 35.83 -13.37
3 16 14.68 35.60 -13.66 15.12 35.45 -10.16 15.14 34.97 -12.79
3 16 15.12 35.45 -10.16 15.68 35.08 -10.16 15.14 34.97 -12.79
3 16 10.58 35.83 -13.37 10.13 35.83 -10.16 14.68 35.60 -13.66
3 16 15.12 35.45 -10.16 14.68 35.60 -13.66 10.13 35.83 -10.16
3 16 15.14 34.97 -12.79 15.68 35.08 -10.16 17.51 34.59 -11.93
3 16 15.68 35.08 -10.16 17.78 34.65 -10.16 17.51 34.59 -11.93
3 16 7.88 34.73 -13.45 7.32 35.23 -10.16 9.86 35.37 -13.46
3 16 7.32 35.23 -10.16 9.57 35.58 -10.16 9.86 35.37 -13.46
3 16 10.91 26.21 -15.51 11.10 26.97 -14.14 13.60 26.00 -14.98
3 16 13.67 26.84 -14.04 13.60 26.00 -14.98 11.10 26.97 -14.14
3 16 10.91 26.21 -15.51 9.00 26.37 -14.51 11.10 26.97 -14.14
3 16 11.10 26.97 -14.14 9.00 26.37 -14.51 9.89 27.38 -13.20
3 16 7.49 26.55 -13.08 8.76 27.11 -13.00 9.00 26.37 -14.51
3 16 9.89 27.38 -13.20 9.00 26.37 -14.51 8.76 27.11 -13.00
3 16 8.76 27.11 -13.00 7.49 26.55 -13.08 7.48 27.10 -10.16
3 16 7.49 26.55 -13.08 7.16 26.63 -10.16 7.48 27.10 -10.16
3 16 13.60 26.00 -14.98 13.67 26.84 -14.04 14.85 26.03 -14.16
3 16 14.29 26.95 -13.16 14.85 26.03 -14.16 13.67 26.84 -14.04
3 16 15.64 26.06 -13.50 15.42 26.76 -12.57 16.43 26.17 -10.16
3 16 16.14 26.66 -10.16 16.43 26.17 -10.16 15.42 26.76 -12.57
3 16 13.60 26.00 -14.98 12.05 21.14 -15.40 10.91 26.21 -15.51
3 16 12.05 21.14 -15.40 9.72 21.40 -15.32 10.91 26.21 -15.51
3 16 10.91 26.21 -15.51 9.72 21.40 -15.32 9.00 26.37 -14.51
3 16 9.72 21.40 -15.32 7.79 21.56 -14.17 9.00 26.37 -14.51
3 16 9.00 26.37 -14.51 7.79 21.56 -14.17 7.49 26.55 -13.08
3 16 7.79 21.56 -14.17 6.60 21.65 -12.88 7.49 26.55 -13.08
3 16 12.05 21.14 -15.40 13.60 26.00 -14.98 13.96 21.12 -14.48
3 16 14.85 26.03 -14.16 13.96 21.12 -14.48 13.60 26.00 -14.98
3 16 13.96 21.12 -14.48 14.85 26.03 -14.16 15.29 21.24 -12.85
3 16 15.64 26.06 -13.50 15.29 21.24 -12.85 14.85 26.03 -14.16
4 16 15.29 21.24 -12.85 15.64 26.06 -13.50 16.43 26.17 -10.16 15.93 21.47 -10.16
3 16 9.72 21.40 -15.32 12.05 21.14 -15.40 10.09 20.68 -14.45
3 16 12.05 21.14 -15.40 12.00 20.53 -14.69 10.09 20.68 -14.45
3 16 7.79 21.56 -14.17 9.72 21.40 -15.32 9.06 20.91 -14.71
3 16 9.72 21.40 -15.32 10.09 20.68 -14.45 9.06 20.91 -14.71
3 16 9.06 20.91 -14.71 6.76 21.07 -12.63 7.79 21.56 -14.17
3 16 7.79 21.56 -14.17 6.76 21.07 -12.63 6.60 21.65 -12.88
3 16 6.60 21.65 -12.88 6.76 21.07 -12.63 6.31 21.67 -10.16
3 16 6.76 21.07 -12.63 6.35 21.00 -10.16 6.31 21.67 -10.16
3 16 13.96 21.12 -14.48 12.90 20.44 -14.00 12.05 21.14 -15.40
3 16 12.90 20.44 -14.00 12.00 20.53 -14.69 12.05 21.14 -15.40
3 16 15.29 21.24 -12.85 14.34 20.56 -13.37 13.96 21.12 -14.48
3 16 14.34 20.56 -13.37 12.90 20.44 -14.00 13.96 21.12 -14.48
3 16 14.34 20.56 -13.37 15.29 21.24 -12.85 15.24 20.62 -10.16
3 16 15.93 21.47 -10.16 15.24 20.62 -10.16 15.29 21.24 -12.85
3 16 9.06 20.91 -14.71 5.22 15.20 -16.06 6.76 21.07 -12.63
3 16 5.22 15.20 -16.06 2.55 16.88 -13.13 6.76 21.07 -12.63
3 16 6.76 21.07 -12.63 2.55 16.88 -13.13 6.35 21.00 -10.16
3 16 6.35 21.00 -10.16 2.55 16.88 -13.13 2.53 17.32 -10.16
3 16 5.22 15.20 -16.06 3.08 10.28 -16.25 2.55 16.88 -13.13
3 16 2.55 16.88 -13.13 3.08 10.28 -16.25 -0.03 13.12 -13.44
3 16 -0.04 12.82 -10.16 2.53 17.32 -10.16 -0.03 13.12 -13.44
3 16 2.53 17.32 -10.16 2.55 16.88 -13.13 -0.03 13.12 -13.44
3 16 3.08 10.28 -16.25 -0.11 6.68 -14.83 -0.03 13.12 -13.44
3 16 7.00 14.59 -15.42 10.09 20.68 -14.45 10.18 13.88 -16.60
3 16 12.00 20.53 -14.69 10.18 13.88 -16.60 10.09 20.68 -14.45
3 16 12.90 20.44 -14.00 12.76 14.88 -14.42 12.00 20.53 -14.69
3 16 12.76 14.88 -14.42 10.18 13.88 -16.60 12.00 20.53 -14.69
3 16 4.88 9.71 -15.56 7.00 14.59 -15.42 8.65 8.88 -17.12
3 16 10.18 13.88 -16.60 8.65 8.88 -17.12 7.00 14.59 -15.42
3 16 12.76 14.88 -14.42 12.18 10.31 -14.65 10.18 13.88 -16.60
3 16 10.18 13.88 -16.60 12.18 10.31 -14.65 8.65 8.88 -17.12
3 16 8.65 8.88 -17.12 7.22 4.82 -16.52 4.88 9.71 -15.56
3 16 7.22 4.82 -16.52 3.72 5.40 -15.19 4.88 9.71 -15.56
3 16 7.22 4.82 -16.52 8.65 8.88 -17.12 11.06 6.80 -15.47
3 16 12.18 10.31 -14.65 11.06 6.80 -15.47 8.65 8.88 -17.12
3 16 -0.32 -1.58 -14.24 1.84 4.90 -15.94 1.15 -1.36 -14.93
3 16 6.00 1.67 -15.73 2.57 -0.14 -14.55 3.72 5.40 -15.19
3 16 0.04 -4.34 -14.67 -0.13 -3.63 -14.65 2.10 -2.54 -14.50
3 16 1.15 -1.36 -14.93 2.10 -2.54 -14.50 -0.13 -3.63 -14.65
3 16 5.22 15.20 -16.06 9.06 20.91 -14.71 7.00 14.59 -15.42
3 16 9.06 20.91 -14.71 10.09 20.68 -14.45 7.00 14.59 -15.42
3 16 3.08 10.28 -16.25 5.22 15.20 -16.06 4.88 9.71 -15.56
3 16 5.22 15.20 -16.06 7.00 14.59 -15.42 4.88 9.71 -15.56
3 16 3.08 10.28 -16.25 1.84 4.90 -15.94 -0.11 6.68 -14.83
3 16 1.84 4.90 -15.94 -0.32 -1.58 -14.24 -0.11 6.68 -14.83
3 16 15.24 20.62 -10.16 15.58 12.71 -10.16 14.34 20.56 -13.37
3 16 14.34 20.56 -13.37 15.58 12.71 -10.16 14.47 13.57 -13.70
3 16 15.58 12.71 -10.16 14.48 4.05 -10.16 14.47 13.57 -13.70
3 16 14.47 13.57 -13.70 14.48 4.05 -10.16 13.91 5.99 -13.98
3 16 14.47 13.57 -13.70 13.91 5.99 -13.98 12.18 10.31 -14.65
3 16 12.18 10.31 -14.65 13.91 5.99 -13.98 11.06 6.80 -15.47
3 16 12.18 10.31 -14.65 12.76 14.88 -14.42 14.47 13.57 -13.70
3 16 14.34 20.56 -13.37 14.47 13.57 -13.70 12.90 20.44 -14.00
3 16 12.76 14.88 -14.42 12.90 20.44 -14.00 14.47 13.57 -13.70
3 16 1.84 4.90 -15.94 3.08 10.28 -16.25 3.72 5.40 -15.19
3 16 3.08 10.28 -16.25 4.88 9.71 -15.56 3.72 5.40 -15.19
3 16 2.10 -2.54 -14.50 2.57 -0.14 -14.55 2.94 -1.20 -14.43
4 16 1.15 -1.36 -14.93 1.84 4.90 -15.94 3.72 5.40 -15.19 2.57 -0.14 -14.55
3 16 6.00 1.67 -15.73 7.22 4.82 -16.52 11.06 6.80 -15.47
3 16 3.72 5.40 -15.19 7.22 4.82 -16.52 6.00 1.67 -15.73
3 16 6.00 1.67 -15.73 2.94 -1.20 -14.43 2.57 -0.14 -14.55
3 16 -9.25 4.69 -16.11 -4.71 0.00 -15.99 -10.24 3.35 -18.86
3 16 -4.71 0.00 -15.99 -6.14 -1.35 -17.64 -10.24 3.35 -18.86
3 16 0.64 -7.86 -15.72 -2.83 -5.21 -17.00 0.04 -4.34 -14.67
3 16 -2.24 -2.78 -15.17 0.04 -4.34 -14.67 -2.83 -5.21 -17.00
3 16 2.10 -2.54 -14.50 3.87 -6.19 -16.99 0.04 -4.34 -14.67
3 16 3.87 -6.19 -16.99 0.64 -7.86 -15.72 0.04 -4.34 -14.67
3 16 -2.83 -5.21 -17.00 -6.14 -1.35 -17.64 -2.24 -2.78 -15.17
3 16 -2.24 -2.78 -15.17 -6.14 -1.35 -17.64 -4.71 0.00 -15.99
3 16 11.06 6.80 -15.47 10.83 4.71 -18.32 6.00 1.67 -15.73
3 16 10.83 4.71 -18.32 7.98 -0.15 -17.77 6.00 1.67 -15.73
3 16 13.91 5.99 -13.98 13.80 3.66 -17.45 11.06 6.80 -15.47
3 16 13.80 3.66 -17.45 10.83 4.71 -18.32 11.06 6.80 -15.47
3 16 2.94 -1.20 -14.43 6.00 1.67 -15.73 6.12 -3.23 -17.61
3 16 6.00 1.67 -15.73 7.98 -0.15 -17.77 6.12 -3.23 -17.61
3 16 3.87 -6.19 -16.99 2.10 -2.54 -14.50 6.12 -3.23 -17.61
3 16 6.12 -3.23 -17.61 2.10 -2.54 -14.50 2.94 -1.20 -14.43
3 16 1.15 -1.36 -14.93 -0.13 -3.63 -14.65 -0.32 -1.58 -14.24
3 16 -14.76 2.37 -10.16 -14.24 5.64 -10.16 -13.74 1.76 -14.61
3 16 -14.24 5.64 -10.16 -13.24 4.27 -14.75 -13.74 1.76 -14.61
3 16 -18.55 0.81 -9.52 -14.76 2.37 -10.16 -16.21 -0.11 -13.63
3 16 -14.76 2.37 -10.16 -13.74 1.76 -14.61 -16.21 -0.11 -13.63
3 16 -6.14 -1.35 -17.64 -9.30 -3.34 -16.70 -10.24 3.35 -18.86
3 16 -9.30 -3.34 -16.70 -13.03 2.79 -18.21 -10.24 3.35 -18.86
3 16 -6.42 -7.47 -16.40 -2.83 -5.21 -17.00 -3.25 -9.60 -15.76
3 16 -2.83 -5.21 -17.00 0.64 -7.86 -15.72 -3.25 -9.60 -15.76
3 16 -9.30 -3.34 -16.70 -6.14 -1.35 -17.64 -6.42 -7.47 -16.40
3 16 -6.42 -7.47 -16.40 -6.14 -1.35 -17.64 -2.83 -5.21 -17.00
3 16 -13.24 4.27 -14.75 -13.03 2.79 -18.21 -13.74 1.76 -14.61
3 16 -4.26 -11.91 -13.36 -3.25 -9.60 -15.76 0.19 -9.70 -14.73
3 16 -3.25 -9.60 -15.76 0.64 -7.86 -15.72 0.19 -9.70 -14.73
3 16 -3.25 -9.60 -15.76 -4.26 -11.91 -13.36 -6.42 -7.47 -16.40
3 16 -6.42 -7.47 -16.40 -4.26 -11.91 -13.36 -7.59 -9.03 -14.79
4 16 -6.42 -7.47 -16.40 -7.59 -9.03 -14.79 -9.94 -4.56 -15.64 -9.30 -3.34 -16.70
3 16 -3.87 -11.99 -12.12 -4.26 -11.91 -13.36 0.46 -11.36 -12.67
3 16 -4.26 -11.91 -13.36 0.19 -9.70 -14.73 0.46 -11.36 -12.67
3 16 -7.59 -9.03 -14.79 -4.26 -11.91 -13.36 -10.03 -8.26 -10.97
3 16 -10.03 -8.26 -10.97 -4.26 -11.91 -13.36 -8.59 -10.63 -10.56
3 16 -9.94 -4.56 -15.64 -7.59 -9.03 -14.79 -11.58 -4.32 -11.89
3 16 -11.58 -4.32 -11.89 -7.59 -9.03 -14.79 -10.03 -8.26 -10.97
3 16 -4.26 -11.91 -13.36 -3.87 -11.99 -12.12 -8.59 -10.63 -10.56
3 16 -8.59 -10.63 -10.56 -3.87 -11.99 -12.12 -8.11 -11.00 -9.99
3 16 -12.67 -0.58 -13.64 -11.39 -0.40 -16.31 -11.58 -4.32 -11.89
3 16 -11.39 -0.40 -16.31 -9.94 -4.56 -15.64 -11.58 -4.32 -11.89
3 16 -13.03 2.79 -18.21 -11.39 -0.40 -16.31 -13.74 1.76 -14.61
3 16 -11.39 -0.40 -16.31 -12.67 -0.58 -13.64 -13.74 1.76 -14.61
3 16 -9.30 -3.34 -16.70 -9.94 -4.56 -15.64 -11.39 -0.40 -16.31
3 16 -9.30 -3.34 -16.70 -11.39 -0.40 -16.31 -13.03 2.79 -18.21
3 16 -16.09 -3.44 -8.24 -18.55 0.81 -9.52 -13.67 -3.71 -11.65
3 16 -18.55 0.81 -9.52 -16.21 -0.11 -13.63 -13.67 -3.71 -11.65
3 16 -13.67 -3.71 -11.65 -11.78 -7.22 -10.56 -16.09 -3.44 -8.24
3 16 -16.09 -3.44 -8.24 -11.78 -7.22 -10.56 -13.62 -7.18 -7.50
3 16 -11.40 -10.89 -7.68 -13.62 -7.18 -7.50 -9.47 -10.76 -9.97
3 16 -13.62 -7.18 -7.50 -11.78 -7.22 -10.56 -9.47 -10.76 -9.97
3 16 -10.76 -11.50 -7.10 -11.40 -10.89 -7.68 -8.70 -11.07 -9.44
3 16 -11.40 -10.89 -7.68 -9.47 -10.76 -9.97 -8.70 -11.07 -9.44
3 16 -19.82 0.44 -8.56 -15.10 2.05 -8.68 -18.55 0.81 -9.52
3 16 -14.76 2.37 -10.16 -18.55 0.81 -9.52 -15.10 2.05 -8.68
3 16 -15.27 1.38 -0.87 -15.10 2.05 -8.68 -21.09 0.62 -3.52
3 16 -15.10 2.05 -8.68 -19.82 0.44 -8.56 -21.09 0.62 -3.52
3 16 -19.82 0.44 -8.56 -17.13 -3.58 -7.33 -21.09 0.62 -3.52
3 16 -21.09 0.62 -3.52 -17.13 -3.58 -7.33 -18.16 -3.34 -2.95
3 16 -17.13 -3.58 -7.33 -14.18 -7.41 -6.95 -18.16 -3.34 -2.95
3 16 -15.61 -7.03 -2.40 -18.16 -3.34 -2.95 -14.18 -7.41 -6.95
3 16 -12.06 -11.23 -6.92 -12.35 -11.26 -5.99 -14.18 -7.41 -6.95
3 16 -14.26 -9.01 -3.56 -14.18 -7.41 -6.95 -12.35 -11.26 -5.99
3 16 -12.35 -11.26 -5.99 -12.06 -11.23 -6.92 -11.26 -11.78 -6.55
3 16 -22.38 -0.32 -2.47 -21.27 -0.36 2.71 -21.09 0.62 -3.52
3 16 -21.27 -0.36 2.71 -15.27 1.38 -0.87 -21.09 0.62 -3.52
3 16 -21.27 -0.36 2.71 -19.90 0.72 3.99 -15.27 1.38 -0.87
3 16 -19.90 0.72 3.99 -15.27 1.76 3.81 -15.27 1.38 -0.87
3 16 -22.38 -0.32 -2.47 -18.75 -4.00 -2.13 -21.27 -0.36 2.71
3 16 -21.27 -0.36 2.71 -18.75 -4.00 -2.13 -18.27 -3.99 2.95
3 16 -18.75 -4.00 -2.13 -14.64 -8.75 -2.04 -18.27 -3.99 2.95
3 16 -18.27 -3.99 2.95 -14.64 -8.75 -2.04 -14.50 -8.83 3.24
3 16 -19.90 0.72 3.99 -19.10 1.75 8.63 -15.27 1.76 3.81
3 16 -15.27 1.76 3.81 -19.10 1.75 8.63 -15.18 3.74 7.79
4 16 -19.90 0.72 3.99 -16.07 -4.84 4.05 -15.70 -3.47 8.18 -19.10 1.75 8.63
3 16 -13.14 -8.30 7.89 -15.70 -3.47 8.18 -14.11 -9.08 3.89
3 16 -15.70 -3.47 8.18 -16.07 -4.84 4.05 -14.11 -9.08 3.89
3 16 -14.11 -9.08 3.89 -12.45 -10.94 5.84 -13.14 -8.30 7.89
3 16 -13.14 -8.30 7.89 -12.45 -10.94 5.84 -11.73 -10.20 8.20
3 16 -9.69 -10.51 8.76 -11.73 -10.20 8.20 -11.44 -11.29 6.22
3 16 -11.73 -10.20 8.20 -12.45 -10.94 5.84 -11.44 -11.29 6.22
3 16 -18.55 0.81 -9.52 -16.09 -3.44 -8.24 -19.82 0.44 -8.56
3 16 -19.82 0.44 -8.56 -16.09 -3.44 -8.24 -17.13 -3.58 -7.33
3 16 -14.18 -7.41 -6.95 -17.13 -3.58 -7.33 -13.62 -7.18 -7.50
3 16 -17.13 -3.58 -7.33 -16.09 -3.44 -8.24 -13.62 -7.18 -7.50
3 16 -13.62 -7.18 -7.50 -11.40 -10.89 -7.68 -14.18 -7.41 -6.95
3 16 -14.18 -7.41 -6.95 -11.40 -10.89 -7.68 -12.06 -11.23 -6.92
3 16 -13.74 1.76 -14.61 -12.67 -0.58 -13.64 -16.21 -0.11 -13.63
3 16 -13.67 -3.71 -11.65 -16.21 -0.11 -13.63 -11.58 -4.32 -11.89
3 16 -16.21 -0.11 -13.63 -12.67 -0.58 -13.64 -11.58 -4.32 -11.89
3 16 -11.58 -4.32 -11.89 -10.03 -8.26 -10.97 -13.67 -3.71 -11.65
3 16 -13.67 -3.71 -11.65 -10.03 -8.26 -10.97 -11.78 -7.22 -10.56
3 16 -9.47 -10.76 -9.97 -11.78 -7.22 -10.56 -8.59 -10.63 -10.56
3 16 -11.78 -7.22 -10.56 -10.03 -8.26 -10.97 -8.59 -10.63 -10.56
3 16 -9.47 -10.76 -9.97 -8.59 -10.63 -10.56 -8.70 -11.07 -9.44
3 16 -8.59 -10.63 -10.56 -8.11 -11.00 -9.99 -8.70 -11.07 -9.44
3 16 -18.75 -4.00 -2.13 -22.38 -0.32 -2.47 -18.16 -3.34 -2.95
3 16 -21.09 0.62 -3.52 -18.16 -3.34 -2.95 -22.38 -0.32 -2.47
3 16 -21.27 -0.36 2.71 -18.27 -3.99 2.95 -19.90 0.72 3.99
3 16 -14.11 -9.08 3.89 -16.07 -4.84 4.05 -14.50 -8.83 3.24
3 16 -14.64 -8.75 -2.04 -18.75 -4.00 -2.13 -15.61 -7.03 -2.40
3 16 -18.75 -4.00 -2.13 -18.16 -3.34 -2.95 -15.61 -7.03 -2.40
3 16 -14.64 -8.75 -2.04 -15.61 -7.03 -2.40 -14.26 -9.01 -3.56
3 16 -14.26 -9.01 -3.56 -15.61 -7.03 -2.40 -14.18 -7.41 -6.95
3 16 -4.30 12.39 15.03 -4.90 12.41 14.81 -5.95 6.87 16.10
3 16 -4.90 12.41 14.81 -7.48 7.08 16.28 -5.95 6.87 16.10
3 16 -7.48 7.08 16.28 -7.87 1.56 17.32 -5.95 6.87 16.10
3 16 -5.95 6.87 16.10 -7.87 1.56 17.32 -6.24 1.92 16.89
3 16 -5.36 -4.78 15.26 -6.24 1.92 16.89 -6.40 -5.22 15.42
3 16 -6.24 1.92 16.89 -7.87 1.56 17.32 -6.40 -5.22 15.42
3 16 -7.90 -9.55 11.40 -10.39 -2.89 12.90 -9.75 -9.09 11.19
3 16 -12.17 -3.16 12.06 -9.75 -9.09 11.19 -10.39 -2.89 12.90
3 16 -13.11 3.38 13.57 -12.17 -3.16 12.06 -10.33 2.52 14.38
3 16 -12.17 -3.16 12.06 -10.39 -2.89 12.90 -10.33 2.52 14.38
3 16 -7.90 -9.55 11.40 -6.40 -5.22 15.42 -10.39 -2.89 12.90
3 16 -6.40 -5.22 15.42 -7.87 1.56 17.32 -10.39 -2.89 12.90
3 16 -7.90 -9.55 11.40 -4.49 -9.69 13.60 -6.40 -5.22 15.42
3 16 -7.87 1.56 17.32 -10.33 2.52 14.38 -10.39 -2.89 12.90
3 16 -3.90 -2.63 17.36 -2.06 -9.66 14.34 -1.88 0.00 17.05
3 16 -2.06 -9.66 14.34 -0.63 -8.92 14.11 -1.88 0.00 17.05
3 16 -1.47 6.78 16.65 -4.44 4.36 17.88 -1.88 0.00 17.05
3 16 -4.44 4.36 17.88 -3.90 -2.63 17.36 -1.88 0.00 17.05
3 16 -4.44 4.36 17.88 -1.47 6.78 16.65 -2.91 12.40 15.84
3 16 -2.91 12.40 15.84 -1.47 6.78 16.65 -1.27 12.41 15.48
3 16 0.82 -3.38 17.60 1.26 -8.93 14.83 3.82 -1.57 17.23
3 16 1.26 -8.93 14.83 3.02 -8.56 14.45 3.82 -1.57 17.23
3 16 1.16 4.82 18.46 0.82 -3.38 17.60 4.15 5.04 17.33
3 16 0.82 -3.38 17.60 3.82 -1.57 17.23 4.15 5.04 17.33
3 16 0.50 11.59 16.28 1.16 4.82 18.46 2.80 11.63 15.60
3 16 2.80 11.63 15.60 1.16 4.82 18.46 4.15 5.04 17.33
3 16 7.36 -9.40 12.34 9.21 -3.00 14.50 6.24 -9.30 13.12
3 16 6.24 -9.30 13.12 9.21 -3.00 14.50 8.49 -3.26 16.05
3 16 4.03 11.73 15.39 7.76 3.43 17.51 4.99 11.79 14.61
3 16 4.99 11.79 14.61 7.76 3.43 17.51 8.64 3.79 15.55
3 16 5.56 12.43 14.09 11.42 3.75 15.09 6.69 12.52 12.40
3 16 6.69 12.52 12.40 11.42 3.75 15.09 14.66 4.97 12.14
3 16 11.88 -10.27 8.03 14.18 -3.48 9.49 8.88 -9.60 12.26
3 16 8.88 -9.60 12.26 14.18 -3.48 9.49 11.37 -3.48 13.98
3 16 14.18 -3.48 9.49 14.66 4.97 12.14 11.37 -3.48 13.98
3 16 11.37 -3.48 13.98 14.66 4.97 12.14 11.42 3.75 15.09
3 16 15.30 -3.89 8.81 12.25 -10.61 7.49 17.20 -4.18 4.51
3 16 12.25 -10.61 7.49 14.58 -8.98 3.83 17.20 -4.18 4.51
3 16 19.58 2.61 10.54 15.30 -3.89 8.81 21.18 1.98 4.96
3 16 15.30 -3.89 8.81 17.20 -4.18 4.51 21.18 1.98 4.96
3 16 17.76 -4.35 -1.89 22.35 0.67 -2.53 17.62 -4.34 3.29
3 16 22.35 0.67 -2.53 21.78 0.57 4.00 17.62 -4.34 3.29
3 16 15.25 -8.72 -1.75 17.76 -4.35 -1.89 14.94 -8.79 3.26
3 16 17.62 -4.34 3.29 14.94 -8.79 3.26 17.76 -4.35 -1.89
3 16 11.85 -10.78 -6.77 12.91 -10.09 -6.46 12.28 -11.09 -5.80
3 16 12.28 -11.09 -5.80 12.91 -10.09 -6.46 14.67 -8.75 -3.06
3 16 12.91 -10.09 -6.46 16.58 -4.22 -6.89 14.67 -8.75 -3.06
3 16 14.67 -8.75 -3.06 16.58 -4.22 -6.89 17.07 -4.29 -3.14
3 16 16.58 -4.22 -6.89 20.20 1.05 -7.88 17.07 -4.29 -3.14
3 16 20.74 1.39 -3.62 17.07 -4.29 -3.14 20.20 1.05 -7.88
3 16 18.43 1.78 -8.27 15.54 -3.78 -7.47 17.17 0.62 -12.11
3 16 17.17 0.62 -12.11 15.54 -3.78 -7.47 14.52 -3.89 -10.22
3 16 15.54 -3.78 -7.47 12.48 -9.69 -6.84 14.52 -3.89 -10.22
3 16 12.48 -9.69 -6.84 11.47 -9.53 -9.09 14.52 -3.89 -10.22
3 16 11.99 -3.15 -12.33 9.58 -9.34 -10.26 11.34 -3.75 -14.84
3 16 9.58 -9.34 -10.26 8.35 -9.58 -13.81 11.34 -3.75 -14.84
3 16 11.34 -3.75 -14.84 12.84 1.66 -16.01 11.99 -3.15 -12.33
3 16 12.84 1.66 -16.01 13.69 2.09 -13.90 11.99 -3.15 -12.33
3 16 -2.06 -9.66 14.34 -3.90 -2.63 17.36 -3.89 -9.43 13.52
3 16 -3.90 -2.63 17.36 -5.36 -4.78 15.26 -3.89 -9.43 13.52
3 16 -5.95 6.87 16.10 -6.24 1.92 16.89 -4.44 4.36 17.88
3 16 1.16 4.82 18.46 0.50 11.59 16.28 -1.47 6.78 16.65
3 16 -1.27 12.41 15.48 -1.47 6.78 16.65 0.50 11.59 16.28
3 16 0.82 -3.38 17.60 1.16 4.82 18.46 -1.88 0.00 17.05
3 16 -1.47 6.78 16.65 -1.88 0.00 17.05 1.16 4.82 18.46
3 16 -1.88 0.00 17.05 -0.63 -8.92 14.11 0.82 -3.38 17.60
3 16 -0.63 -8.92 14.11 1.26 -8.93 14.83 0.82 -3.38 17.60
3 16 9.21 -3.00 14.50 7.36 -9.40 12.34 11.37 -3.48 13.98
3 16 11.37 -3.48 13.98 7.36 -9.40 12.34 8.88 -9.60 12.26
3 16 11.37 -3.48 13.98 11.42 3.75 15.09 9.21 -3.00 14.50
3 16 11.42 3.75 15.09 8.64 3.79 15.55 9.21 -3.00 14.50
3 16 4.99 11.79 14.61 8.64 3.79 15.55 5.56 12.43 14.09
3 16 8.64 3.79 15.55 11.42 3.75 15.09 5.56 12.43 14.09
3 16 14.66 4.97 12.14 14.18 -3.48 9.49 19.58 2.61 10.54
3 16 19.58 2.61 10.54 14.18 -3.48 9.49 15.30 -3.89 8.81
3 16 12.25 -10.61 7.49 15.30 -3.89 8.81 11.88 -10.27 8.03
3 16 15.30 -3.89 8.81 14.18 -3.48 9.49 11.88 -10.27 8.03
4 16 17.20 -4.18 4.51 14.58 -8.98 3.83 14.94 -8.79 3.26 17.62 -4.34 3.29
3 16 14.67 -8.75 -3.06 17.07 -4.29 -3.14 15.25 -8.72 -1.75
3 16 17.07 -4.29 -3.14 17.76 -4.35 -1.89 15.25 -8.72 -1.75
3 16 16.58 -4.22 -6.89 12.91 -10.09 -6.46 15.54 -3.78 -7.47
3 16 15.54 -3.78 -7.47 12.91 -10.09 -6.46 12.48 -9.69 -6.84
3 16 20.20 1.05 -7.88 16.58 -4.22 -6.89 18.43 1.78 -8.27
3 16 16.58 -4.22 -6.89 15.54 -3.78 -7.47 18.43 1.78 -8.27
3 16 11.99 -3.15 -12.33 13.69 2.09 -13.90 14.52 -3.89 -10.22
3 16 13.69 2.09 -13.90 17.17 0.62 -12.11 14.52 -3.89 -10.22
3 16 14.52 -3.89 -10.22 11.47 -9.53 -9.09 11.99 -3.15 -12.33
3 16 11.47 -9.53 -9.09 9.58 -9.34 -10.26 11.99 -3.15 -12.33
3 16 2.80 11.63 15.60 4.15 5.04 17.33 3.61 11.70 15.69
3 16 4.15 5.04 17.33 5.00 5.34 17.68 3.61 11.70 15.69
3 16 4.80 -1.86 17.74 5.00 5.34 17.68 3.82 -1.57 17.23
3 16 5.00 5.34 17.68 4.15 5.04 17.33 3.82 -1.57 17.23
3 16 3.82 -1.57 17.23 3.02 -8.56 14.45 4.80 -1.86 17.74
3 16 4.80 -1.86 17.74 3.02 -8.56 14.45 3.60 -8.41 14.69
3 16 4.80 -1.86 17.74 3.60 -8.41 14.69 8.49 -3.26 16.05
3 16 3.60 -8.41 14.69 6.24 -9.30 13.12 8.49 -3.26 16.05
3 16 5.00 5.34 17.68 4.80 -1.86 17.74 7.76 3.43 17.51
3 16 7.76 3.43 17.51 4.80 -1.86 17.74 8.49 -3.26 16.05
3 16 7.76 3.43 17.51 4.03 11.73 15.39 5.00 5.34 17.68
3 16 4.03 11.73 15.39 3.61 11.70 15.69 5.00 5.34 17.68
3 16 13.91 5.99 -13.98 13.69 2.09 -13.90 13.80 3.66 -17.45
3 16 13.69 2.09 -13.90 12.84 1.66 -16.01 13.80 3.66 -17.45
3 16 13.91 5.99 -13.98 14.48 4.05 -10.16 13.69 2.09 -13.90
3 16 18.43 1.78 -8.27 17.17 0.62 -12.11 16.25 2.70 -9.70
3 16 16.25 2.70 -9.70 17.17 0.62 -12.11 13.69 2.09 -13.90
3 16 16.25 2.70 -9.70 13.69 2.09 -13.90 14.48 4.05 -10.16
3 16 8.70 -7.03 -16.09 6.12 -3.23 -17.61 10.98 -1.64 -16.57
3 16 6.12 -3.23 -17.61 7.98 -0.15 -17.77 10.98 -1.64 -16.57
3 16 6.12 -3.23 -17.61 8.70 -7.03 -16.09 3.87 -6.19 -16.99
3 16 3.87 -6.19 -16.99 8.70 -7.03 -16.09 6.18 -9.75 -15.51
3 16 12.84 1.66 -16.01 11.34 -3.75 -14.84 10.98 -1.64 -16.57
3 16 11.34 -3.75 -14.84 8.70 -7.03 -16.09 10.98 -1.64 -16.57
3 16 11.34 -3.75 -14.84 8.35 -9.58 -13.81 8.70 -7.03 -16.09
3 16 8.70 -7.03 -16.09 8.35 -9.58 -13.81 6.18 -9.75 -15.51
3 16 7.98 -0.15 -17.77 10.83 4.71 -18.32 12.84 1.66 -16.01
3 16 13.80 3.66 -17.45 12.84 1.66 -16.01 10.83 4.71 -18.32
3 16 12.84 1.66 -16.01 10.98 -1.64 -16.57 7.98 -0.15 -17.77
4 16 0.19 -9.70 -14.73 0.64 -7.86 -15.72 3.87 -6.19 -16.99 6.18 -9.75 -15.51
3 16 5.45 -11.92 -13.16 8.35 -9.58 -13.81 7.42 -11.25 -10.52
3 16 8.35 -9.58 -13.81 9.58 -9.34 -10.26 7.42 -11.25 -10.52
3 16 0.19 -9.70 -14.73 6.18 -9.75 -15.51 5.45 -11.92 -13.16
3 16 8.35 -9.58 -13.81 5.45 -11.92 -13.16 6.18 -9.75 -15.51
3 16 7.42 -11.25 -10.52 0.46 -11.36 -12.67 5.45 -11.92 -13.16
3 16 5.45 -11.92 -13.16 0.46 -11.36 -12.67 0.19 -9.70 -14.73
3 16 9.85 -10.23 -9.26 11.47 -9.53 -9.09 11.85 -10.78 -6.77
3 16 11.47 -9.53 -9.09 12.48 -9.69 -6.84 11.85 -10.78 -6.77
3 16 11.85 -10.78 -6.77 11.21 -10.81 -6.63 9.85 -10.23 -9.26
3 16 9.85 -10.23 -9.26 11.21 -10.81 -6.63 9.36 -10.20 -8.97
3 16 11.47 -9.53 -9.09 9.85 -10.23 -9.26 9.58 -9.34 -10.26
3 16 9.58 -9.34 -10.26 9.85 -10.23 -9.26 7.42 -11.25 -10.52
3 16 9.85 -10.23 -9.26 9.36 -10.20 -8.97 7.42 -11.25 -10.52
3 16 11.85 -10.78 -6.77 12.28 -11.09 -5.80 11.21 -10.81 -6.63
3 16 12.91 -10.09 -6.46 11.85 -10.78 -6.77 12.48 -9.69 -6.84
4 16 15.25 -8.72 -1.75 14.94 -8.79 3.26 13.02 -8.81 3.24 13.34 -8.76 -0.63
4 16 13.34 -8.76 -0.63 12.99 -8.78 -3.06 14.67 -8.75 -3.06 15.25 -8.72 -1.75
3 16 14.58 -8.98 3.83 12.25 -10.61 7.49 11.99 -11.53 6.41
3 16 8.88 -9.60 12.26 7.59 -10.34 10.82 11.88 -10.27 8.03
3 16 11.88 -10.27 8.03 7.59 -10.34 10.82 10.82 -11.01 7.41
4 16 11.99 -11.53 6.41 12.25 -10.61 7.49 11.88 -10.27 8.03 10.82 -11.01 7.41
3 16 6.24 -9.30 13.12 5.38 -9.64 11.94 7.36 -9.40 12.34
3 16 6.51 -9.79 11.41 7.36 -9.40 12.34 5.38 -9.64 11.94
3 16 3.60 -8.41 14.69 3.37 -9.45 12.65 6.24 -9.30 13.12
3 16 6.24 -9.30 13.12 3.37 -9.45 12.65 5.38 -9.64 11.94
3 16 -2.06 -9.66 14.34 -1.56 -9.78 13.03 -0.63 -8.92 14.11
3 16 -0.63 -8.92 14.11 -1.56 -9.78 13.03 -0.25 -9.60 13.13
3 16 3.37 -9.45 12.65 3.02 -8.56 14.45 1.16 -9.74 13.06
3 16 3.02 -8.56 14.45 1.26 -8.93 14.83 1.16 -9.74 13.06
3 16 1.16 -9.74 13.06 1.26 -8.93 14.83 -0.25 -9.60 13.13
3 16 1.26 -8.93 14.83 -0.63 -8.92 14.11 -0.25 -9.60 13.13
3 16 -11.73 -10.20 8.20 -10.91 -9.92 8.79 -13.14 -8.30 7.89
3 16 -13.14 -8.30 7.89 -10.91 -9.92 8.79 -13.61 -3.70 9.24
3 16 -15.70 -3.47 8.18 -13.14 -8.30 7.89 -13.61 -3.70 9.24
3 16 -19.10 1.75 8.63 -15.70 -3.47 8.18 -15.00 1.69 10.51
3 16 -15.70 -3.47 8.18 -13.61 -3.70 9.24 -15.00 1.69 10.51
3 16 -19.10 1.75 8.63 -15.00 1.69 10.51 -15.09 4.16 10.82
3 16 -3.89 -9.43 13.52 -4.49 -9.69 13.60 -3.76 -9.94 12.53
3 16 -7.90 -9.55 11.40 -6.98 -10.06 10.96 -4.49 -9.69 13.60
3 16 -4.49 -9.69 13.60 -6.98 -10.06 10.96 -3.76 -9.94 12.53
3 16 -9.75 -9.09 11.19 -8.29 -10.17 10.03 -7.90 -9.55 11.40
3 16 -8.29 -10.17 10.03 -6.98 -10.06 10.96 -7.90 -9.55 11.40
3 16 -1.56 -9.78 13.03 -2.06 -9.66 14.34 -3.76 -9.94 12.53
3 16 -3.89 -9.43 13.52 -3.76 -9.94 12.53 -2.06 -9.66 14.34
3 16 3.02 -8.56 14.45 3.37 -9.45 12.65 3.60 -8.41 14.69
3 16 7.59 -10.34 10.82 8.88 -9.60 12.26 6.51 -9.79 11.41
3 16 8.88 -9.60 12.26 7.36 -9.40 12.34 6.51 -9.79 11.41
3 16 14.94 -8.79 3.26 14.58 -8.98 3.83 13.02 -8.81 3.24
3 16 13.02 -8.81 3.24 14.58 -8.98 3.83 11.99 -11.53 6.41
3 16 13.02 -8.81 3.24 11.99 -11.53 6.41 10.82 -11.01 7.41
3 16 11.21 -10.81 -6.63 12.28 -11.09 -5.80 12.99 -8.78 -3.06
3 16 12.28 -11.09 -5.80 14.67 -8.75 -3.06 12.99 -8.78 -3.06
3 16 2.80 11.63 15.60 2.19 12.54 15.66 0.50 11.59 16.28
3 16 0.50 11.59 16.28 2.19 12.54 15.66 0.43 12.56 16.13
3 16 3.46 12.59 15.52 4.03 11.73 15.39 4.92 12.59 14.46
3 16 4.03 11.73 15.39 4.99 11.79 14.61 4.92 12.59 14.46
3 16 2.19 12.54 15.66 2.80 11.63 15.60 3.46 12.59 15.52
3 16 2.80 11.63 15.60 3.61 11.70 15.69 3.46 12.59 15.52
3 16 3.61 11.70 15.69 4.03 11.73 15.39 3.46 12.59 15.52
3 16 -1.27 12.41 15.48 0.50 11.59 16.28 0.43 12.56 16.13
3 16 -13.11 3.38 13.57 -10.37 8.11 14.21 -14.26 5.29 10.34
3 16 -14.26 5.29 10.34 -10.37 8.11 14.21 -11.45 8.66 10.34
3 16 -7.44 12.43 10.34 -11.45 8.66 10.34 -6.57 12.44 13.49
3 16 -11.45 8.66 10.34 -10.37 8.11 14.21 -6.57 12.44 13.49
3 16 -10.37 8.11 14.21 -8.57 7.43 15.04 -6.57 12.44 13.49
3 16 -6.57 12.44 13.49 -8.57 7.43 15.04 -5.93 12.39 14.16
3 16 -10.37 8.11 14.21 -13.11 3.38 13.57 -8.57 7.43 15.04
3 16 -10.33 2.52 14.38 -8.57 7.43 15.04 -13.11 3.38 13.57
3 16 -7.87 1.56 17.32 -7.48 7.08 16.28 -10.33 2.52 14.38
3 16 -8.57 7.43 15.04 -10.33 2.52 14.38 -7.48 7.08 16.28
3 16 4.92 12.59 14.46 4.99 11.79 14.61 5.56 12.43 14.09
3 16 -4.90 12.41 14.81 -5.93 12.39 14.16 -7.48 7.08 16.28
3 16 -5.93 12.39 14.16 -8.57 7.43 15.04 -7.48 7.08 16.28
3 16 -19.10 1.75 8.63 -14.68 4.85 9.99 -15.18 3.74 7.79
3 16 -19.10 1.75 8.63 -15.09 4.16 10.82 -14.68 4.85 9.99
3 16 -15.09 4.16 10.82 -13.11 3.38 13.57 -14.26 5.29 10.34
4 16 -14.64 -8.75 -2.04 -12.82 -8.74 -1.50 -12.56 -8.82 3.24 -14.50 -8.83 3.24
3 16 -14.50 -8.83 3.24 -12.56 -8.82 3.24 -14.11 -9.08 3.89
3 16 -14.11 -9.08 3.89 -12.56 -8.82 3.24 -12.27 -9.38 4.27
3 16 -12.42 -8.99 -3.54 -12.82 -8.74 -1.50 -14.26 -9.01 -3.56
3 16 -14.64 -8.75 -2.04 -14.26 -9.01 -3.56 -12.82 -8.74 -1.50
3 16 -14.11 -9.08 3.89 -12.27 -9.38 4.27 -12.45 -10.94 5.84
3 16 -12.27 -9.38 4.27 -11.44 -11.29 6.22 -12.45 -10.94 5.84
4 16 -11.26 -11.78 -6.55 -12.42 -8.99 -3.54 -14.26 -9.01 -3.56 -12.35 -11.26 -5.99
3 16 6.69 12.52 12.40 14.66 4.97 12.14 6.96 12.53 10.34
3 16 6.96 12.53 10.34 14.66 4.97 12.14 13.38 7.15 10.34
3 16 15.41 1.35 2.87 21.18 1.98 4.96 15.42 1.16 -3.23
3 16 21.18 1.98 4.96 20.74 1.39 -3.62 15.42 1.16 -3.23
3 16 20.20 1.05 -7.88 18.43 1.78 -8.27 20.74 1.39 -3.62
3 16 18.43 1.78 -8.27 16.25 2.70 -9.70 15.42 1.21 -5.27
3 16 16.25 2.70 -9.70 15.26 2.51 -9.23 15.42 1.21 -5.27
3 16 15.26 2.51 -9.23 16.25 2.70 -9.70 14.48 4.05 -10.16
3 16 18.43 1.78 -8.27 15.42 1.21 -5.27 20.74 1.39 -3.62
3 16 15.42 1.21 -5.27 15.42 1.16 -3.23 20.74 1.39 -3.62
3 16 15.07 5.32 9.64 18.45 3.38 7.47 15.41 1.35 2.87
3 16 21.18 1.98 4.96 15.41 1.35 2.87 18.45 3.38 7.47
3 16 21.18 1.98 4.96 18.45 3.38 7.47 19.58 2.61 10.54
3 16 14.66 4.97 12.14 19.58 2.61 10.54 15.07 5.32 9.64
3 16 18.45 3.38 7.47 15.07 5.32 9.64 19.58 2.61 10.54
3 16 13.38 7.15 10.34 14.66 4.97 12.14 15.07 5.32 9.64
3 16 -4.90 12.41 14.81 -4.30 12.39 15.03 -4.30 12.93 15.40
3 16 6.69 12.52 12.40 6.33 12.99 13.32 5.56 12.43 14.09
3 16 5.56 12.43 14.09 6.33 12.99 13.32 5.16 12.97 14.76
3 16 -2.26 12.94 16.18 -4.30 12.93 15.40 -2.91 12.40 15.84
3 16 -4.30 12.39 15.03 -2.91 12.40 15.84 -4.30 12.93 15.40
3 16 0.43 12.56 16.13 2.19 12.54 15.66 1.00 12.93 16.65
4 16 3.43 12.97 16.00 3.46 12.59 15.52 4.92 12.59 14.46 5.16 12.97 14.76
3 16 1.00 12.93 16.65 2.19 12.54 15.66 3.43 12.97 16.00
3 16 2.19 12.54 15.66 3.46 12.59 15.52 3.43 12.97 16.00
3 16 1.00 12.93 16.65 -2.26 12.94 16.18 0.43 12.56 16.13
3 16 -6.57 12.44 13.49 -6.49 12.97 13.54 -7.44 12.43 10.34
3 16 -7.46 12.92 10.34 -7.44 12.43 10.34 -6.49 12.97 13.54
3 16 -6.57 12.44 13.49 -5.93 12.39 14.16 -6.49 12.97 13.54
3 16 4.92 12.59 14.46 5.56 12.43 14.09 5.16 12.97 14.76
3 16 -4.90 12.41 14.81 -4.30 12.93 15.40 -5.93 12.39 14.16
3 16 -6.49 12.97 13.54 -5.93 12.39 14.16 -4.30 12.93 15.40
3 16 6.33 12.99 13.32 6.69 12.52 12.40 6.85 13.01 10.34
3 16 6.69 12.52 12.40 6.96 12.53 10.34 6.85 13.01 10.34
4 16 6.33 12.99 13.32 6.24 17.95 13.32 5.06 17.92 14.76 5.16 12.97 14.76
4 16 -2.26 12.94 16.18 -2.21 17.89 16.30 -4.25 17.89 15.51 -4.30 12.93 15.40
4 16 5.16 12.97 14.76 5.06 17.92 14.76 3.43 17.92 15.92 3.43 12.97 16.00
3 16 1.00 17.89 16.73 1.00 12.93 16.65 3.43 17.92 15.92
3 16 1.00 12.93 16.65 3.43 12.97 16.00 3.43 17.92 15.92
4 16 -2.21 17.89 16.30 -2.26 12.94 16.18 1.00 12.93 16.65 1.00 17.89 16.73
3 16 -6.49 17.92 13.69 -6.49 12.97 13.54 -4.25 17.89 15.51
3 16 -6.49 12.97 13.54 -4.30 12.93 15.40 -4.25 17.89 15.51
3 16 6.24 17.95 13.32 6.33 12.99 13.32 6.85 17.97 10.34
3 16 6.33 12.99 13.32 6.85 13.01 10.34 6.85 17.97 10.34
3 16 6.24 17.95 13.32 5.13 18.94 14.15 5.06 17.92 14.76
3 16 5.13 18.94 14.15 6.24 17.95 13.32 6.25 18.98 10.34
3 16 6.24 17.95 13.32 6.85 17.97 10.34 6.25 18.98 10.34
3 16 -6.49 17.92 13.69 -6.34 18.91 13.25 -7.46 17.87 10.34
3 16 -7.46 17.87 10.34 -6.34 18.91 13.25 -7.02 18.90 10.34
3 16 -4.25 17.89 15.51 -4.49 18.88 14.93 -6.49 17.92 13.69
3 16 -6.49 17.92 13.69 -4.49 18.88 14.93 -6.34 18.91 13.25
3 16 1.00 17.89 16.73 0.23 18.68 15.71 -2.21 17.89 16.30
3 16 -2.21 17.89 16.30 0.23 18.68 15.71 -1.98 18.68 15.48
3 16 1.00 17.89 16.73 3.43 17.92 15.92 2.22 18.82 15.31
3 16 -2.21 17.89 16.30 -1.98 18.68 15.48 -4.25 17.89 15.51
3 16 5.13 18.94 14.15 6.73 23.28 14.15 3.49 18.83 14.69
3 16 3.49 18.83 14.69 6.73 23.28 14.15 4.68 23.17 14.61
3 16 6.73 23.28 14.15 5.13 18.94 14.15 7.40 23.17 10.34
3 16 5.13 18.94 14.15 6.25 18.98 10.34 7.40 23.17 10.34
3 16 6.73 23.28 14.15 8.23 28.16 14.59 4.68 23.17 14.61
3 16 5.36 28.04 15.00 4.68 23.17 14.61 8.23 28.16 14.59
3 16 5.25 30.32 15.07 8.23 28.16 14.59 6.20 30.45 10.34
3 16 8.23 28.16 14.59 8.94 28.24 10.34 6.20 30.45 10.34
3 16 5.25 30.32 15.07 6.20 30.45 10.34 3.62 33.31 15.12
3 16 3.62 33.31 15.12 6.20 30.45 10.34 4.10 33.49 10.34
3 16 3.62 33.31 15.12 4.10 33.49 10.34 0.79 33.31 14.90
3 16 0.79 33.31 14.90 4.10 33.49 10.34 1.48 33.58 10.34
3 16 0.76 34.22 10.34 -0.01 33.93 15.10 1.48 33.58 10.34
3 16 -0.01 33.93 15.10 0.79 33.31 14.90 1.48 33.58 10.34
3 16 -0.01 33.93 15.10 0.76 34.22 10.34 -4.44 33.82 14.84
3 16 -4.44 33.82 14.84 0.76 34.22 10.34 -4.97 34.21 10.34
3 16 -4.44 33.82 14.84 -4.97 34.21 10.34 -5.47 31.98 14.05
3 16 -4.97 34.21 10.34 -5.85 32.11 10.34 -5.47 31.98 14.05
3 16 -5.47 31.98 14.05 -5.85 32.11 10.34 -7.75 30.19 13.79
3 16 -5.85 32.11 10.34 -8.32 30.32 10.34 -7.75 30.19 13.79
3 16 5.36 28.04 15.00 8.23 28.16 14.59 5.25 30.32 15.07
3 16 3.24 29.30 16.46 3.62 33.31 15.12 0.67 29.30 15.63
3 16 3.62 33.31 15.12 0.79 33.31 14.90 0.67 29.30 15.63
3 16 2.83 23.21 15.72 3.24 29.30 16.46 0.72 23.21 15.36
3 16 3.24 29.30 16.46 0.67 29.30 15.63 0.72 23.21 15.36
3 16 -3.79 29.34 16.28 -2.61 22.95 15.79 -0.63 29.41 16.51
3 16 -0.63 29.41 16.51 -2.61 22.95 15.79 -0.46 22.89 16.06
3 16 2.22 18.82 15.31 2.83 23.21 15.72 0.95 18.91 15.34
3 16 0.95 18.91 15.34 2.83 23.21 15.72 0.72 23.21 15.36
3 16 -2.61 22.95 15.79 -1.98 18.68 15.48 -0.46 22.89 16.06
3 16 -0.46 22.89 16.06 -1.98 18.68 15.48 0.23 18.68 15.71
3 16 -4.93 29.29 14.93 -5.47 31.98 14.05 -7.19 28.42 14.69
3 16 -5.47 31.98 14.05 -7.75 30.19 13.79 -7.19 28.42 14.69
3 16 -3.74 23.75 14.60 -4.93 29.29 14.93 -5.85 23.23 14.54
3 16 -4.93 29.29 14.93 -7.19 28.42 14.69 -5.85 23.23 14.54
3 16 -2.83 18.83 14.84 -3.74 23.75 14.60 -4.49 18.88 14.93
3 16 -3.74 23.75 14.60 -5.85 23.23 14.54 -4.49 18.88 14.93
3 16 -7.75 30.19 13.79 -8.32 30.32 10.34 -8.60 27.87 13.02
3 16 -8.32 30.32 10.34 -9.14 27.28 10.34 -8.60 27.87 13.02
3 16 -7.17 22.08 13.09 -8.60 27.87 13.02 -7.56 22.12 10.34
3 16 -8.60 27.87 13.02 -9.14 27.28 10.34 -7.56 22.12 10.34
3 16 -6.34 18.91 13.25 -7.17 22.08 13.09 -7.02 18.90 10.34
3 16 -7.17 22.08 13.09 -7.56 22.12 10.34 -7.02 18.90 10.34
4 16 -4.49 18.88 14.93 -5.85 23.23 14.54 -7.17 22.08 13.09 -6.34 18.91 13.25
3 16 -8.60 27.87 13.02 -7.17 22.08 13.09 -7.19 28.42 14.69
3 16 -7.19 28.42 14.69 -7.17 22.08 13.09 -5.85 23.23 14.54
3 16 -7.75 30.19 13.79 -8.60 27.87 13.02 -7.19 28.42 14.69
3 16 -3.79 29.34 16.28 -4.44 33.82 14.84 -4.93 29.29 14.93
3 16 -4.44 33.82 14.84 -5.47 31.98 14.05 -4.93 29.29 14.93
3 16 -2.61 22.95 15.79 -3.79 29.34 16.28 -3.74 23.75 14.60
3 16 -4.93 29.29 14.93 -3.74 23.75 14.60 -3.79 29.34 16.28
3 16 -3.74 23.75 14.60 -2.83 18.83 14.84 -2.61 22.95 15.79
3 16 -2.83 18.83 14.84 -1.98 18.68 15.48 -2.61 22.95 15.79
3 16 0.95 18.91 15.34 0.72 23.21 15.36 0.23 18.68 15.71
3 16 0.72 23.21 15.36 -0.46 22.89 16.06 0.23 18.68 15.71
3 16 3.24 29.30 16.46 2.83 23.21 15.72 5.36 28.04 15.00
3 16 -0.63 29.41 16.51 -0.46 22.89 16.06 0.67 29.30 15.63
3 16 0.67 29.30 15.63 -0.46 22.89 16.06 0.72 23.21 15.36
3 16 3.62 33.31 15.12 3.24 29.30 16.46 5.25 30.32 15.07
3 16 3.24 29.30 16.46 5.36 28.04 15.00 5.25 30.32 15.07
3 16 -0.01 33.93 15.10 -0.63 29.41 16.51 0.79 33.31 14.90
3 16 -0.63 29.41 16.51 0.67 29.30 15.63 0.79 33.31 14.90
3 16 -14.68 4.85 9.99 -15.09 4.16 10.82 -14.26 5.29 10.34
3 16 -14.26 5.29 10.34 -14.26 0.54 10.34 -14.68 4.85 9.99
3 16 -14.68 4.85 9.99 -14.26 0.54 10.34 -15.18 3.74 7.79
3 16 -14.76 2.37 -10.16 -15.10 2.05 -8.68 -14.26 0.54 -10.16
3 16 -15.18 3.74 7.79 -14.26 0.54 10.34 -15.27 1.76 3.81
3 16 -15.27 1.76 3.81 -14.26 0.54 10.34 -15.27 1.38 -0.87
3 16 -15.10 2.05 -8.68 -15.27 1.38 -0.87 -14.26 0.54 -10.16
3 16 -14.26 0.54 10.34 -14.26 0.54 -10.16 -15.27 1.38 -0.87
3 16 14.48 4.05 -10.16 13.38 0.54 -10.16 15.26 2.51 -9.23
3 16 13.38 7.15 10.34 15.07 5.32 9.64 13.38 0.54 10.34
3 16 15.07 5.32 9.64 15.41 1.35 2.87 13.38 0.54 10.34
3 16 13.38 0.54 10.34 15.41 1.35 2.87 13.38 0.54 -10.16
3 16 15.41 1.35 2.87 15.42 1.16 -3.23 13.38 0.54 -10.16
3 16 15.42 1.16 -3.23 15.42 1.21 -5.27 13.38 0.54 -10.16
3 16 13.38 0.54 -10.16 15.42 1.21 -5.27 15.26 2.51 -9.23
4 16 7.15 0.54 4.12 7.15 -2.59 4.12 4.13 -2.59 7.14 4.13 0.54 7.14
4 16 4.13 0.54 7.14 4.13 -2.59 7.14 0.00 -2.59 8.25 0.00 0.54 8.25
4 16 0.00 0.54 8.25 0.00 -2.59 8.25 -4.12 -2.59 7.15 -4.12 0.54 7.15
4 16 -7.14 -2.59 4.13 -7.14 0.54 4.13 -4.12 0.54 7.15 -4.12 -2.59 7.15
4 16 -7.14 0.54 4.13 -7.14 -2.59 4.13 -8.25 -2.59 0.00 -8.25 0.54 0.00
4 16 -8.25 0.54 0.00 -8.25 -2.59 0.00 -7.15 -2.58 -4.12 -7.15 0.54 -4.12
4 16 -7.15 0.54 -4.12 -7.15 -2.58 -4.12 -4.13 -2.58 -7.14 -4.13 0.54 -7.14
4 16 -4.13 0.54 -7.14 -4.13 -2.58 -7.14 -0.00 -2.58 -8.25 -0.00 0.54 -8.25
4 16 -0.00 0.54 -8.25 -0.00 -2.58 -8.25 4.12 -2.58 -7.15 4.12 0.54 -7.15
4 16 4.12 0.54 -7.15 4.12 -2.58 -7.15 7.14 -2.58 -4.13 7.14 0.54 -4.13
4 16 7.14 0.54 -4.13 7.14 -2.58 -4.13 8.25 -2.59 -0.00 8.25 0.54 -0.00
4 16 8.25 0.54 -0.00 8.25 -2.59 -0.00 7.15 -2.59 4.12 7.15 0.54 4.12
3 16 7.15 -2.59 4.12 10.80 -6.57 6.10 4.13 -2.59 7.14
3 16 6.34 -6.57 10.77 4.13 -2.59 7.14 10.80 -6.57 6.10
4 16 4.13 -2.59 7.14 6.34 -6.57 10.77 0.11 -6.57 12.44 0.00 -2.59 8.25
4 16 0.00 -2.59 8.25 0.11 -6.57 12.44 -6.23 -6.57 10.71 -4.12 -2.59 7.15
4 16 -10.80 -6.57 6.10 -7.14 -2.59 4.13 -4.12 -2.59 7.15 -6.23 -6.57 10.71
4 16 -12.47 -6.57 -0.13 -8.25 -2.59 0.00 -7.14 -2.59 4.13 -10.80 -6.57 6.10
3 16 -10.47 -6.57 -6.23 -7.15 -2.58 -4.12 -12.47 -6.57 -0.13
3 16 -7.15 -2.58 -4.12 -8.25 -2.59 0.00 -12.47 -6.57 -0.13
3 16 -7.15 -2.58 -4.12 -10.47 -6.57 -6.23 -4.13 -2.58 -7.14
3 16 -5.83 -6.57 -10.46 -4.13 -2.58 -7.14 -10.47 -6.57 -6.23
4 16 -0.00 -6.57 -12.03 -0.00 -2.58 -8.25 -4.13 -2.58 -7.14 -5.83 -6.57 -10.46
4 16 -0.00 -2.58 -8.25 -0.00 -6.57 -12.03 6.04 -6.57 -10.46 4.12 -2.58 -7.15
3 16 10.68 -6.57 -6.23 7.14 -2.58 -4.13 6.04 -6.57 -10.46
3 16 7.14 -2.58 -4.13 4.12 -2.58 -7.15 6.04 -6.57 -10.46
3 16 12.47 -6.57 -0.13 8.25 -2.59 -0.00 10.68 -6.57 -6.23
3 16 8.25 -2.59 -0.00 7.14 -2.58 -4.13 10.68 -6.57 -6.23
4 16 10.80 -6.57 6.10 7.15 -2.59 4.12 8.25 -2.59 -0.00 12.47 -6.57 -0.13
3 16 7.42 -11.25 -10.52 6.04 -6.57 -10.46 0.46 -11.36 -12.67
3 16 6.04 -6.57 -10.46 -0.00 -6.57 -12.03 0.46 -11.36 -12.67
3 16 13.34 -8.76 -0.63 12.47 -6.57 -0.13 12.99 -8.78 -3.06
3 16 12.47 -6.57 -0.13 10.68 -6.57 -6.23 12.99 -8.78 -3.06
3 16 10.80 -6.57 6.10 10.82 -11.01 7.41 6.34 -6.57 10.77
3 16 6.34 -6.57 10.77 10.82 -11.01 7.41 7.59 -10.34 10.82
4 16 -6.23 -6.57 10.71 -8.29 -10.17 10.03 -9.69 -10.51 8.76 -10.80 -6.57 6.10
3 16 -8.29 -10.17 10.03 -6.23 -6.57 10.71 -6.98 -10.06 10.96
3 16 -6.23 -6.57 10.71 0.11 -6.57 12.44 -6.98 -10.06 10.96
3 16 -6.98 -10.06 10.96 0.11 -6.57 12.44 -3.76 -9.94 12.53
3 16 -3.76 -9.94 12.53 0.11 -6.57 12.44 -1.56 -9.78 13.03
3 16 -1.56 -9.78 13.03 0.11 -6.57 12.44 -0.25 -9.60 13.13
3 16 -0.25 -9.60 13.13 0.11 -6.57 12.44 1.16 -9.74 13.06
3 16 1.16 -9.74 13.06 0.11 -6.57 12.44 3.37 -9.45 12.65
3 16 6.34 -6.57 10.77 3.37 -9.45 12.65 0.11 -6.57 12.44
3 16 6.34 -6.57 10.77 7.59 -10.34 10.82 6.51 -9.79 11.41
3 16 6.34 -6.57 10.77 6.51 -9.79 11.41 5.38 -9.64 11.94
3 16 3.37 -9.45 12.65 6.34 -6.57 10.77 5.38 -9.64 11.94
3 16 10.82 -11.01 7.41 10.80 -6.57 6.10 13.02 -8.81 3.24
3 16 10.80 -6.57 6.10 12.47 -6.57 -0.13 13.02 -8.81 3.24
3 16 12.47 -6.57 -0.13 13.34 -8.76 -0.63 13.02 -8.81 3.24
3 16 12.99 -8.78 -3.06 10.68 -6.57 -6.23 11.21 -10.81 -6.63
3 16 11.21 -10.81 -6.63 10.68 -6.57 -6.23 9.36 -10.20 -8.97
3 16 10.68 -6.57 -6.23 6.04 -6.57 -10.46 9.36 -10.20 -8.97
3 16 6.04 -6.57 -10.46 7.42 -11.25 -10.52 9.36 -10.20 -8.97
3 16 -12.47 -6.57 -0.13 -12.82 -8.74 -1.50 -10.47 -6.57 -6.23
3 16 -10.47 -6.57 -6.23 -12.82 -8.74 -1.50 -12.42 -8.99 -3.54
3 16 -10.47 -6.57 -6.23 -8.11 -11.00 -9.99 -5.83 -6.57 -10.46
3 16 -5.83 -6.57 -10.46 -8.11 -11.00 -9.99 -3.87 -11.99 -12.12
3 16 -12.42 -8.99 -3.54 -11.26 -11.78 -6.55 -10.47 -6.57 -6.23
3 16 -8.11 -11.00 -9.99 -10.47 -6.57 -6.23 -8.70 -11.07 -9.44
3 16 -10.76 -11.50 -7.10 -8.70 -11.07 -9.44 -10.47 -6.57 -6.23
3 16 -10.47 -6.57 -6.23 -11.26 -11.78 -6.55 -10.76 -11.50 -7.10
3 16 -5.83 -6.57 -10.46 -3.87 -11.99 -12.12 -0.00 -6.57 -12.03
3 16 -0.00 -6.57 -12.03 -3.87 -11.99 -12.12 0.46 -11.36 -12.67
3 16 -12.27 -9.38 4.27 -12.56 -8.82 3.24 -10.80 -6.57 6.10
3 16 -12.47 -6.57 -0.13 -10.80 -6.57 6.10 -12.56 -8.82 3.24
3 16 -11.44 -11.29 6.22 -12.27 -9.38 4.27 -10.80 -6.57 6.10
3 16 -12.56 -8.82 3.24 -12.82 -8.74 -1.50 -12.47 -6.57 -0.13
3 16 -9.69 -10.51 8.76 -11.44 -11.29 6.22 -10.80 -6.57 6.10
3 16 -11.26 -11.78 -6.55 -12.06 -11.23 -6.92 -10.76 -11.50 -7.10
3 16 -11.40 -10.89 -7.68 -10.76 -11.50 -7.10 -12.06 -11.23 -6.92
3 16 -8.29 -10.17 10.03 -9.75 -9.09 11.19 -9.69 -10.51 8.76
3 16 -9.75 -9.09 11.19 -10.91 -9.92 8.79 -9.69 -10.51 8.76
3 16 -9.69 -10.51 8.76 -10.91 -9.92 8.79 -11.73 -10.20 8.20
3 16 3.43 17.92 15.92 5.06 17.92 14.76 3.49 18.83 14.69
3 16 3.49 18.83 14.69 5.06 17.92 14.76 5.13 18.94 14.15
3 16 3.49 18.83 14.69 4.68 23.17 14.61 2.22 18.82 15.31
3 16 2.22 18.82 15.31 3.43 17.92 15.92 3.49 18.83 14.69
3 16 1.15 -1.36 -14.93 2.57 -0.14 -14.55 2.10 -2.54 -14.50
3 16 7.88 34.73 -13.45 7.56 30.72 -13.35 6.16 31.60 -10.53
3 16 7.88 34.73 -13.45 6.16 31.60 -10.53 7.32 35.23 -10.16
3 16 7.48 27.10 -10.16 6.16 31.60 -10.53 7.56 30.72 -13.35
3 16 7.48 27.10 -10.16 7.56 30.72 -13.35 8.76 27.11 -13.00
3 16 -4.49 18.88 14.93 -4.25 17.89 15.51 -1.98 18.68 15.48
3 16 -4.49 18.88 14.93 -1.98 18.68 15.48 -2.83 18.83 14.84
3 16 0.23 18.68 15.71 1.00 17.89 16.73 2.22 18.82 15.31
3 16 0.23 18.68 15.71 2.22 18.82 15.31 0.95 18.91 15.34
3 16 -2.91 12.40 15.84 -1.27 12.41 15.48 0.43 12.56 16.13
3 16 -2.91 12.40 15.84 0.43 12.56 16.13 -2.26 12.94 16.18
3 16 -3.90 -2.63 17.36 -4.44 4.36 17.88 -6.24 1.92 16.89
3 16 -3.90 -2.63 17.36 -6.24 1.92 16.89 -5.36 -4.78 15.26
3 16 17.20 -4.18 4.51 17.62 -4.34 3.29 21.78 0.57 4.00
3 16 17.20 -4.18 4.51 21.78 0.57 4.00 21.18 1.98 4.96
3 16 21.18 1.98 4.96 21.78 0.57 4.00 22.35 0.67 -2.53
3 16 21.18 1.98 4.96 22.35 0.67 -2.53 20.74 1.39 -3.62
3 16 -17.57 31.10 -10.16 -16.72 34.16 -10.16 -16.58 33.89 -13.04
3 16 -17.57 31.10 -10.16 -16.58 33.89 -13.04 -16.66 30.96 -12.93
3 16 -6.71 8.38 -18.37 -4.14 2.86 -17.18 -9.25 4.69 -16.11
3 16 -6.71 8.38 -18.37 -9.25 4.69 -16.11 -10.76 9.48 -15.60
3 16 -9.38 14.95 -17.11 -6.71 8.38 -18.37 -10.76 9.48 -15.60
3 16 -9.38 14.95 -17.11 -10.76 9.48 -15.60 -12.36 14.75 -14.41
3 16 -13.24 4.27 -14.75 -9.25 4.69 -16.11 -10.24 3.35 -18.86
3 16 -13.24 4.27 -14.75 -10.24 3.35 -18.86 -13.03 2.79 -18.21
4 16 -15.29 25.46 -12.74 -14.85 20.84 -12.76 -15.80 20.87 -10.16 -16.19 25.46 -10.16
4 16 7.49 26.55 -13.08 6.60 21.65 -12.88 6.31 21.67 -10.16 7.16 26.63 -10.16
4 16 11.00 30.54 -14.48 10.91 34.90 -14.70 14.46 34.48 -14.91 14.12 30.25 -14.64
4 16 14.85 26.03 -14.16 14.29 26.95 -13.16 15.42 26.76 -12.57 15.64 26.06 -13.50
4 16 17.40 30.10 -10.16 16.14 26.66 -10.16 15.42 26.76 -12.57 16.68 30.12 -12.37
4 16 -7.46 17.87 10.34 -7.46 12.92 10.34 -6.49 12.97 13.54 -6.49 17.92 13.69
4 16 -0.63 29.41 16.51 -0.01 33.93 15.10 -4.44 33.82 14.84 -3.79 29.34 16.28
4 16 -6.40 -5.22 15.42 -4.49 -9.69 13.60 -3.89 -9.43 13.52 -5.36 -4.78 15.26
4 16 7.76 3.43 17.51 8.49 -3.26 16.05 9.21 -3.00 14.50 8.64 3.79 15.55
3 16 7.40 23.17 10.34 8.94 28.24 10.34 8.23 28.16 14.59
3 16 7.40 23.17 10.34 8.23 28.16 14.59 6.73 23.28 14.15
3 16 17.07 -4.29 -3.14 20.74 1.39 -3.62 22.35 0.67 -2.53
3 16 17.07 -4.29 -3.14 22.35 0.67 -2.53 17.76 -4.35 -1.89
4 16 -2.91 12.40 15.84 -4.30 12.39 15.03 -5.95 6.87 16.10 -4.44 4.36 17.88
3 16 6.16 31.60 -10.53 9.57 35.58 -10.16 7.32 35.23 -10.16
3 16 17.40 30.10 -10.16 15.68 35.08 -10.16 15.12 35.45 -10.16
3 16 6.16 31.60 -10.53 17.40 30.10 -10.16 15.12 35.45 -10.16
3 16 10.13 35.83 -10.16 9.57 35.58 -10.16 6.16 31.60 -10.53
3 16 10.13 35.83 -10.16 6.16 31.60 -10.53 15.12 35.45 -10.16
3 16 7.48 27.10 -10.16 16.14 26.66 -10.16 17.40 30.10 -10.16
3 16 7.48 27.10 -10.16 17.40 30.10 -10.16 6.16 31.60 -10.53
3 16 2.83 23.21 15.72 2.22 18.82 15.31 4.68 23.17 14.61
3 16 2.83 23.21 15.72 4.68 23.17 14.61 5.36 28.04 15.00
3 16 -16.07 -4.84 4.05 -19.90 0.72 3.99 -18.27 -3.99 2.95
3 16 -16.07 -4.84 4.05 -18.27 -3.99 2.95 -14.50 -8.83 3.24
