0 BFC CERTIFY CCW
1 16 20 12 0 1 0 0 0 -1 0 0 0 1 p/stud3.dat
1 16 0 12 0 1 0 0 0 -1 0 0 0 1 p/stud3.dat
1 16 -20 12 0 1 0 0 0 -1 0 0 0 1 p/stud3.dat
1 16 30 12 -8 2 0 0 0 4 0 0 0 2 p/box5.dat
1 16 10 12 -8 2 0 0 0 4 0 0 0 2 p/box5.dat
1 16 -10 12 -8 2 0 0 0 4 0 0 0 2 p/box5.dat
1 16 -30 12 -8 2 0 0 0 4 0 0 0 2 p/box5.dat
1 16 20 7.31 -20 4 0 0 0 1 -2 0 0 4 p/2-4edge.dat
1 16 20 7.31 -20 4 0 0 0 1 4.9 0 0 -4 p/2-4edge.dat
1 16 20 7.31 -20 4 0 0 0 10 -2 0 0 4 p/2-4cyli.dat
1 16 20 7.31 -20 4 0 0 0 10 4.9 0 0 -4 p/2-4cyli.dat
1 16 20 15 -20 4 0 0 0 13 0 0 0 4 p/4-4cyli.dat
1 16 20 28 -20 1 0 0 0 -1 0 0 0 1 p/stud3a.dat
1 16 0 7.31 -20 4 0 0 0 1 -2 0 0 4 p/2-4edge.dat
1 16 0 7.31 -20 4 0 0 0 1 4.9 0 0 -4 p/2-4edge.dat
1 16 0 7.31 -20 4 0 0 0 10 -2 0 0 4 p/2-4cyli.dat
1 16 0 7.31 -20 4 0 0 0 10 4.9 0 0 -4 p/2-4cyli.dat
1 16 0 15 -20 4 0 0 0 13 0 0 0 4 p/4-4cyli.dat
1 16 0 28 -20 1 0 0 0 -1 0 0 0 1 p/stud3a.dat
1 16 -20 7.31 -20 4 0 0 0 1 -2 0 0 4 p/2-4edge.dat
1 16 -20 7.31 -20 4 0 0 0 1 4.9 0 0 -4 p/2-4edge.dat
1 16 -20 7.31 -20 4 0 0 0 10 -2 0 0 4 p/2-4cyli.dat
1 16 -20 7.31 -20 4 0 0 0 10 4.9 0 0 -4 p/2-4cyli.dat
1 16 -20 15 -20 4 0 0 0 13 0 0 0 4 p/4-4cyli.dat
1 16 -20 28 -20 1 0 0 0 -1 0 0 0 1 p/stud3a.dat
1 16 0 12 -2 36 0 0 0 -1 0 0 0 8 p/rect.dat
0 BFC INVERTNEXT
1 16 0 12 -2 36 0 0 0 4 0 0 0 8 p/box4o8a.dat
1 16 0 8 0 40 0 0 0 1 0 0 0 10 p/rect.dat
1 16 40 20 -10 0 1 0 -20 0 0 0 0 -20 p/1-4edge.dat
1 16 -40 20 -10 0 1 0 -20 0 0 0 0 -20 p/1-4edge.dat
4 16 40 32 -10 36 32 -14 -36 32 -14 -40 32 -10
4 16 -40 32 -10 -36 32 -14 -36 32 -26 -40 32 -30
4 16 -40 32 -30 -36 32 -26 36 32 -26 40 32 -30
4 16 40 32 -30 36 32 -26 36 32 -14 40 32 -10
4 16 40 16 -10 36 16 -10 36 16 6 40 16 10
4 16 40 16 10 36 16 6 -36 16 6 -40 16 10
4 16 -40 16 10 -36 16 6 -36 16 -10 -40 16 -10
1 16 0 12 10 -40 0 0 0 0 4 0 -1 0 p/rect3.dat
1 16 0 18 -10 0 0 40 2 0 0 0 -1 0 p/rect2p.dat
1 16 0 4 -10 40 0 0 0 0 -4 0 -1 0 p/rect3.dat
1 16 0 12.5 -14 -36 0 0 0 0 -7.5 0 1 0 p/rect3.dat
0 BFC INVERTNEXT
1 16 0 32 -20 36 0 0 0 -12 0 0 0 6 p/box4o4a.dat
1 16 0 32 -20 40 0 0 0 -12 0 0 0 10 p/box4o4a.dat
1 16 40 20 -10 0 -80 0 -20 0 0 0 0 -20 p/1-4cyli.dat
1 16 40 12 0 0 -1 0 4 0 0 0 0 10 p/rect1.dat
1 16 -40 12 0 0 1 0 4 0 0 0 0 -10 p/rect1.dat
1 16 40 20 -10 0 -1 0 -20 0 0 0 0 -20 p/1-4disc.dat
1 16 -40 20 -10 0 1 0 -20 0 0 0 0 -20 p/1-4disc.dat
1 16 30 8 0 1 0 0 0 1 0 0 0 1 p/stud.dat
1 16 10 8 0 1 0 0 0 1 0 0 0 1 p/stud.dat
1 16 -10 8 0 1 0 0 0 1 0 0 0 1 p/stud.dat
1 16 -30 8 0 1 0 0 0 1 0 0 0 1 p/stud.dat
1 16 36 20 -14 0 1 0 -15 0 0 0 0 -12 p/1-4edge.dat
1 16 -36 20 -14 0 1 0 -15 0 0 0 0 -12 p/1-4edge.dat
0 BFC INVERTNEXT
1 16 36 20 -14 0 -72 0 -15 0 0 0 0 -12 p/1-4cyli.dat
1 16 -36 20 -14 0 -1 0 -15 0 0 0 0 -12 p/1-4disc.dat
1 16 36 20 -14 0 1 0 -15 0 0 0 0 -12 p/1-4disc.dat
