0 BFC CERTIFY CCW
1 16 30 0 0 1 0 0 0 1 0 0 0 1 parts/s/61072s01.dat
1 16 -30 0 0 -1 0 0 0 1 0 0 0 -1 parts/s/61072s01.dat
4 16 30 5.21 -10 30.631 0 -10 -20 8 -10 20 8 -10
4 16 -20 8 -10 30.631 0 -10 -30.631 0 -10 -30 5.21 -10
1 16 10 0 0 0 0 1 0 1 0 -1 0 0 p/stud.dat
1 16 -10 0 0 0 0 1 0 1 0 -1 0 0 p/stud.dat
4 16 -30 5.21 10 -30.631 0 10 20 8 10 -20 8 10
4 16 -30.631 0 10 30.631 0 10 30 5.21 10 20 8 10
1 16 0 8 -8.125 0 0 -20 0 -1 0 -1.875 0 0 p/rect.dat
4 16 -25.97 0 -8.741 -30.631 0 -10 30.631 0 -10 25.97 0 -8.741
0 BFC INVERTNEXT
1 16 0 8 0 -20 0 0 0 -5.25 0 0 0 6.5 p/box5-4a.dat
4 16 -21.91 0 -5.305 -25.97 0 -8.741 25.97 0 -8.741 21.91 0 -5.305
4 16 -20.76 0 0 -21.91 0 -5.305 21.91 0 -5.305 20.76 0 0
1 16 0 8 8.125 0 0 20 0 -1 0 1.875 0 0 p/rect.dat
4 16 -21.91 0 5.305 -20.76 0 0 20.76 0 0 21.91 0 5.305
4 16 -25.97 0 8.741 -21.91 0 5.305 21.91 0 5.305 25.97 0 8.741
4 16 25.97 0 8.741 30.631 0 10 -30.631 0 10 -25.97 0 8.741
1 16 0 2.75 0 1 0 0 0 -1.3125 0 0 0 -1 p/stud3.dat
1 16 -18 2.75 0 0 0 2 0 5.25 0 -1.5 0 0 p/box4-1.dat
1 16 18 2.75 0 0 0 -2 0 5.25 0 1.5 0 0 p/box4-1.dat
