0 BFC CERTIFY CCW
1 16 0 0 0 0 0 -1 0 1 0 1 0 0 p/stud.dat
1 16 0 0 -20 1 0 0 0 1 0 0 0 1 p/clip6.dat
1 16 0 4 -10 0 0 -10 -4 0 0 0 20 0 p/box3u2p.dat
3 16 4 0 -10 10 0 -10 10 0 10
3 16 -10 0 10 -10 0 -10 -4 0 -10
4 16 -10 0 10 -4 0 -10 4 0 -10 10 0 10
0 BFC INVERTNEXT
1 16 0 8 0 6 0 0 0 -4 0 0 0 6 p/box5.dat
1 16 -7 4 -10 0 0 3 -4 0 0 0 1 0 p/rect3.dat
1 16 7 4 -10 0 0 -3 -4 0 0 0 1 0 p/rect3.dat
3 16 -10 8 -10 -6 8 -6 -4 8 -10
4 16 -4 8 -10 -6 8 -6 6 8 -6 4 8 -10
3 16 4 8 -10 6 8 -6 10 8 -10
4 16 -10 8 10 -6 8 6 -6 8 -6 -10 8 -10
4 16 10 8 10 6 8 6 -6 8 6 -10 8 10
4 16 10 8 -10 6 8 -6 6 8 6 10 8 10
