0 BFC CERTIFY CCW
1 16 -2 0 0 0 4 0 0 0 8 8 0 0 p/3-16cylo.dat
1 16 -2 0 0 0 1 0 0 0 2 2 0 0 p/3-16rin3.dat
1 16 -2 0 0 0 4 0 0 0 8 -8 0 0 p/3-16cylo.dat
1 16 -2 0 0 0 1 0 0 0 2 -2 0 0 p/3-16rin3.dat
1 16 -2 0 0 0 4 0 0 0 -8 8 0 0 p/3-16cylo.dat
1 16 -2 0 0 0 1 0 0 0 -2 2 0 0 p/3-16rin3.dat
1 16 -2 0 0 0 4 0 0 0 -8 -8 0 0 p/3-16cylo.dat
1 16 -2 0 0 0 1 0 0 0 -2 -2 0 0 p/3-16rin3.dat
1 16 2 0 0 0 -1 0 0 0 2 2 0 0 p/3-16rin3.dat
1 16 2 0 0 0 -1 0 0 0 2 -2 0 0 p/3-16rin3.dat
1 16 2 0 0 0 -1 0 0 0 -2 2 0 0 p/3-16rin3.dat
1 16 2 0 0 0 -1 0 0 0 -2 -2 0 0 p/3-16rin3.dat
4 16 -2 5.5434 -2.2962 -2 5.5434 2.2962 -2 7.3912 3.0616 -2 7.3912 -3.0616
1 16 0 7.3912 0 0 0 2 0 -1 0 3.0616 0 0 p/rect.dat
4 16 -2 -7.3912 3.0616 -2 -5.5434 2.2962 -2 -5.5434 -2.2962 -2 -7.3912 -3.0616
1 16 0 -7.3912 0 -2 0 0 0 1 0 0 0 -3.0616 p/rect.dat
4 16 2 7.3912 3.0616 2 5.5434 2.2962 2 5.5434 -2.2962 2 7.3912 -3.0616
4 16 2 -5.5434 -2.2962 2 -5.5434 2.2962 2 -7.3912 3.0616 2 -7.3912 -3.0616
1 16 -18 0 0 0 -1 0 -1 0 0 0 0 1 p/confricrib1.dat
1 16 -18 0 0 0 -1 0 1 0 0 0 0 1 p/confricrib1.dat
1 16 -18 0 0 0 -1 0 1 0 0 0 0 -1 p/confricrib1.dat
1 16 -18 0 0 0 -1 0 -1 0 0 0 0 -1 p/confricrib1.dat
1 16 -2 0 0 0 1 0 -1 0 0 0 0 1 p/confricrib2.dat
1 16 -20 0 0 0 1 0 0 0 -1 1 0 0 p/connectcollar5.dat
1 16 -20 0 0 0 1 0 0 0 1 1 0 0 p/connectcollar5.dat
1 16 -13 0 0 0 11 0 0 0 -6 -6 0 0 p/4-4cyli.dat
1 16 -2 0 0 0 1 0 0 0 -6 -6 0 0 p/4-4edge.dat
1 16 18 0 0 0 1 0 -1 0 0 0 0 1 p/confricrib1.dat
1 16 18 0 0 0 1 0 1 0 0 0 0 1 p/confricrib1.dat
1 16 18 0 0 0 1 0 1 0 0 0 0 -1 p/confricrib1.dat
1 16 18 0 0 0 1 0 -1 0 0 0 0 -1 p/confricrib1.dat
1 16 2 0 0 0 -1 0 -1 0 0 0 0 1 p/confricrib2.dat
1 16 20 0 0 0 -1 0 0 0 -1 1 0 0 p/connectcollar5.dat
1 16 20 0 0 0 -1 0 0 0 1 1 0 0 p/connectcollar5.dat
1 16 13 0 0 0 -11 0 0 0 -6 -6 0 0 p/4-4cyli.dat
1 16 2 0 0 0 -1 0 0 0 -6 -6 0 0 p/4-4edge.dat
0 BFC INVERTNEXT
1 16 -13 0 0 0 26 0 0 0 4 4 0 0 p/4-4cyli.dat
