0 BFC CERTIFY CCW
1 16 0 0 10 1 0 0 0 0 1 0 -1 0 p/peghole.dat
1 16 0 0 10 8 0 0 0 0 8 0 -1 0 p/48/4-4aring.dat
1 16 0 0 -10 1 0 0 0 0 -1 0 1 0 p/peghole.dat
1 16 0 0 -10 8 0 0 0 0 -8 0 1 0 p/48/4-4aring.dat
0 BFC INVERTNEXT
1 16 0 0 -8 6 0 0 0 0 -6 0 16 0 p/4-4cyli.dat
1 16 0 0 -10 1 0 0 0 0 -1 0 1 0 p/48/4-4ring8.dat
1 16 0 0 10 1 0 0 0 0 1 0 -1 0 p/48/4-4ring8.dat
1 16 0 0 -10 9 0 0 0 0 -9 0 1 0 p/48/4-4edge.dat
1 16 0 0 10 9 0 0 0 0 -9 0 1 0 p/48/4-4edge.dat
1 16 0 0 1.5 9 0 0 0 0 -9 0 1 0 p/48/4-4edge.dat
1 16 0 0 -1.5 9 0 0 0 0 -9 0 1 0 p/48/4-4edge.dat
1 16 0 0 -10 9 0 0 0 0 -9 0 8.5 0 p/48/4-4cyli.dat
1 16 0 0 1.5 9 0 0 0 0 -9 0 8.5 0 p/48/4-4cyli.dat
1 16 0 0 0 -1 0 0 0 1 0 0 0 -1 parts/s/61403s01.dat
1 16 0 0 0 -0.901 0.4339 0 0.4339 0.901 0 0 0 -1 parts/s/61403s01.dat
1 16 0 0 0 -0.6235 0.7818 0 0.7818 0.6235 0 0 0 -1 parts/s/61403s01.dat
1 16 0 0 0 -0.2225 0.9749 0 0.9749 0.2225 0 0 0 -1 parts/s/61403s01.dat
1 16 0 0 0 0.2225 0.9749 0 0.9749 -0.2225 0 0 0 -1 parts/s/61403s01.dat
1 16 0 0 0 0.6235 0.7818 0 0.7818 -0.6235 0 0 0 -1 parts/s/61403s01.dat
1 16 0 0 0 0.901 0.4339 0 0.4339 -0.901 0 0 0 -1 parts/s/61403s01.dat
1 16 0 0 0 1 0 0 0 -1 0 0 0 -1 parts/s/61403s01.dat
1 16 0 0 0 0.901 -0.4339 0 -0.4339 -0.901 0 0 0 -1 parts/s/61403s01.dat
1 16 0 0 0 0.6235 -0.7818 0 -0.7818 -0.6235 0 0 0 -1 parts/s/61403s01.dat
1 16 0 0 0 0.2225 -0.9749 0 -0.9749 -0.2225 0 0 0 -1 parts/s/61403s01.dat
1 16 0 0 0 -0.2225 -0.9749 0 -0.9749 0.2225 0 0 0 -1 parts/s/61403s01.dat
1 16 0 0 0 -0.6235 -0.7818 0 -0.7818 0.6235 0 0 0 -1 parts/s/61403s01.dat
1 16 0 0 0 -0.901 -0.4339 0 -0.4339 0.901 0 0 0 -1 parts/s/61403s01.dat
