0 BFC CERTIFY CCW
1 16 0 0 0 1 0 0 0 1 0 0 0 1 parts/s/6152s01.dat
1 16 10 0 -10 0 0 -1 0 1 0 1 0 0 p/stud.dat
1 16 -10 0 -10 0 0 -1 0 1 0 1 0 0 p/stud.dat
4 16 -36 28 0 -36 28 -20 -36 32 -16 -36 32 0
3 16 -36 32 -16 -36 28 -20 -36 32 -20
3 16 -40 32 -20 -36 32 -16 -36 32 -20
4 16 36 32 -16 36 28 -20 36 28 0 36 32 0
3 16 36 28 -20 36 32 -16 36 32 -20
3 16 36 32 -16 40 32 -20 36 32 -20
4 16 -20 32 -80 -17 32 -76 17 32 -76 20 32 -80
1 16 0 30 -76 -17 0 0 0 0 -2 0 -1 0 p/rect.dat
4 16 36 28 -20 17 28 -76 19 4 -18.75 36 4 31.25
4 16 -36 28 -20 -36 4 31.25 -19 4 -18.75 -17 28 -76
4 16 -22.4286 32 -60 22.4286 32 -60 21.0714 32 -64 -21.0714 32 -64
1 16 0 30 -60 22.4286 0 0 0 0 2 0 -1 0 p/rect3.dat
4 16 17.559 21.2926 -60 22.4286 28 -60 -22.4286 28 -60 -17.559 21.2926 -60
1 16 0 30 -64 -21.0714 0 0 0 0 2 0 1 0 p/rect3.dat
4 16 17.4192 22.9694 -64 -17.4192 22.9694 -64 -21.0714 28 -64 21.0714 28 -64
4 16 17 28 -76 -17 28 -76 -17.4192 22.9694 -64 17.4192 22.9694 -64
4 16 17.559 21.2926 -60 -17.559 21.2926 -60 -19 4 -18.75 19 4 -18.75
1 16 19.0357 30 -70 2.0357 1 0 0 0 2 6 0 0 p/rect2p.dat
1 16 29.2143 30 -40 0 1 6.7857 -2 0 0 0 0 20 p/rect3.dat
1 16 -29.2143 30 -40 0 -1 -6.7857 2 0 0 0 0 20 p/rect3.dat
1 16 -19.0357 30 -70 2.0357 -1 0 0 0 2 -6 0 0 p/rect2p.dat
3 16 -17 32 -76 -20 32 -80 -21.0714 32 -64
3 16 -21.0714 32 -64 -20 32 -80 -22.4286 32 -60
4 16 -20 32 -80 -40 32 -20 -36 32 -20 -22.4286 32 -60
3 16 20 32 -80 17 32 -76 21.0714 32 -64
3 16 20 32 -80 21.0714 32 -64 22.4286 32 -60
4 16 20 32 -80 22.4286 32 -60 36 32 -20 40 32 -20
4 16 40 28 -20 40 32 -20 40 32 40 40 0 40
4 16 20 28 -80 40 28 -20 40 0 40 20 0 -20
4 16 -20 28 -80 20 28 -80 20 0 -20 -20 0 -20
4 16 -40 28 -20 -20 28 -80 -20 0 -20 -40 0 40
4 16 20 32 -80 40 32 -20 40 28 -20 20 28 -80
4 16 -20 32 -80 20 32 -80 20 28 -80 -20 28 -80
4 16 -40 32 -20 -20 32 -80 -20 28 -80 -40 28 -20
4 16 -40 32 40 -40 32 -20 -40 28 -20 -40 0 40
