0 BFC CERTIFY CCW
1 16 0 4 0 1 0 0 0 -1 0 0 0 1 p/stud4a.dat
1 16 0 4 0 8 0 0 0 1 0 0 0 8 p/4-4edge.dat
1 16 0 4 0 8 0 0 0 -1 0 0 0 8 p/4-4ndis.dat
1 16 0 4 0 1 0 0 0 1 0 0 0 1 p/axlehol3.dat
1 16 0 0 0 1 0 0 0 4 0 0 0 1 p/axlehole.dat
1 16 0 0 0 1 0 0 0 1 0 0 0 1 p/axlehol2.dat
1 16 0 0 0 6 0 0 0 1 0 0 0 6 p/4-4ndis.dat
4 16 8 4 -8 16 4 -16 -16 4 -16 -8 4 -8
4 16 8 4 8 16 4 16 16 4 -16 8 4 -8
4 16 -8 4 8 -16 4 16 16 4 16 8 4 8
4 16 -8 4 -8 -16 4 -16 -16 4 16 -8 4 8
0 BFC INVERTNEXT
1 16 0 8 0 16 0 0 0 -4 0 0 0 16 p/box4.dat
4 16 -6 0 -6 -16 0 -16 16 0 -16 6 0 -6
4 16 6 0 -6 16 0 -16 16 0 16 6 0 6
4 16 6 0 6 16 0 16 -16 0 16 -6 0 6
4 16 -6 0 6 -16 0 16 -16 0 -16 -6 0 -6
4 16 20 8 -20 16 8 -16 16 8 -12 20 8 -12
4 16 20 8 12 16 8 12 16 8 16 20 8 20
4 16 18 8 12 18 8 -12 16 8 -12 16 8 12
4 16 20 8 20 16 8 16 12 8 16 12 8 20
4 16 -12 8 20 -12 8 16 -16 8 16 -20 8 20
4 16 -12 8 18 12 8 18 12 8 16 -12 8 16
4 16 -20 8 20 -16 8 16 -16 8 12 -20 8 12
4 16 -20 8 -12 -16 8 -12 -16 8 -16 -20 8 -20
4 16 -18 8 -12 -18 8 12 -16 8 12 -16 8 -12
4 16 -20 8 -20 -16 8 -16 -12 8 -16 -12 8 -20
4 16 12 8 -20 12 8 -16 16 8 -16 20 8 -20
4 16 12 8 -18 -12 8 -18 -12 8 -16 12 8 -16
1 16 15 -20 -12 0 -1 0 -20 0 0 0 0 4 p/box2-11.dat
1 16 15 -20 12 0 -1 0 -20 0 0 0 0 -4 p/box2-11.dat
1 16 -15 -20 -12 0 1 0 -20 0 0 0 0 4 p/box2-11.dat
1 16 -15 -20 12 0 1 0 -20 0 0 0 0 -4 p/box2-11.dat
1 16 16 -20 0 0 1 0 -20 0 0 0 0 8 p/rect.dat
1 16 -16 -20 0 0 -1 0 -20 0 0 0 0 -8 p/rect.dat
1 16 0 -20 -16 0 0 14 -20 0 0 0 -1 0 p/rect.dat
1 16 0 -20 16 0 0 -14 -20 0 0 0 1 0 p/rect.dat
0 BFC INVERTNEXT
1 16 0 4 -20 -12 0 0 0 0 -4 0 2 0 p/box4-1.dat
0 BFC INVERTNEXT
1 16 0 -24 -20 12 0 0 0 0 16 0 2 0 p/box4-1.dat
4 16 12 0 -20 12 -8 -20 -12 -8 -20 -12 0 -20
1 16 16 -16 -16 0 4 0 -24 0 0 0 0 -4 p/box2-7.dat
0 BFC INVERTNEXT
1 16 20 4 0 0 -2 0 0 0 -4 -12 0 0 p/box4-1.dat
0 BFC INVERTNEXT
1 16 20 -24 0 0 -2 0 0 0 16 12 0 0 p/box4-1.dat
4 16 20 0 12 20 -8 12 20 -8 -12 20 0 -12
1 16 16 -16 16 0 0 4 -24 0 0 0 4 0 p/box2-7.dat
0 BFC INVERTNEXT
1 16 0 4 20 12 0 0 0 0 -4 0 -2 0 p/box4-1.dat
0 BFC INVERTNEXT
1 16 0 -24 20 -12 0 0 0 0 16 0 -2 0 p/box4-1.dat
4 16 -12 0 20 -12 -8 20 12 -8 20 12 0 20
1 16 -16 -16 16 0 -4 0 -24 0 0 0 0 4 p/box2-7.dat
0 BFC INVERTNEXT
1 16 -20 4 0 0 2 0 0 0 -4 12 0 0 p/box4-1.dat
0 BFC INVERTNEXT
1 16 -20 -24 0 0 2 0 0 0 16 -12 0 0 p/box4-1.dat
4 16 -20 0 -12 -20 -8 -12 -20 -8 12 -20 0 12
1 16 -16 -16 -16 0 0 -4 -24 0 0 0 -4 0 p/box2-7.dat
4 16 20 -40 -12 16 -40 -12 16 -40 -16 20 -40 -20
4 16 20 -40 20 16 -40 16 16 -40 12 20 -40 12
4 16 16 -40 12 16 -40 -12 18 -40 -12 18 -40 12
4 16 12 -40 20 12 -40 16 16 -40 16 20 -40 20
4 16 -20 -40 20 -16 -40 16 -12 -40 16 -12 -40 20
4 16 -12 -40 16 12 -40 16 12 -40 18 -12 -40 18
4 16 -20 -40 12 -16 -40 12 -16 -40 16 -20 -40 20
4 16 -20 -40 -20 -16 -40 -16 -16 -40 -12 -20 -40 -12
4 16 -16 -40 -12 -16 -40 12 -18 -40 12 -18 -40 -12
4 16 -12 -40 -20 -12 -40 -16 -16 -40 -16 -20 -40 -20
4 16 20 -40 -20 16 -40 -16 12 -40 -16 12 -40 -20
4 16 12 -40 -16 -12 -40 -16 -12 -40 -18 12 -40 -18
1 16 15 -40 -12 0 0 1 0 -4 0 -4 0 0 p/box5-4a.dat
1 16 15 -40 12 0 0 1 0 -4 0 4 0 0 p/box5-4a.dat
1 16 -15 -40 -12 0 0 -1 0 -4 0 -4 0 0 p/box5-4a.dat
1 16 -15 -40 12 0 0 -1 0 -4 0 4 0 0 p/box5-4a.dat
