0 BFC CERTIFY CCW
1 16 120 0 0 1 0 0 0 1 0 0 0 1 parts/s/6181s01.dat
1 16 -120 0 0 -1 0 0 0 1 0 0 0 -1 parts/s/6181s01.dat
1 16 -230 0 -80 1 0 0 0 1 0 0 0 1 p/stug-4x1.dat
1 16 30 0 -110 1 0 0 0 1 0 0 0 1 p/stug-1x5.dat
1 16 -70 0 -110 1 0 0 0 1 0 0 0 1 p/stug-1x5.dat
1 16 -170 0 -110 1 0 0 0 1 0 0 0 1 p/stug-1x5.dat
1 16 230 0 80 1 0 0 0 1 0 0 0 1 p/stug-4x1.dat
1 16 170 0 110 1 0 0 0 1 0 0 0 1 p/stug-1x5.dat
1 16 70 0 110 1 0 0 0 1 0 0 0 1 p/stug-1x5.dat
1 16 -30 0 110 1 0 0 0 1 0 0 0 1 p/stug-1x5.dat
1 16 -100 40 0 1 0 0 0 1 0 0 0 1 p/stug-2x2.dat
1 16 100 40 0 1 0 0 0 1 0 0 0 1 p/stug-2x2.dat
