0 BFC CERTIFY CCW
1 16 0 0 0 1 0 0 0 1 0 0 0 1 parts/s/61905s01.dat
1 16 0 0 0 -1 0 0 0 1 0 0 0 1 parts/s/61905s01.dat
1 16 0 0 0 1 0 0 0 -1 0 0 0 1 parts/s/61905s01.dat
1 16 0 0 0 -1 0 0 0 -1 0 0 0 1 parts/s/61905s01.dat
1 16 0 0 -10 1 0 0 0 0 -1 0 1 0 p/connhole.dat
1 16 -10 0 0 0 0 -1 -1 0 0 0 -8 0 p/npeghole.dat
1 16 10 0 0 0 0 -1 -1 0 0 0 -8 0 p/npeghole.dat
1 16 -10 0 -20 0 0 -1 -1 0 0 0 8 0 p/npeghol2.dat
1 16 -20 0 -20 1 0 0 0 0 -1 0 1 0 p/peghole.dat
1 16 20 0 -20 1 0 0 0 0 -1 0 1 0 p/peghole.dat
1 16 20 0 -20 0 0 -9 -9 0 0 0 1 0 p/2-4ndis.dat
1 16 0 0 -20 0 0 9 -9 0 0 0 1 0 p/2-4ndis.dat
4 16 9 -9 -20 9 9 -20 11 9 -20 11 -9 -20
4 16 -20 9 -20 -12 10 -20 12 10 -20 20 9 -20
4 16 20 -9 -20 12 -10 -20 -12 -10 -20 -20 -9 -20
1 16 0 -10 -10 10 0 0 0 1 0 0 0 10 p/rect3.dat
1 16 0 10 -10 -10 0 0 0 -1 0 0 0 10 p/rect3.dat
