0 BFC CERTIFY CCW
1 16 -18.55 -1.1 0 1 0 0 0 0 -1 0 1 0 parts/s/61975s01.dat
1 16 -18.55 -1.1 0 1 0 0 0 0 -1 0 -1 0 parts/s/61975s01.dat
1 16 0 -2.1 0 4.55 0 0 0 -1 0 0 0 -4.55 p/4-4edge.dat
1 16 0 -2.1 0 4.55 0 0 0 -1 0 0 0 -4.55 p/4-4disc.dat
1 16 -20.45 0 0 0 -8 0 0 0 -4 4 0 0 p/4-4cylc.dat
1 16 -28.45 0 0 0 1 0 0 0 -4 4 0 0 p/4-4disc.dat
1 16 -20.45 0 0 0 -8 0 0 0 -2.4 2.4 0 0 p/4-4edge.dat
1 16 0 5.1 0 -1 0 0 0 -1.2 0 0 0 -1 parts/s/93247s01.dat
1 16 0 5.1 0 -1 0 0 0 -1.2 0 0 0 1 parts/s/93247s01.dat
1 16 0 5.1 0 1 0 0 0 -1.2 0 0 0 -1 parts/s/93247s01.dat
1 16 0 5.1 0 1 0 0 0 -1.2 0 0 0 1 parts/s/93247s01.dat
1 16 0 5.1 0 -1 0 0 0 1.2 0 0 0 -1 parts/s/93247s01.dat
1 16 0 5.1 0 -1 0 0 0 1.2 0 0 0 1 parts/s/93247s01.dat
1 16 0 5.1 0 1 0 0 0 1.2 0 0 0 -1 parts/s/93247s01.dat
1 16 0 5.1 0 1 0 0 0 1.2 0 0 0 1 parts/s/93247s01.dat
1 16 0 12.3 0 -1 0 0 0 -1.2 0 0 0 -1 parts/s/93247s01.dat
1 16 0 12.3 0 -1 0 0 0 -1.2 0 0 0 1 parts/s/93247s01.dat
1 16 0 12.3 0 1 0 0 0 -1.2 0 0 0 -1 parts/s/93247s01.dat
1 16 0 12.3 0 1 0 0 0 -1.2 0 0 0 1 parts/s/93247s01.dat
1 16 0 12.3 0 -1 0 0 0 1.2 0 0 0 -1 parts/s/93247s01.dat
1 16 0 12.3 0 -1 0 0 0 1.2 0 0 0 1 parts/s/93247s01.dat
1 16 0 12.3 0 1 0 0 0 1.2 0 0 0 -1 parts/s/93247s01.dat
1 16 0 12.3 0 1 0 0 0 1.2 0 0 0 1 parts/s/93247s01.dat
1 16 0 -2.1 0 -1 0 0 0 1.2 0 0 0 -1 parts/s/93247s01.dat
1 16 0 -2.1 0 -1 0 0 0 1.2 0 0 0 1 parts/s/93247s01.dat
1 16 0 -2.1 0 1 0 0 0 1.2 0 0 0 -1 parts/s/93247s01.dat
1 16 0 -2.1 0 1 0 0 0 1.2 0 0 0 1 parts/s/93247s01.dat
1 16 0 -2.1 0 -3.696 0 1.531 0 -1 0 1.531 0 3.696 p/3-8edge.dat
1 16 0 -2.1 0 -3.696 0 1.531 0 -1 0 -1.531 0 -3.696 p/3-8edge.dat
1 16 0 15.9 0 -1.531 0 -3.696 0 -1 0 -3.696 0 1.531 p/3-8edge.dat
1 16 0 15.9 0 -1.531 0 -3.696 0 -1 0 -3.696 0 1.531 p/3-8disc.dat
1 16 0 15.9 0 1.531 0 3.696 0 -1 0 -3.696 0 1.531 p/3-8edge.dat
1 16 0 15.9 0 1.531 0 3.696 0 -1 0 -3.696 0 1.531 p/3-8disc.dat
1 16 0 -2.1 0 -2.772 0 -1.148 0 -1 0 -1.148 0 2.772 p/1-8edge.dat
1 16 0 -2.1 0 2.772 0 1.148 0 -1 0 -1.148 0 2.772 p/1-8edge.dat
1 16 0 16.9 0 -4 0 0 0 5 0 0 0 -4 p/4-4cylc.dat
1 16 0 21.9 0 -4 0 0 0 -1 0 0 0 -4 p/4-4disc.dat
1 16 0 16.9 0 0 0 3.5 0 -1 0 3.5 0 0 p/4-4edge.dat
1 16 0 16.9 0 0 0 3.5 0 -19 0 3.5 0 0 p/4-4cyli.dat
1 16 0 15.9 0 1.33933 0 3.234 0 -1 0 3.234 0 -1.33933 p/3-8edge.dat
1 16 0 15.9 0 -1.33933 0 -3.234 0 -1 0 3.234 0 -1.33933 p/3-8edge.dat
