0 BFC CERTIFY CCW
0 BFC INVERTNEXT
1 16 0 4 0 16 0 0 0 20 0 0 0 16 p/box4.dat
1 16 0 0 0 20 0 0 0 24 0 0 0 20 p/box4.dat
1 16 0 20 0 1 0 0 0 -1 0 0 0 1 p/stud4a.dat
1 16 0 0 0 1 0 0 0 20 0 0 0 1 p/axlehole.dat
1 16 0 0 0 1 0 0 0 1 0 0 0 1 p/axlehol2.dat
1 16 0 20 0 1 0 0 0 1 0 0 0 1 p/axlehol3.dat
1 16 0 4 0 8 0 0 0 16 0 0 0 8 p/4-4cyli.dat
1 16 0 4 0 8 0 0 0 1 0 0 0 8 p/4-4edge.dat
1 16 0 4 0 8 0 0 0 -1 0 0 0 8 p/4-4ndis.dat
1 16 0 0 0 6 0 0 0 1 0 0 0 6 p/4-4ndis.dat
1 16 20 10 0 0 1 0 8 0 0 0 0 8 p/4-4edge.dat
1 16 20 10 0 0 1 0 4 0 0 0 0 4 p/4-4edge.dat
1 16 20 10 0 0 -1 0 1 0 0 0 0 1 p/connect.dat
1 16 0 0 0 -1 0 0 0 1 0 0 0 -1 p/stug2.dat
4 16 20 24 20 16 24 16 -16 24 16 -20 24 20
4 16 -20 24 20 -16 24 16 -16 24 -16 -20 24 -20
4 16 -20 24 -20 -16 24 -16 16 24 -16 20 24 -20
4 16 20 24 -20 16 24 -16 16 24 16 20 24 20
4 16 16 4 16 8 4 8 -8 4 8 -16 4 16
4 16 -16 4 16 -8 4 8 -8 4 -8 -16 4 -16
4 16 -16 4 -16 -8 4 -8 8 4 -8 16 4 -16
4 16 16 4 -16 8 4 -8 8 4 8 16 4 16
4 16 -20 0 20 -6 0 6 6 0 6 20 0 20
4 16 -20 0 -20 -6 0 -6 -6 0 6 -20 0 20
4 16 20 0 -20 6 0 -6 -6 0 -6 -20 0 -20
4 16 20 0 20 6 0 6 6 0 -6 20 0 -20
