0 BFC CERTIFY CCW
1 16 40 100 0 1 0 0 0 -11 0 0 0 1 p/stud4.dat
1 16 20 100 0 1 0 0 0 -11 0 0 0 1 p/stud4.dat
1 16 0 100 0 1 0 0 0 -11 0 0 0 1 p/stud4.dat
1 16 -20 100 0 1 0 0 0 -11 0 0 0 1 p/stud4.dat
1 16 -40 100 0 1 0 0 0 -11 0 0 0 1 p/stud4.dat
0 BFC INVERTNEXT
1 16 0 144 0 56 0 0 0 -44 0 0 0 16 p/box5.dat
4 16 60 144 20 56 144 16 -56 144 16 -60 144 20
4 16 -60 144 -20 -56 144 -16 56 144 -16 60 144 -20
4 16 60 144 -20 56 144 -16 56 144 16 60 144 20
4 16 -60 144 20 -56 144 16 -56 144 -16 -60 144 -20
1 16 0 96 2 57 0 0 0 1 0 0 0 18 p/rect.dat
1 16 50 90 -10 2 0 0 0 1 0 0 0 2 p/1-4edge.dat
1 16 48 90 -10 -2 0 0 0 1 0 0 0 2 p/1-4edge.dat
1 16 -48 90 -10 2 0 0 0 1 0 0 0 2 p/1-4edge.dat
1 16 -50 90 -10 -2 0 0 0 1 0 0 0 2 p/1-4edge.dat
1 16 50 90 -10 0 0 2 0 -1 0 2 0 0 p/1-4disc.dat
1 16 48 90 -10 0 0 -2 0 -1 0 2 0 0 p/1-4disc.dat
1 16 -48 90 -10 0 0 2 0 -1 0 2 0 0 p/1-4disc.dat
1 16 -50 90 -10 0 0 -2 0 -1 0 2 0 0 p/1-4disc.dat
4 16 48 90 -10 48 90 -8 50 90 -8 50 90 -10
4 16 -50 90 -10 -50 90 -8 -48 90 -8 -48 90 -10
4 16 -52 90 -16 -46 90 -10 46 90 -10 52 90 -16
3 16 -52 90 -16 -52 90 -10 -50 90 -10
3 16 -50 90 -10 -48 90 -10 -52 90 -16
3 16 -52 90 -16 -48 90 -10 -46 90 -10
3 16 46 90 -10 48 90 -10 52 90 -16
3 16 52 90 -16 48 90 -10 50 90 -10
3 16 50 90 -10 52 90 -10 52 90 -16
1 16 0 88 -15 50 0 0 0 1 0 0 0 5 p/rect.dat
1 16 48 88 -10 -2 0 0 0 1 0 0 0 -2 p/1-4edge.dat
1 16 -48 88 -10 2 0 0 0 1 0 0 0 -2 p/1-4edge.dat
0 BFC INVERTNEXT
1 16 0 8 -16 50 0 0 0 1 0 0 0 4 p/rect.dat
1 16 0 6 -13 52 0 0 0 1 0 0 0 3 p/rect.dat
0 BFC INVERTNEXT
1 16 0 3 2 57 0 0 0 1 0 0 0 18 p/rect.dat
1 16 0 0 0 60 0 0 0 1 0 0 0 20 p/rect.dat
1 16 48 10 -10 0 0 -2 0 -1 2 2 0 0 p/2-4edge.dat
1 16 -48 10 -10 0 -1 2 0 0 2 -2 0 0 p/2-4edge.dat
1 16 50 8 -10 2 0 0 -2 1 0 0 0 2 p/1-4edge.dat
1 16 -50 8 -10 -2 0 0 -2 1 0 0 0 2 p/1-4edge.dat
4 16 60 144 20 60 0 20 60 0 -20 60 144 -20
4 16 57 96 -16 57 3 -16 57 3 20 57 96 20
4 16 52 90 -10 52 6 -10 52 6 -16 52 90 -16
4 16 50 88 -20 50 8 -20 50 8 -12 50 88 -12
4 16 -50 88 -12 -50 8 -12 -50 8 -20 -50 88 -20
4 16 -52 90 -16 -52 6 -16 -52 6 -10 -52 90 -10
4 16 -57 96 20 -57 3 20 -57 3 -16 -57 96 -16
4 16 -60 144 -20 -60 0 -20 -60 0 20 -60 144 20
1 16 48 88 -10 0 0 -2 0 2 0 2 0 0 p/1-4cyli.dat
1 16 48 10 -10 0 0 -2 0 78 0 2 0 0 p/2-4cyli.dat
1 16 -48 88 -10 0 0 2 0 2 0 2 0 0 p/1-4cyli.dat
1 16 -48 10 -10 0 0 2 0 78 0 2 0 0 p/2-4cyli.dat
1 16 48 10 -10 0 -96 0 0 0 2 2 0 0 p/2-4cyli.dat
4 16 50 88 -12 50 8 -12 48 10 -12 48 88 -12
4 16 -48 88 -12 -48 10 -12 -50 8 -12 -50 88 -12
4 16 -50 8 -12 -48 10 -12 48 10 -12 50 8 -12
4 16 48 90 -8 48 10 -8 50 8 -8 50 90 -8
4 16 -50 90 -8 -50 8 -8 -48 10 -8 -48 90 -8
4 16 50 8 -8 48 10 -8 -48 10 -8 -50 8 -8
1 16 50 8 -10 2 0 0 0 82 0 0 0 2 p/1-4cyli.dat
1 16 -50 8 -10 -2 0 0 0 82 0 0 0 2 p/1-4cyli.dat
1 16 50 8 -10 2 0 0 -2 2 0 0 0 2 p/1-4cyli.dat
1 16 -50 8 -10 -2 0 0 -2 2 0 0 0 2 p/1-4cyli.dat
1 16 50 8 -10 2 -52 0 -2 0 0 0 0 2 p/1-4cyli.dat
1 16 -50 8 -10 -2 52 0 -2 0 0 0 0 2 p/1-4cyli.dat
4 16 -60 144 20 -57 96 20 57 96 20 60 144 20
4 16 60 0 20 57 3 20 -57 3 20 -60 0 20
4 16 60 144 20 57 96 20 57 3 20 60 0 20
4 16 -60 0 20 -57 3 20 -57 96 20 -60 144 20
4 16 -57 96 -16 -52 90 -16 52 90 -16 57 96 -16
4 16 -46 90 -10 -46 88 -10 46 88 -10 46 90 -10
4 16 57 3 -16 57 6 -16 -57 6 -16 -57 3 -16
4 16 57 96 -16 52 90 -16 52 6 -16 57 3 -16
4 16 -57 3 -16 -52 6 -16 -52 90 -16 -57 96 -16
4 16 60 144 -20 50 88 -20 -50 88 -20 -60 144 -20
4 16 -60 0 -20 -50 8 -20 50 8 -20 60 0 -20
4 16 60 0 -20 50 8 -20 50 88 -20 60 144 -20
4 16 -60 144 -20 -50 88 -20 -50 8 -20 -60 0 -20
1 16 50 0 10 1 0 0 0 1 0 0 0 1 p/stud2.dat
1 16 30 0 10 1 0 0 0 1 0 0 0 1 p/stud2.dat
1 16 10 0 10 1 0 0 0 1 0 0 0 1 p/stud2.dat
1 16 -10 0 10 1 0 0 0 1 0 0 0 1 p/stud2.dat
1 16 -30 0 10 1 0 0 0 1 0 0 0 1 p/stud2.dat
1 16 -50 0 10 1 0 0 0 1 0 0 0 1 p/stud2.dat
1 16 50 0 -10 1 0 0 0 1 0 0 0 1 p/stud2.dat
1 16 30 0 -10 1 0 0 0 1 0 0 0 1 p/stud2.dat
1 16 10 0 -10 1 0 0 0 1 0 0 0 1 p/stud2.dat
1 16 -10 0 -10 1 0 0 0 1 0 0 0 1 p/stud2.dat
1 16 -30 0 -10 1 0 0 0 1 0 0 0 1 p/stud2.dat
1 16 -50 0 -10 1 0 0 0 1 0 0 0 1 p/stud2.dat
