0 BFC CERTIFY CCW
1 16 0 -4 200 -9 0 0 0 8 0 0 0 9 2-4cyli.dat
1 16 0 -4 200 9 0 0 0 1 0 0 0 9 2-4edge.dat
1 16 0 4 200 9 0 0 0 1 0 0 0 9 2-4edge.dat
0 BFC INVERTNEXT
1 16 0 -8 200 6 0 0 0 16 0 0 0 6 4-4cyli.dat
1 16 0 -8 200 8 0 0 0 4 0 0 0 -8 4-4cyli.dat
1 16 0 8 200 8 0 0 0 -4 0 0 0 8 4-4cyli.dat
1 16 0 -8 200 8 0 0 0 1 0 0 0 8 4-4edge.dat
1 16 0 -4 200 8 0 0 0 1 0 0 0 8 4-4edge.dat
1 16 0 4 200 8 0 0 0 1 0 0 0 8 4-4edge.dat
1 16 0 8 200 8 0 0 0 1 0 0 0 8 4-4edge.dat
1 16 0 8 200 6 0 0 0 1 0 0 0 6 4-4edge.dat
1 16 0 -8 200 6 0 0 0 -1 0 0 0 6 4-4edge.dat
1 16 0 -4 200 9 0 0 0 1 0 0 0 -9 2-4cyli.dat
1 16 0 3 200 9 0 0 0 1 0 0 0 -9 2-4cyli.dat
1 16 0 -8 200 2 0 0 0 1 0 0 0 -2 ring3.dat
1 16 0 8 200 2 0 0 0 -1 0 0 0 -2 ring3.dat
1 16 0 4 200 -1 0 0 0 -1 0 0 0 1 1-4ring8.dat
1 16 0 4 200 0 0 1 0 -1 0 1 0 0 1-4ring8.dat
1 16 0 4 200 0 0 -1 0 -1 0 -1 0 0 1-4ring8.dat
1 16 0 4 200 1 0 0 0 -1 0 0 0 -1 1-4ring8.dat
1 16 0 -4 200 1 0 0 0 1 0 0 0 1 1-4ring8.dat
1 16 0 -4 200 0 0 1 0 1 0 -1 0 0 1-4ring8.dat
1 16 0 -4 200 -1 0 0 0 1 0 0 0 -1 1-4ring8.dat
1 16 0 -4 200 0 0 -1 0 1 0 1 0 0 1-4ring8.dat
1 16 0 3 200 9 0 0 0 -1 0 0 0 -9 2-4ndis.dat
1 16 0 -3 200 9 0 0 0 1 0 0 0 -9 2-4ndis.dat
1 16 0 -4 200 -6.36396 0 6.36396 0 1 0 -6.36396 0 -6.36396 1-4edge.dat
1 16 0 4 200 -6.36396 0 6.36396 0 1 0 -6.36396 0 -6.36396 1-4edge.dat
1 16 0 -3 200 -6.36396 0 6.36396 0 1 0 -6.36396 0 -6.36396 1-4edge.dat
1 16 0 3 200 -6.36396 0 6.36396 0 1 0 -6.36396 0 -6.36396 1-4edge.dat
1 16 0 8 0 6 0 0 0 1 0 0 0 6 4-4edge.dat
1 16 0 -8 0 6 0 0 0 1 0 0 0 6 4-4edge.dat
1 16 0 -4 0 9 0 0 0 8 0 0 0 -9 2-4cyli.dat
1 16 0 -4 0 -9 0 0 0 1 0 0 0 -9 2-4edge.dat
1 16 0 4 0 -9 0 0 0 1 0 0 0 -9 2-4edge.dat
0 BFC INVERTNEXT
1 16 0 -8 0 -6 0 0 0 16 0 0 0 -6 4-4cyli.dat
1 16 0 -8 0 8 0 0 0 4 0 0 0 -8 4-4cyli.dat
1 16 0 8 0 -8 0 0 0 -4 0 0 0 -8 4-4cyli.dat
1 16 0 -8 0 -8 0 0 0 1 0 0 0 -8 4-4edge.dat
1 16 0 -4 0 -8 0 0 0 1 0 0 0 -8 4-4edge.dat
1 16 0 4 0 -8 0 0 0 1 0 0 0 -8 4-4edge.dat
1 16 0 8 0 -8 0 0 0 1 0 0 0 -8 4-4edge.dat
1 16 0 -4 0 -9 0 0 0 1 0 0 0 9 2-4cyli.dat
1 16 0 3 0 -9 0 0 0 1 0 0 0 9 2-4cyli.dat
1 16 0 -8 0 2 0 0 0 1 0 0 0 -2 ring3.dat
1 16 0 8 0 -2 0 0 0 -1 0 0 0 2 ring3.dat
1 16 0 4 0 -1 0 0 0 -1 0 0 0 1 1-4ring8.dat
1 16 0 4 0 0 0 -1 0 -1 0 -1 0 0 1-4ring8.dat
1 16 0 4 0 1 0 0 0 -1 0 0 0 -1 1-4ring8.dat
1 16 0 4 0 0 0 1 0 -1 0 1 0 0 1-4ring8.dat
1 16 0 -4 0 1 0 0 0 1 0 0 0 1 1-4ring8.dat
1 16 0 -4 0 0 0 1 0 1 0 -1 0 0 1-4ring8.dat
1 16 0 -4 0 -1 0 0 0 1 0 0 0 -1 1-4ring8.dat
1 16 0 -4 0 0 0 -1 0 1 0 1 0 0 1-4ring8.dat
1 16 0 3 0 -9 0 0 0 -1 0 0 0 9 2-4ndis.dat
1 16 0 -3 0 -9 0 0 0 1 0 0 0 9 2-4ndis.dat
1 16 0 -4 0 6.36396 0 -6.36396 0 1 0 6.36396 0 6.36396 1-4edge.dat
1 16 0 4 0 6.36396 0 -6.36396 0 1 0 6.36396 0 6.36396 1-4edge.dat
1 16 0 -3 0 6.36396 0 -6.36396 0 1 0 6.36396 0 6.36396 1-4edge.dat
1 16 0 3 0 6.36396 0 -6.36396 0 1 0 6.36396 0 6.36396 1-4edge.dat
4 16 8 -4 195.877 8 -4 3.9158 9 -4 0 9 -4 200
4 16 8 4 195.877 9 4 200 9 4 0 8 4 3.9158
4 16 8 -4 195.877 8 -3 195.877 8 -3 3.9158 8 -4 3.9158
4 16 8 3 195.877 8 4 195.877 8 4 3.9158 8 3 3.9158
4 16 9 4 200 9 -4 200 9 -4 0 9 4 0
4 16 -8 -4 3.9158 -8 -4 195.877 -9 -4 200 -9 -4 0
4 16 -8 4 3.9158 -9 4 0 -9 4 200 -8 4 195.877
4 16 -8 -4 3.9158 -8 -3 3.9158 -8 -3 196.0842 -8 -4 196.0842
4 16 -8 3 3.9158 -8 4 3.9158 -8 4 196.0842 -8 3 196.0842
4 16 -9 4 0 -9 -4 0 -9 -4 200 -9 4 200
4 16 8 -3 191 -8 -3 191 -8 -3 9 8 -3 9
4 16 8 3 9 -8 3 9 -8 3 191 8 3 191
