0 BFC CERTIFY CCW
1 16 0 4 0 10 0 0 0 1 0 0 0 10 p/4-4edge.dat
1 16 0 26 0 0 0 -10 0 1 0 10 0 0 p/3-16edge.dat
1 16 0 26 0 0 0 10 0 1 0 -10 0 0 p/3-16edge.dat
1 16 0 26 0 0 0 10 0 1 0 10 0 0 p/3-16edge.dat
1 16 0 26 0 0 0 -10 0 1 0 -10 0 0 p/3-16edge.dat
1 16 0 26 0 0 0 -6 0 1 0 6 0 0 p/3-16edge.dat
1 16 0 26 0 0 0 6 0 1 0 -6 0 0 p/3-16edge.dat
1 16 0 26 0 0 0 6 0 1 0 6 0 0 p/3-16edge.dat
1 16 0 26 0 0 0 -6 0 1 0 -6 0 0 p/3-16edge.dat
1 16 0 26 0 0 0 -10 0 -1 0 10 0 0 p/3-16chrd.dat
1 16 0 26 0 0 0 10 0 -1 0 -10 0 0 p/3-16chrd.dat
1 16 0 26 0 0 0 10 0 -1 0 10 0 0 p/3-16chrd.dat
1 16 0 26 0 0 0 -10 0 -1 0 -10 0 0 p/3-16chrd.dat
1 16 0 26 0 0 0 -6 0 -1 0 6 0 0 p/3-16tndis.dat
1 16 0 26 0 0 0 6 0 -1 0 -6 0 0 p/3-16tndis.dat
1 16 0 26 0 0 0 6 0 -1 0 6 0 0 p/3-16tndis.dat
1 16 0 26 0 0 0 -6 0 -1 0 -6 0 0 p/3-16tndis.dat
1 16 0 0 0 1 0 0 0 1 0 0 0 1 p/stud.dat
1 16 0 17.2 0 10 0 0 0 -13.2 0 0 0 10 p/4-4cyli.dat
1 16 0 26 0 0 0 -10 0 -8.8 0 10 0 0 p/3-16cyli.dat
1 16 0 26 0 0 0 10 0 -8.8 0 -10 0 0 p/3-16cyli.dat
1 16 0 26 0 0 0 10 0 -8.8 0 10 0 0 p/3-16cyli.dat
1 16 0 26 0 0 0 -10 0 -8.8 0 -10 0 0 p/3-16cyli.dat
1 16 0 17.2 0 1 0 0 0 -13.2 0 0 0 1 p/axlehole.dat
1 16 0 17.2 0 1 0 0 0 1 0 0 0 1 p/axlehol3.dat
1 16 0 4 0 1 0 0 0 1 0 0 0 1 p/axlehol2.dat
0 BFC INVERTNEXT
1 16 0 26 0 0 0 -6 0 -8.8 0 6 0 0 p/3-16cyli.dat
0 BFC INVERTNEXT
1 16 0 26 0 0 0 6 0 -8.8 0 -6 0 0 p/3-16cyli.dat
0 BFC INVERTNEXT
1 16 0 26 0 0 0 6 0 -8.8 0 6 0 0 p/3-16cyli.dat
0 BFC INVERTNEXT
1 16 0 26 0 0 0 -6 0 -8.8 0 -6 0 0 p/3-16cyli.dat
4 16 9.6685 26 1.67 9.239 26 3.827 9.239 17.2 3.827 9.6685 17.2 1.67
4 16 -9.239 17.2 3.827 -9.239 26 3.827 -9.6685 26 1.67 -9.6685 17.2 1.67
4 16 9.239 17.2 -3.827 9.239 26 -3.827 9.6685 26 -1.67 9.6685 17.2 -1.67
4 16 -9.6685 26 -1.67 -9.239 26 -3.827 -9.239 17.2 -3.827 -9.6685 17.2 -1.67
4 16 5.54328 17.2 2.2961 5.5434 26 2.2962 5.6685 26 1.67 5.6685 17.2 1.67
4 16 5.6685 26 -1.67 5.5434 26 -2.2962 5.543226 17.2 -2.296081 5.6685 17.2 -1.67
4 16 -5.6685 26 1.67 -5.5434 26 2.2962 -5.5434 17.2 2.2962 -5.6685 17.2 1.67
4 16 -5.5434 17.2 -2.2962 -5.5434 26 -2.2962 -5.6685 26 -1.67 -5.6685 17.2 -1.67
1 16 7.6685 21.6 1.67 0 0 2 4.4 0 0 0 1 0 p/rect.dat
1 16 7.6685 21.6 -1.67 -2 0 0 0 0 -4.4 0 -1 0 p/rect.dat
1 16 -7.6685 21.6 1.67 0 0 -2 -4.4 0 0 0 1 0 p/rect.dat
1 16 -7.6685 21.6 -1.67 0 0 2 -4.4 0 0 0 -1 0 p/rect.dat
4 16 5.6685 17.2 1.67 9.6685 17.2 1.67 10 17.2 0 6 17.2 0
4 16 6 17.2 0 10 17.2 0 9.6685 17.2 -1.67 5.6685 17.2 -1.67
4 16 -10 17.2 0 -9.6685 17.2 1.67 -5.6685 17.2 1.67 -6 17.2 0
4 16 -10 17.2 0 -6 17.2 0 -5.6685 17.2 -1.67 -9.6685 17.2 -1.67
4 16 5.6685 26 1.67 5.5434 26 2.2962 9.239 26 3.827 9.6685 26 1.67
4 16 -9.6685 26 1.67 -9.239 26 3.827 -5.5434 26 2.2962 -5.6685 26 1.67
4 16 -9.6685 26 -1.67 -5.6685 26 -1.67 -5.5434 26 -2.2962 -9.239 26 -3.827
4 16 9.6685 26 -1.67 9.239 26 -3.827 5.5434 26 -2.2962 5.6685 26 -1.67
3 16 9.239 26 3.827 5.5434 26 2.2962 5.5434 26 6
3 16 9.239 26 3.827 5.5434 26 6 0 26 10
3 16 0 26 10 5.5434 26 6 0 26 6
3 16 0 26 10 0 26 6 -5.5434 26 6
3 16 0 26 10 -5.5434 26 6 -9.239 26 3.827
3 16 -9.239 26 3.827 -5.5434 26 6 -5.5434 26 2.2962
3 16 -9.239 26 -3.827 -5.5434 26 -2.2962 -5.5434 26 -6
3 16 -9.239 26 -3.827 -5.5434 26 -6 0 26 -10
3 16 0 26 -10 -5.5434 26 -6 0 26 -6
3 16 0 26 -10 0 26 -6 5.5434 26 -6
3 16 0 26 -10 5.5434 26 -6 9.239 26 -3.827
3 16 9.239 26 -3.827 5.5434 26 -6 5.5434 26 -2.2962
1 16 0 0 0 1 0 0 0 1 0 0 0 1 parts/s/958s03.dat
1 16 0 0 0 .707 0 -.707 0 1 0 .707 0 .707 parts/s/958s03.dat
1 16 0 0 0 0 0 -1 0 1 0 1 0 0 parts/s/958s03.dat
1 16 0 0 0 -.707 0 -.707 0 1 0 .707 0 -.707 parts/s/958s03.dat
1 16 0 0 0 -1 0 0 0 1 0 0 0 -1 parts/s/958s03.dat
1 16 0 0 0 -.707 0 .707 0 1 0 -.707 0 -.707 parts/s/958s03.dat
1 16 0 0 0 0 0 1 0 1 0 -1 0 0 parts/s/958s03.dat
1 16 0 0 0 .707 0 .707 0 1 0 -.707 0 .707 parts/s/958s03.dat
