0 BFC CERTIFY CCW
1 16 0 0 0 1 0 0 0 1 0 0 0 1 parts/s/62691s01.dat
1 16 0 0 0 1 0 0 0 -1 0 0 0 1 parts/s/62691s01.dat
1 16 0 0 0 1 0 0 0 0.70711 0.70711 0 -0.70711 0.70711 p/knob1.dat
1 16 -6.25 0 -20 1 0 0 0 0 -1 0 1.1125 0 p/stud2a.dat
1 16 -6.25 0 -20 6 0 0 0 0 -6 0 1 0 p/4-4edge.dat
0 BFC INVERTNEXT
1 16 -6.25 0 -20 4 0 0 0 0 -4 0 8 0 p/4-4cyli.dat
1 16 -6.25 0 -12 4 0 0 0 0 -4 0 1 0 p/4-4edge.dat
1 16 -6.25 0 -12 4 0 0 0 0 -4 0 1 0 p/4-4disc.dat
4 16 0 4.991 -4.583 0 -4.991 -4.583 0 -5.277 -6.222 0 5.277 -6.222
3 16 0 4.991 -4.583 0 0 -3 0 -4.991 -4.583
3 16 0 -1.939 -20 -0.25 0 -20 0 1.939 -20
4 16 0 5.277 -6.222 0 -5.277 -6.222 0 -5.857 -7.509 0 5.857 -7.509
4 16 0 1.939 -20 0 5.857 -7.509 0 -5.857 -7.509 0 -1.939 -20
