0 BFC CERTIFY CCW
1 16 0 4 0 -1 0 0 0 -1 0 0 0 -1 p/stud3.dat
0 BFC INVERTNEXT
1 16 0 8 0 -16 0 0 0 -4 0 0 0 -6 p/box5.dat
4 16 -20 8 -10 -16 8 -6 16 8 -6 20 8 -10
3 16 16 8 -6 20 8 -4 20 8 -10
4 16 20 8 -4 16 8 -6 16 8 6 20 8 4
3 16 20 8 10 20 8 4 16 8 6
4 16 20 8 10 16 8 6 -16 8 6 -20 8 10
4 16 -20 8 10 -16 8 6 -16 8 -6 -20 8 -10
1 16 30 0 0 0 0 -1 0 1 0 1 0 0 p/clip6.dat
1 16 20 4 0 0 -40 0 4 0 0 0 0 10 p/box3u2p.dat
1 16 20 4 -7 0 -1 0 -4 0 0 0 0 3 p/rect3.dat
1 16 20 4 7 0 -1 0 -4 0 0 0 0 -3 p/rect3.dat
3 16 20 0 -10 20 0 -4 -20 0 -10
4 16 20 0 4 -20 0 10 -20 0 -10 20 0 -4
3 16 -20 0 10 20 0 4 20 0 10
1 16 0 0 0 -1 0 0 0 1 0 0 0 -1 p/stug-1x2.dat
