0 BFC CERTIFY CCW
1 16 0 0 0 1 0 0 0 1 0 0 0 1 parts/s/6475s01.dat
4 16 -480 0 -248 480 0 -248 480 0 248 -480 0 248
4 16 -408 0 -320 408 0 -320 480 0 -248 -480 0 -248
4 16 -480 0 248 480 0 248 408 0 320 -408 0 320
1 16 408 0 248 72 0 0 0 1 0 0 0 72 p/48/1-4chrd.dat
1 16 -408 0 248 -72 0 0 0 1 0 0 0 72 p/48/1-4chrd.dat
1 16 -408 0 -248 -72 0 0 0 1 0 0 0 -72 p/48/1-4chrd.dat
1 16 408 0 -248 72 0 0 0 1 0 0 0 -72 p/48/1-4chrd.dat
1 16 300 0 140 1 0 0 0 1 0 0 0 1 p/stug20-7x7.dat
1 16 -300 0 140 1 0 0 0 1 0 0 0 1 p/stug20-7x7.dat
1 16 300 0 -140 1 0 0 0 1 0 0 0 1 p/stug20-7x7.dat
1 16 -300 0 -140 1 0 0 0 1 0 0 0 1 p/stug20-7x7.dat
1 16 0 0 160 1 0 0 0 1 0 0 0 1 p/stug20-8x8.dat
1 16 0 0 -160 1 0 0 0 1 0 0 0 1 p/stug20-8x8.dat
1 16 460 0 140 1 0 0 0 1 0 0 0 1 p/stug20-7x1.dat
1 16 -460 0 140 1 0 0 0 1 0 0 0 1 p/stug20-7x1.dat
1 16 460 0 -140 1 0 0 0 1 0 0 0 1 p/stug20-7x1.dat
1 16 -460 0 -140 1 0 0 0 1 0 0 0 1 p/stug20-7x1.dat
1 16 300 0 300 1 0 0 0 1 0 0 0 1 p/stug20-1x7.dat
1 16 -300 0 300 1 0 0 0 1 0 0 0 1 p/stug20-1x7.dat
1 16 300 0 -300 1 0 0 0 1 0 0 0 1 p/stug20-1x7.dat
1 16 -300 0 -300 1 0 0 0 1 0 0 0 1 p/stug20-1x7.dat
