0 BFC CERTIFY CCW
1 16 0 0 0 1 0 0 0 1 0 0 0 1 parts/57515.dat
4 16 19.8 -2 -50 19.8 -2 -48.6023 14 -2 -48.6023 14 -2 -54
4 16 19.8 -2 -50 14 -2 -54 8 -2 -64 9.8 -2 -64
1 16 8.9 -2 -67.69885 -0.9 0 0 0 1 0 0 0 -3.69885 p/rect3.dat
4 16 14 2 -48.6023 19.8 2 -48.6023 19.8 2 -50 14 2 -54
4 16 8 2 -64 14 2 -54 19.8 2 -50 9.8 2 -64
1 16 8.9 2 -67.69885 0.9 0 0 0 -1 0 0 0 -3.69885 p/rect3.dat
1 16 9.8 0 -67.69885 0 -1 0 0 0 -2 3.69885 0 0 p/rect1.dat
1 16 14.8 0 -57 0 -1 5 2 0 0 0 0 7 p/rect3.dat
1 16 19.8 0 -49.30115 0 -1 0 0 0 2 -0.69885 0 0 p/rect2p.dat
4 16 -14 -2 -48.6023 -19.8 -2 -48.6023 -19.8 -2 -50 -14 -2 -54
4 16 -8 -2 -64 -14 -2 -54 -19.8 -2 -50 -9.8 -2 -64
1 16 -8.9 -2 -67.69885 -0.9 0 0 0 1 0 0 0 -3.69885 p/rect3.dat
4 16 -19.8 2 -50 -19.8 2 -48.6023 -14 2 -48.6023 -14 2 -54
4 16 -19.8 2 -50 -14 2 -54 -8 2 -64 -9.8 2 -64
1 16 -8.9 2 -67.69885 0.9 0 0 0 -1 0 0 0 -3.69885 p/rect3.dat
1 16 -9.8 0 -67.69885 0 1 0 0 0 2 3.69885 0 0 p/rect1.dat
1 16 -14.8 0 -57 0 1 -5 -2 0 0 0 0 7 p/rect3.dat
1 16 -19.8 0 -49.30115 0 1 0 0 0 2 0.69885 0 0 p/rect2p.dat
