0 BFC CERTIFY CCW
1 16 0 0 0 1 0 0 0 2.75 0 0 0 1 p/stud7.dat
1 16 0 0 0 9 0 0 0 1 0 0 0 9 p/4-4disc.dat
1 16 0 4 0 1 0 0 0 -11 0 0 0 1 p/stud8.dat
1 16 0 4 0 14 0 0 0 -1 0 0 0 14 p/4-4disc.dat
1 16 0 0 0 0 0 -1 0 1 0 1 0 0 parts/s/6510s01.dat
1 16 0 0 0 0 0 -1 0 1 0 -1 0 0 parts/s/6510s01.dat
1 16 0 0 0 0.95106 0 -0.30902 0 1 0 0.30902 0 0.95106 parts/s/6510s01.dat
1 16 0 0 0 -0.95106 0 -0.30902 0 1 0 -0.30902 0 0.95106 parts/s/6510s01.dat
1 16 0 0 0 -0.95106 0 -0.30902 0 1 0 0.30902 0 -0.95106 parts/s/6510s01.dat
1 16 0 0 0 0.95106 0 -0.30902 0 1 0 -0.30902 0 -0.95106 parts/s/6510s01.dat
1 16 0 0 0 -0.58779 0 0.80902 0 1 0 -0.80902 0 -0.58779 parts/s/6510s01.dat
1 16 0 0 0 0.58779 0 0.80902 0 1 0 0.80902 0 -0.58779 parts/s/6510s01.dat
1 16 0 0 0 0.58779 0 0.80902 0 1 0 -0.80902 0 0.58779 parts/s/6510s01.dat
1 16 0 0 0 -0.58779 0 0.80902 0 1 0 0.80902 0 0.58779 parts/s/6510s01.dat
