0 BFC CERTIFY CCW
1 16 0 0 0 -1 0 0 0 1 0 0 0 1 parts/s/65200s01.dat
1 16 0 0 0 1 0 0 0 1 0 0 0 -1 parts/s/65200s01.dat
1 16 0 0 0 1 0 0 0 1 0 0 0 1 parts/s/65200s01.dat
1 16 0 0 0 -1 0 0 0 1 0 0 0 -1 parts/s/65200s01.dat
1 16 -50 -6 8.5 0 0 -9 9 0 0 0 -17 0 p/3-16cylo.dat
1 16 -45 3 0 5 0 0 0 -1 0 0 0 -8.5 p/rect2p.dat
1 16 50 -6 8.5 0 0 9 9 0 0 0 -17 0 p/3-16cylo.dat
1 16 45 3 0 -5 0 0 0 -1 0 0 0 -8.5 p/rect2p.dat
0 BFC INVERTNEXT
1 16 0 8 138.5 -37 0 0 0 -5 0 0 0 18.5 p/box5.dat
1 16 0 4 120 0 0 -40 4 0 0 0 40 0 p/box3u2p.dat
4 16 37 8 157 -37 8 157 -40 8 160 40 8 160
4 16 -40 8 160 -37 8 157 -37 8 120 -40 8 120
4 16 37 8 120 37 8 157 40 8 160 40 8 120
4 16 -40 8 117 -37 8 120 37 8 120 40 8 117
0 BFC INVERTNEXT
1 16 0 5.5 109.6 -40 0 0 0 -2.5 0 0 0 7.4 p/box2-11.dat
1 16 0 3 100.6 -40 0 0 0 5 0 0 0 1.6 p/box3u8p.dat
4 16 40 3 99 40 3 11.7 -40 3 11.7 -40 3 99
1 16 0 3 10.1 -40 0 0 0 5 0 0 0 1.6 p/box3u8p.dat
4 16 40 3 8.5 40 3 -8.5 -40 3 -8.5 -40 3 8.5
1 16 0 3 -10.1 -40 0 0 0 5 0 0 0 1.6 p/box3u8p.dat
4 16 40 3 -11.7 31 3 -24 -31 3 -24 -40 3 -11.7
4 16 -40 3 -11.7 -31 3 -24 -31 3 -86 -40 3 -99
1 16 0 3 -55 -2 0 0 0 -1 0 0 0 2 parts/s/12787s01.dat
4 16 -40 3 -99 -31 3 -86 31 3 -86 40 3 -99
4 16 31 3 -86 31 3 -24 40 3 -11.7 40 3 -99
1 16 0 3 -100.6 -40 0 0 0 5 0 0 0 1.6 p/box3u8p.dat
0 BFC INVERTNEXT
1 16 0 5.5 -109.6 -40 0 0 0 -2.5 0 0 0 -7.4 p/box2-11.dat
4 16 -37 8 -120 -40 8 -117 40 8 -117 37 8 -120
4 16 -40 8 -120 -37 8 -120 -37 8 -157 -40 8 -160
4 16 -37 8 -157 37 8 -157 40 8 -160 -40 8 -160
4 16 37 8 -157 37 8 -120 40 8 -120 40 8 -160
0 BFC INVERTNEXT
1 16 0 8 -138.5 -37 0 0 0 -5 0 0 0 18.5 p/box5.dat
1 16 0 4 -120 0 0 -40 4 0 0 0 -40 0 p/box3u2p.dat
4 16 40 0 120 40 0 160 -40 0 160 -40 0 120
4 16 40 0 120 -40 0 120 -40 0 102 40 0 102
4 16 40 0 -102 40 0 102 -40 0 102 -40 0 -102
4 16 40 0 -102 -40 0 -102 -40 0 -120 40 0 -120
4 16 40 0 -160 40 0 -120 -40 0 -120 -40 0 -160
1 16 0 0 150 0 0 1 0 1 0 -1 0 0 p/stug2-4x1.dat
1 16 -30 0 120 0 0 1 0 1 0 -1 0 0 p/stug2-1x2.dat
1 16 30 0 120 0 0 1 0 1 0 -1 0 0 p/stug2-1x2.dat
1 16 0 0 90 0 0 1 0 1 0 -1 0 0 p/stug2-4x1.dat
1 16 0 0 70 0 0 1 0 1 0 -1 0 0 p/stug2-4x1.dat
1 16 -30 0 40 0 0 1 0 1 0 -1 0 0 p/stug2-1x2.dat
1 16 30 0 40 0 0 1 0 1 0 -1 0 0 p/stug2-1x2.dat
1 16 0 0 10 0 0 1 0 1 0 -1 0 0 p/stug2-4x1.dat
1 16 0 0 -10 0 0 1 0 1 0 -1 0 0 p/stug2-4x1.dat
1 16 -30 0 -40 0 0 1 0 1 0 -1 0 0 p/stug2-1x2.dat
1 16 30 0 -40 0 0 1 0 1 0 -1 0 0 p/stug2-1x2.dat
1 16 0 0 -70 0 0 1 0 1 0 -1 0 0 p/stug2-4x1.dat
1 16 0 0 -90 0 0 1 0 1 0 -1 0 0 p/stug2-4x1.dat
1 16 -30 0 -120 0 0 1 0 1 0 -1 0 0 p/stug2-1x2.dat
1 16 30 0 -120 0 0 1 0 1 0 -1 0 0 p/stug2-1x2.dat
1 16 0 0 -150 0 0 1 0 1 0 -1 0 0 p/stug2-4x1.dat
4 16 -44.85673 0 99 -50 0 99 -50 0 -99 -44.85673 0 -99
4 16 -40 0 102 -44.85673 0 99 -44.85673 0 -99 -40 0 -102
0 BFC INVERTNEXT
1 16 -50 -6 99 0 0 -6 6 0 0 0 -198 0 p/1-4cyli.dat
4 16 -56 -6 99 -56 -12.6071 99 -56 -12.6071 -99 -56 -6 -99
1 16 -50 -6 -99 -9 0 0 0 0 -9 0 198 0 p/1-8cyli.dat
4 16 -59 -6 -99 -59 -6 99 -58.3151 -2.5557 99 -58.3151 -2.5557 -99
4 16 -56.3639 -12.3639 99 -56.3639 -12.3639 -99 -56 -12.6071 -99 -56 -12.6071 99
4 16 50 0 -99 50 0 99 44.85673 0 99 44.85673 0 -99
4 16 44.85673 0 -99 44.85673 0 99 40 0 102 40 0 -102
0 BFC INVERTNEXT
1 16 50 -6 99 0 0 6 6 0 0 0 -198 0 p/1-4cyli.dat
4 16 56 -12.6071 -99 56 -12.6071 99 56 -6 99 56 -6 -99
1 16 50 -6 99 9 0 0 0 0 -9 0 -198 0 p/1-8cyli.dat
4 16 59 -6 99 59 -6 -99 58.3151 -2.5557 -99 58.3151 -2.5557 99
4 16 56.3639 -12.3639 -99 56.3639 -12.3639 99 56 -12.6071 99 56 -12.6071 -99
