0 BFC CERTIFY CCW
1 16 0 0 0 0 0 -1 0 1 0 1 0 0 p/bush0.dat
1 16 -7 0 0 0 0.5 0 0 0 1 1 0 0 p/4-4con8.dat
1 16 -6.5 0 0 0 0.5 0 0 0 1 1 0 0 p/4-4con7.dat
1 16 7 0 0 0 -0.5 0 0 0 1 -1 0 0 p/4-4con8.dat
1 16 6.5 0 0 0 -0.5 0 0 0 1 -1 0 0 p/4-4con7.dat
1 16 7 0 0 0 -1 0 0 0 9 -9 0 0 p/4-4edge.dat
1 16 -7 0 0 0 -1 0 0 0 9 -9 0 0 p/4-4edge.dat
1 16 -10 0 0 0 -1 0 6.36396 0 -6.36396 6.36396 0 6.36396 p/3-4edge.dat
1 16 10 0 0 0 -1 0 6.36396 0 -6.36396 6.36396 0 6.36396 p/3-4edge.dat
1 16 -7 0 0 0 -3 0 0 0 9 -9 0 0 p/4-4cyli.dat
1 16 10 0 0 0 -3 0 0 0 9 -9 0 0 p/4-4cyli.dat
1 16 10 0 0 0 -1 0 0 0 3 -3 0 0 p/4-4ring2.dat
1 16 -10 0 0 0 1 0 0 0 3 -3 0 0 p/4-4ring2.dat
1 16 0 20 0 10 0 0 0 -1 0 0 0 6 p/rect.dat
1 16 4.25 17 4 2.75 0 0 0 1 0 0 0 2 p/rect.dat
1 16 -4.25 17 4 2.75 0 0 0 1 0 0 0 2 p/rect.dat
1 16 4.25 17 -4 2.75 0 0 0 1 0 0 0 2 p/rect.dat
1 16 -4.25 17 -4 2.75 0 0 0 1 0 0 0 2 p/rect.dat
1 16 0 20 0 1 0 0 0 30 0 0 0 1 p/axle.dat
1 16 0 12 6 2.12132 0 2.12132 -2.12132 0 2.12132 0 1 0 p/1-4edge.dat
1 16 0 12 6 -2.12132 0 -2.12132 2.12132 0 -2.12132 0 1 0 p/1-4edge.dat
1 16 0 12 -2 2.12132 0 2.12132 -2.12132 0 2.12132 0 1 0 p/1-4edge.dat
1 16 0 12 -2 -2.12132 0 -2.12132 2.12132 0 -2.12132 0 1 0 p/1-4edge.dat
1 16 0 12 2 2.12132 0 2.12132 -2.12132 0 2.12132 0 1 0 p/1-4edge.dat
1 16 0 12 2 -2.12132 0 -2.12132 2.12132 0 -2.12132 0 1 0 p/1-4edge.dat
1 16 0 12 -6 2.12132 0 2.12132 -2.12132 0 2.12132 0 1 0 p/1-4edge.dat
1 16 0 12 -6 -2.12132 0 -2.12132 2.12132 0 -2.12132 0 1 0 p/1-4edge.dat
1 16 0 12 6 3 0 0 0 0 3 0 -1 0 p/4-4disc.dat
1 16 0 12 6 3 0 0 0 0 3 0 -4 0 p/4-4cyli.dat
1 16 0 12 -6 3 0 0 0 0 3 0 4 0 p/4-4cyli.dat
1 16 0 12 -6 3 0 0 0 0 3 0 1 0 p/4-4disc.dat
4 16 10 20 6 10 6.6 6 10 6.6 -6 10 20 -6
4 16 7 17 -6 7 6.6 -6 7 6.6 6 7 17 6
4 16 1.5 3.38 6 1.5 6.58 2 1.5 9.463 2 1.5 9.463 6
4 16 1.5 14.537 6 1.5 14.537 2 1.5 17 2 1.5 17 6
4 16 1.5 6.58 -2 1.5 3.38 -6 1.5 9.463 -6 1.5 9.463 -2
4 16 1.5 14.537 -2 1.5 14.537 -6 1.5 17 -6 1.5 17 -2
4 16 -1.5 6.58 2 -1.5 3.38 6 -1.5 9.463 6 -1.5 9.463 2
4 16 -1.5 14.537 2 -1.5 14.537 6 -1.5 17 6 -1.5 17 2
4 16 -1.5 3.38 -6 -1.5 6.58 -2 -1.5 9.537 -2 -1.5 9.537 -6
4 16 -1.5 14.537 -6 -1.5 14.537 -2 -1.5 17 -2 -1.5 17 -6
4 16 -7 17 6 -7 6.6 6 -7 6.6 -6 -7 17 -6
4 16 -10 20 -6 -10 6.6 -6 -10 6.6 6 -10 20 6
4 16 -7 17 2 -7 6.58 2 7 6.58 2 7 17 2
4 16 7 17 -2 7 6.58 -2 -7 6.58 -2 -7 17 -2
4 16 -10 20 6 -7 17 6 7 17 6 10 20 6
4 16 10 20 -6 7 17 -6 -7 17 -6 -10 20 -6
4 16 10 20 6 7 17 6 7 6.6 6 10 6.6 6
4 16 -7 17 6 -10 20 6 -10 6.6 6 -7 6.6 6
4 16 7 17 -6 10 20 -6 10 6.6 -6 7 6.6 -6
4 16 -10 20 -6 -7 17 -6 -7 6.6 -6 -10 6.6 -6
4 16 -1.5 9.463 6 -1.5 3.38 6 1.5 3.38 6 1.5 9.463 6
4 16 -1.5 17 6 -1.5 14.537 6 1.5 14.537 6 1.5 17 6
4 16 1.5 9.463 -6 1.5 3.38 -6 -1.5 3.38 -6 -1.5 9.463 -6
4 16 1.5 17 -6 1.5 14.537 -6 -1.5 14.537 -6 -1.5 17 -6
