0 BFC CERTIFY CCW
1 16 0 68 0 1 0 0 0 -1 0 0 0 1 p/stug3-1x3.dat
1 16 0 36 0 40 0 0 0 36 0 0 0 10 p/box0.dat
1 16 34 72 6 -2 0 0 0 -1 0 0 0 2 p/2-4edge.dat
1 16 34 72 6 -2 0 0 0 -1 0 0 0 2 p/2-4ndis.dat
0 BFC INVERTNEXT
1 16 34 68 6 2 0 0 0 4 0 0 0 2 p/2-4cyli.dat
1 16 34 68 6 2 0 0 0 -1 0 0 0 -2 p/2-4edge.dat
1 16 34 68 6 2 0 0 0 -1 0 0 0 -2 p/2-4ndis.dat
0 BFC INVERTNEXT
1 16 34 64 6 2 0 0 0 4 0 0 0 2 p/4-4cyli.dat
1 16 34 64 6 2 0 0 0 1 0 0 0 2 p/4-4edge.dat
1 16 34 64 6 2 0 0 0 1 0 0 0 2 p/4-4ndis.dat
1 16 -34 72 6 -2 0 0 0 -1 0 0 0 2 p/2-4edge.dat
1 16 -34 72 6 -2 0 0 0 -1 0 0 0 2 p/2-4ndis.dat
0 BFC INVERTNEXT
1 16 -34 68 6 2 0 0 0 4 0 0 0 2 p/2-4cyli.dat
1 16 -34 68 6 2 0 0 0 -1 0 0 0 -2 p/2-4edge.dat
1 16 -34 68 6 2 0 0 0 -1 0 0 0 -2 p/2-4ndis.dat
0 BFC INVERTNEXT
1 16 -34 64 6 2 0 0 0 4 0 0 0 2 p/4-4cyli.dat
1 16 -34 64 6 2 0 0 0 1 0 0 0 2 p/4-4edge.dat
1 16 -34 64 6 2 0 0 0 1 0 0 0 2 p/4-4ndis.dat
4 16 32 72 6 -32 72 6 -32 72 8 32 72 8
4 16 40 72 10 32 72 8 -32 72 8 -40 72 10
3 16 36 72 8 32 72 8 40 72 10
3 16 -40 72 10 -32 72 8 -36 72 8
3 16 -40 72 10 -36 72 8 -36 72 6
4 16 -40 72 10 -36 72 6 -36 72 -6 -40 72 -10
4 16 -40 72 -10 -36 72 -6 36 72 -6 40 72 -10
3 16 36 72 6 36 72 8 40 72 10
4 16 40 72 -10 36 72 -6 36 72 6 40 72 10
1 16 0 70 6 -32 0 0 0 0 2 0 1 0 p/rect.dat
0 BFC INVERTNEXT
1 16 0 70 6 0 0 -36 -2 0 0 0 -12 0 p/box3u4a.dat
4 16 32 68 4 -32 68 4 -32 68 6 32 68 6
4 16 36 68 -6 -36 68 -6 -32 68 4 32 68 4
3 16 32 68 4 36 68 4 36 68 -6
3 16 -36 68 -6 -36 68 4 -32 68 4
0 BFC INVERTNEXT
1 16 26 12 -10 4 0 0 0 0 -4 0 4 0 p/1-4cylo.dat
1 16 30 36 -8 0 1 0 24 0 0 0 0 -2 p/rect2p.dat
0 BFC INVERTNEXT
1 16 26 60 -10 4 0 0 0 0 4 0 4 0 p/1-4cylo.dat
1 16 0 64 -8 0 0 26 0 1 0 -2 0 0 p/rect1.dat
0 BFC INVERTNEXT
1 16 -26 60 -10 -4 0 0 0 0 4 0 4 0 p/1-4cylo.dat
1 16 -30 36 -8 0 -1 0 -24 0 0 0 0 -2 p/rect2p.dat
0 BFC INVERTNEXT
1 16 -26 12 -10 -4 0 0 0 0 -4 0 4 0 p/1-4cylo.dat
1 16 0 8 -8 26 0 0 0 -1 0 0 0 -2 p/rect2p.dat
1 16 0 64 2 36 0 0 0 1 0 0 0 8 p/recte3.dat
1 16 0 34 10 36 0 0 0 0 -30 0 1 0 p/recte3.dat
1 16 0 34 -6 36 0 0 0 0 -30 0 1 0 p/recte3.dat
4 16 -26 64 -6 -32 64 4 -36 64 4 -36 64 -6
4 16 36 64 -6 36 64 4 32 64 4 26 64 -6
4 16 26 64 -6 32 64 4 -32 64 4 -26 64 -6
4 16 32 64 4 32 64 8 -32 64 8 -32 64 4
4 16 32 64 8 36 64 10 -36 64 10 -32 64 8
3 16 36 64 10 32 64 8 36 64 8
3 16 -36 64 8 -32 64 8 -36 64 10
1 16 26 12 -6 4 0 0 0 0 -4 0 -1 0 p/1-4ndis.dat
1 16 26 60 -6 4 0 0 0 0 4 0 -1 0 p/1-4ndis.dat
1 16 -26 60 -6 -4 0 0 0 0 4 0 -1 0 p/1-4ndis.dat
1 16 -26 12 -6 -4 0 0 0 0 -4 0 -1 0 p/1-4ndis.dat
4 16 36 4 -6 30 8 -6 -30 8 -6 -36 4 -6
4 16 30 8 -6 36 4 -6 36 64 -6 30 64 -6
4 16 -30 64 -6 -36 64 -6 -36 4 -6 -30 8 -6
0 BFC INVERTNEXT
1 16 -36 34 -4 0 2 0 -2 0 0 0 0 2 p/bump5000.dat
1 16 -36 34 -4 0 -1 0 -2 0 0 0 0 -2 p/4-4ndis.dat
4 16 -36 32 -6 -36 32 -2 -36 4 10 -36 4 -6
4 16 -36 64 -6 -36 64 10 -36 36 -2 -36 36 -6
4 16 -36 36 -2 -36 64 10 -36 4 10 -36 32 -2
0 BFC INVERTNEXT
1 16 36 34 -4 0 -2 0 2 0 0 0 0 2 p/bump5000.dat
1 16 36 34 -4 0 1 0 2 0 0 0 0 -2 p/4-4ndis.dat
4 16 36 36 -6 36 36 -2 36 64 10 36 64 -6
4 16 36 4 -6 36 4 10 36 32 -2 36 32 -6
4 16 36 32 -2 36 4 10 36 64 10 36 36 -2
4 16 40 0 10 36 4 10 -36 4 10 -40 0 10
4 16 36 64 10 40 72 10 -40 72 10 -36 64 10
4 16 36 4 10 40 0 10 40 72 10 36 64 10
4 16 -36 64 10 -40 72 10 -40 0 10 -36 4 10
1 16 34 4 6 2 0 0 0 1 0 0 0 2 p/4-4edge.dat
1 16 34 4 6 -2 0 0 0 -1 0 0 0 2 p/4-4ndis.dat
0 BFC INVERTNEXT
1 16 34 0 6 2 0 0 0 4 0 0 0 2 p/2-4cyli.dat
0 BFC INVERTNEXT
1 16 34 0 6 2 0 0 0 4 0 0 0 -2 p/3-16cyli.dat
1 16 34 0 6 2 0 0 0 1 0 0 0 2 p/2-4edge.dat
1 16 34 0 6 2 0 0 0 1 0 0 0 -2 p/3-16edge.dat
1 16 34 0 6 2 0 0 0 1 0 0 0 2 p/2-4ndis.dat
1 16 34 0 6 2 0 0 0 1 0 0 0 -2 p/3-16ndis.dat
0 BFC INVERTNEXT
1 16 34 -4 6 0 0 -2 0 8 0 -2 0 0 p/3-16cyli.dat
1 16 34 -4 6 0 0 -2 0 1 0 -2 0 0 p/3-16edge.dat
1 16 30 0 0 0 0 -6 0 1 0 6 0 0 p/3-4edge.dat
1 16 30 0 0 6 0 0 0 1 0 0 0 6 p/1-16edge.dat
1 16 30 -4 0 0 0 -6 0 1 0 6 0 0 p/3-4edge.dat
1 16 30 -4 0 6 0 0 0 1 0 0 0 6 p/1-16edge.dat
1 16 30 -4 0 0 0 -6 0 4 0 6 0 0 p/3-4cyli.dat
1 16 30 -4 0 6 0 0 0 4 0 0 0 6 p/1-16cyli.dat
1 16 30 -4 0 0 0 -6 0 1 0 6 0 0 p/13-16chrd.dat
1 16 34.9503 -2 3.1836 0 -1 -0.59307 2 0 0 0 0 0.88742 p/rect3.dat
1 16 31.0412 -2 5.793 0 0 1.04117 -2 0 0 0 -1 -0.20704 p/rect3.dat
4 16 32.0823 0 5.5859 32.0823 -4 5.5859 32.1522 -4 5.2346 32.1522 4 5.2346
4 16 32.1522 4 5.2346 32 4 6 32 0 6 32.0823 0 5.5859
4 16 34 -4 4 34.3573 -4 4.071 34.3573 0 4.071 34 4 4
4 16 34.3573 0 4.071 34.7654 0 4.1522 34.7654 4 4.1522 34 4 4
3 16 35.5434 -4 2.2962 34.3573 -4 4.071 34 -4 4
3 16 35.5434 -4 2.2962 34 -4 4 33.2346 -4 4.1522
4 16 30 -4 6 35.5434 -4 2.2962 33.2346 -4 4.1522 32.5857 -4 4.5857
3 16 32.1522 -4 5.2346 32.0823 -4 5.5859 30 -4 6
3 16 32.5857 -4 4.5857 32.1522 -4 5.2346 30 -4 6
1 16 -34 4 6 2 0 0 0 1 0 0 0 2 p/4-4edge.dat
1 16 -34 4 6 -2 0 0 0 -1 0 0 0 2 p/4-4ndis.dat
0 BFC INVERTNEXT
1 16 -34 0 6 2 0 0 0 4 0 0 0 2 p/2-4cyli.dat
0 BFC INVERTNEXT
1 16 -34 0 6 -2 0 0 0 4 0 0 0 -2 p/3-16cyli.dat
1 16 -34 0 6 2 0 0 0 1 0 0 0 2 p/2-4edge.dat
1 16 -34 0 6 -2 0 0 0 1 0 0 0 -2 p/3-16edge.dat
1 16 -34 0 6 2 0 0 0 1 0 0 0 2 p/2-4ndis.dat
1 16 -34 0 6 -2 0 0 0 1 0 0 0 -2 p/3-16ndis.dat
0 BFC INVERTNEXT
1 16 -34 -4 6 0 0 2 0 8 0 -2 0 0 p/3-16cyli.dat
1 16 -34 -4 6 0 0 2 0 1 0 -2 0 0 p/3-16edge.dat
1 16 -30 0 0 -6 0 0 0 1 0 0 0 -6 p/3-4edge.dat
1 16 -30 0 0 -6 0 0 0 1 0 0 0 6 p/1-16edge.dat
1 16 -30 -4 0 -6 0 0 0 1 0 0 0 -6 p/3-4edge.dat
1 16 -30 -4 0 -6 0 0 0 1 0 0 0 6 p/1-16edge.dat
1 16 -30 -4 0 -6 0 0 0 4 0 0 0 -6 p/3-4cyli.dat
1 16 -30 -4 0 -6 0 0 0 4 0 0 0 6 p/1-16cyli.dat
1 16 -30 -4 0 0 0 6 0 1 0 6 0 0 p/13-16chrd.dat
1 16 -34.9503 -2 3.1836 0 1 0.59307 -2 0 0 0 0 0.88742 p/rect3.dat
1 16 -31.0412 -2 5.793 0 0 -1.04117 2 0 0 0 -1 -0.20704 p/rect3.dat
4 16 -32.1522 4 5.2346 -32.1522 -4 5.2346 -32.0823 -4 5.5859 -32.0823 0 5.5859
4 16 -32.0823 0 5.5859 -32 0 6 -32 4 6 -32.1522 4 5.2346
4 16 -34 4 4 -34.3573 0 4.071 -34.3573 -4 4.071 -34 -4 4
4 16 -34 4 4 -34.7654 4 4.1522 -34.7654 0 4.1522 -34.3573 0 4.071
3 16 -34 -4 4 -34.3573 -4 4.071 -35.5434 -4 2.2962
3 16 -33.2346 -4 4.1522 -34 -4 4 -35.5434 -4 2.2962
4 16 -32.5857 -4 4.5857 -33.2346 -4 4.1522 -35.5434 -4 2.2962 -30 -4 6
3 16 -30 -4 6 -32.0823 -4 5.5859 -32.1522 -4 5.2346
3 16 -30 -4 6 -32.1522 -4 5.2346 -32.5857 -4 4.5857
4 16 -36 4 -6 -32 4 4 32 4 4 36 4 -6
3 16 -36 4 4 -32 4 4 -36 4 -6
3 16 36 4 -6 32 4 4 36 4 4
4 16 32 4 8 32 4 4 -32 4 4 -32 4 8
4 16 36 4 10 32 4 8 -32 4 8 -36 4 10
3 16 -36 4 10 -32 4 8 -36 4 8
3 16 36 4 8 32 4 8 36 4 10
1 16 26 12 -10 4 0 0 0 0 -4 0 1 0 p/1-4ndis.dat
1 16 26 60 -10 4 0 0 0 0 4 0 1 0 p/1-4ndis.dat
1 16 -26 60 -10 -4 0 0 0 0 4 0 1 0 p/1-4ndis.dat
1 16 -26 12 -10 -4 0 0 0 0 -4 0 1 0 p/1-4ndis.dat
4 16 -40 0 -10 -30 8 -10 30 8 -10 40 0 -10
4 16 -30 64 -10 -40 72 -10 40 72 -10 30 64 -10
4 16 30 64 -10 40 72 -10 40 0 -10 30 8 -10
4 16 -30 8 -10 -40 0 -10 -40 72 -10 -30 64 -10
4 16 -40 0 -10 -40 0 10 -40 72 10 -40 72 -10
4 16 40 72 -10 40 72 10 40 0 10 40 0 -10
4 16 36 0 0 36 0 4 34.7654 0 4.1522 34.3573 0 4.071
3 16 30 0 6 32 0 6 32 0 8
3 16 30 0 6 32.0823 0 5.5859 32 0 6
4 16 -34.3573 0 4.071 -34.7654 0 4.1522 -36 0 4 -36 0 0
3 16 -32 0 8 -32 0 6 -30 0 6
3 16 -32 0 6 -32.0823 0 5.5859 -30 0 6
4 16 -36 0 0 -40 0 -10 40 0 -10 36 0 0
4 16 36 0 0 30 0 6 -30 0 6 -36 0 0
4 16 30 0 6 32 0 8 -32 0 8 -30 0 6
4 16 -40 0 10 -32 0 8 32 0 8 40 0 10
3 16 40 0 10 32 0 8 36 0 8
3 16 40 0 10 36 0 8 36 0 4
4 16 40 0 10 36 0 4 36 0 0 40 0 -10
3 16 -36 0 8 -32 0 8 -40 0 10
3 16 -36 0 4 -36 0 8 -40 0 10
4 16 -40 0 -10 -36 0 0 -36 0 4 -40 0 10
1 16 0 0 0 1 0 0 0 1 0 0 0 1 p/stug2-1x2.dat
