0 BFC CERTIFY CCW
4 16 90 92 -6 -90 92 -6 -96 92 0 96 92 0
1 16 -90 92 0 0 0 -6 0 -1 0 -6 0 0 p/1-4chrd.dat
1 16 90 92 0 6 0 0 0 -1 0 0 0 -6 p/1-4chrd.dat
1 16 0 94 -6 90 0 0 0 0 2 0 -1 0 p/rect2p.dat
0 BFC INVERTNEXT
1 16 -90 92 0 0 0 -6 0 4 0 -6 0 0 p/1-4cylo.dat
0 BFC INVERTNEXT
1 16 90 92 0 6 0 0 0 4 0 0 0 -6 p/1-4cylo.dat
0 BFC INVERTNEXT
1 16 0 96 3 96 0 0 0 -4 0 0 0 3 p/box4-4a.dat
4 16 -90 96 -6 90 96 -6 90 96 -8 -90 96 -8
4 16 -90 96 -8 90 96 -8 90 96 -10 -90 96 -10
1 16 90 96 0 0 0 2 0 -1 0 -2 0 0 p/1-4ring3.dat
1 16 90 96 0 0 0 2 0 -1 0 -2 0 0 p/1-4ring4.dat
1 16 -90 96 0 -2 0 0 0 -1 0 0 0 -2 p/1-4ring3.dat
1 16 -90 96 0 -2 0 0 0 -1 0 0 0 -2 p/1-4ring4.dat
3 16 96 96 0 96 96 6 98 96 0
4 16 96 96 6 100 96 10 100 96 0 98 96 0
3 16 -96 96 6 -96 96 0 -98 96 0
4 16 -100 96 0 -100 96 10 -96 96 6 -98 96 0
4 16 96 96 6 -96 96 6 -100 96 10 100 96 10
1 16 -40 92 0 -1 0 0 0 -1 0 0 0 1 p/stug3-1x5.dat
1 16 50 92 0 -1 0 0 0 -1 0 0 0 1 p/stug3-1x4.dat
4 16 -90 4 -6 -96 4 0 96 4 0 90 4 -6
1 16 90 4 0 0 0 6 0 -1 0 -6 0 0 p/1-4chrd.dat
1 16 -90 4 0 -6 0 0 0 -1 0 0 0 -6 p/1-4chrd.dat
1 16 0 46 -6 90 0 0 0 0 42 0 -1 0 p/rect2p.dat
0 BFC INVERTNEXT
1 16 -90 4 0 0 0 -6 0 84 0 -6 0 0 p/1-4cylo.dat
0 BFC INVERTNEXT
1 16 90 4 0 6 0 0 0 84 0 0 0 -6 p/1-4cylo.dat
4 16 -96 88 0 -90 88 -6 90 88 -6 96 88 0
1 16 -90 88 0 0 0 -6 0 4 0 -6 0 0 p/1-4chrd.dat
1 16 90 88 0 6 0 0 0 4 0 0 0 -6 p/1-4chrd.dat
0 BFC INVERTNEXT
1 16 0 46 10 96 0 0 0 0 42 0 -10 0 p/box4o4a.dat
4 16 100 0 0 -100 0 0 -90 0 -10 90 0 -10
1 16 90 0 0 0 0 10 0 1 0 -10 0 0 p/1-4chrd.dat
1 16 -90 0 0 -10 0 0 0 1 0 0 0 -10 p/1-4chrd.dat
1 16 -0 48 -10 90 0 0 0 0 -48 0 1 0 p/rect2p.dat
1 16 90 0 0 10 0 0 0 96 0 0 0 -10 p/1-4cylo.dat
1 16 -90 0 0 0 0 -10 0 96 0 -10 0 0 p/1-4cylo.dat
1 16 0 96 5 0 0 -100 0 -96 0 -5 0 0 p/box3u5p.dat
4 16 96 4 10 -96 4 10 -100 0 10 100 0 10
4 16 -96 88 10 96 88 10 100 96 10 -100 96 10
4 16 -100 0 10 -96 4 10 -96 88 10 -100 96 10
4 16 100 96 10 96 88 10 96 4 10 100 0 10
1 16 0 0 0 0 0 1 0 1 0 -1 0 0 p/stug2-10x1.dat
