0 BFC CERTIFY CCW
1 16 0 0 0 1 0 0 0 1 0 0 0 1 s\24779s03.dat
1 16 0 0 0 -1 0 0 0 1 0 0 0 -1 s\24779s03.dat
1 16 18.75 8 9.5 1 0 0 0 -1 0 0 0 1 1-4ndis.dat
1 16 19.75 8 10.5 3 0 0 0 -1 0 0 0 3 1-4chrd.dat
1 16 18.75 8 -9.5 1 0 0 0 -1 0 0 0 -1 1-4ndis.dat
1 16 19.75 8 -10.5 3 0 0 0 -1 0 0 0 -3 1-4chrd.dat
3 16 18.75 8 10.5 19.75 8 13.5 19.75 8 10.5
3 16 19.75 8 10.5 19.75 8 13.5 22.75 8 10.5
3 16 19.75 8 10.5 22.75 8 10.5 19.75 8 9.5
3 16 19.75 8 -9.5 22.75 8 -10.5 19.75 8 -10.5
3 16 19.75 8 -10.5 22.75 8 -10.5 19.75 8 -13.5
3 16 19.75 8 -10.5 19.75 8 -13.5 18.75 8 -10.5
4 16 22.75 8 -10.5 19.75 8 -9.5 19.75 8 9.5 22.75 8 10.5
1 16 19.75 8 10.5 3 0 0 0 -1 0 0 0 3 1-4edge.dat
1 16 19.75 8 -10.5 3 0 0 0 -1 0 0 0 -3 1-4edge.dat
1 16 -18.75 8 9.5 -1 0 0 0 -1 0 0 0 1 1-4ndis.dat
1 16 -19.75 8 10.5 -3 0 0 0 -1 0 0 0 3 1-4chrd.dat
1 16 -18.75 8 -9.5 -1 0 0 0 -1 0 0 0 -1 1-4ndis.dat
1 16 -19.75 8 -10.5 -3 0 0 0 -1 0 0 0 -3 1-4chrd.dat
3 16 -19.75 8 13.5 -18.75 8 10.5 -19.75 8 10.5
3 16 -19.75 8 13.5 -19.75 8 10.5 -22.75 8 10.5
3 16 -22.75 8 10.5 -19.75 8 10.5 -19.75 8 9.5
3 16 -22.75 8 -10.5 -19.75 8 -9.5 -19.75 8 -10.5
3 16 -22.75 8 -10.5 -19.75 8 -10.5 -19.75 8 -13.5
3 16 -19.75 8 -13.5 -19.75 8 -10.5 -18.75 8 -10.5
4 16 -19.75 8 9.5 -19.75 8 -9.5 -22.75 8 -10.5 -22.75 8 10.5
1 16 -19.75 8 10.5 -3 0 0 0 -1 0 0 0 3 1-4edge.dat
1 16 -19.75 8 -10.5 -3 0 0 0 -1 0 0 0 -3 1-4edge.dat
4 16 19.75 8 13.5 18.75 8 10.5 -18.75 8 10.5 -19.75 8 13.5
4 16 -18.75 8 -10.5 18.75 8 -10.5 19.75 8 -13.5 -19.75 8 -13.5
0 BFC INVERTNEXT
1 16 17.5 0 9.25 1 1.25 0 0 8 0 0 .25 1 1-4cylo.dat
0 BFC INVERTNEXT
1 16 17.5 0 -9.25 1 1.25 0 0 8 0 0 -.25 -1 1-4cylo.dat
4 16 19.75 8 9.5 19.75 8 -9.5 18.5 0 -9.25 18.5 0 9.25
0 BFC INVERTNEXT
1 16 -17.5 0 9.25 -1 -1.25 0 0 8 0 0 .25 1 1-4cylo.dat
0 BFC INVERTNEXT
1 16 -17.5 0 -9.25 -1 -1.25 0 0 8 0 0 -.25 -1 1-4cylo.dat
4 16 -18.5 0 -9.25 -19.75 8 -9.5 -19.75 8 9.5 -18.5 0 9.25
4 16 -18.75 8 10.5 18.75 8 10.5 17.5 0 10.25 -17.5 0 10.25
4 16 18.75 8 -10.5 -18.75 8 -10.5 -17.5 0 -10.25 17.5 0 -10.25
1 16 17.5 0 9.25 1 0 0 0 -1 0 0 0 1 1-4chrd.dat
1 16 17.5 0 -9.25 1 0 0 0 -1 0 0 0 -1 1-4chrd.dat
4 16 16 0 6.6 17.5 0 10.25 18.5 0 9.25 16 0 3.6
4 16 18.5 0 -9.25 17.5 0 -10.25 16 0 -6.6 16 0 -3.6
4 16 18.5 0 -9.25 16 0 -3.6 16 0 3.6 18.5 0 9.25
3 16 17.5 0 10.25 16 0 6.6 13 0 6.6
3 16 16 0 -6.6 17.5 0 -10.25 13 0 -6.6
3 16 4 0 -6.6 7 0 -6.6 17.5 0 -10.25
3 16 13 0 6.6 7 0 6.6 17.5 0 10.25
3 16 17.5 0 10.25 7 0 6.6 4 0 6.6
3 16 7 0 -6.6 13 0 -6.6 17.5 0 -10.25
1 16 -17.5 0 9.25 -1 0 0 0 -1 0 0 0 1 1-4chrd.dat
1 16 -17.5 0 -9.25 -1 0 0 0 -1 0 0 0 -1 1-4chrd.dat
4 16 -18.5 0 9.25 -17.5 0 10.25 -16 0 6.6 -16 0 3.6
4 16 -16 0 -6.6 -17.5 0 -10.25 -18.5 0 -9.25 -16 0 -3.6
4 16 -16 0 3.6 -16 0 -3.6 -18.5 0 -9.25 -18.5 0 9.25
3 16 -16 0 6.6 -17.5 0 10.25 -13 0 6.6
3 16 -17.5 0 -10.25 -16 0 -6.6 -13 0 -6.6
3 16 -7 0 -6.6 -4 0 -6.6 -17.5 0 -10.25
3 16 -7 0 6.6 -13 0 6.6 -17.5 0 10.25
3 16 -7 0 6.6 -17.5 0 10.25 -4 0 6.6
3 16 -13 0 -6.6 -7 0 -6.6 -17.5 0 -10.25
4 16 -17.5 0 -10.25 -4 0 -6.6 4 0 -6.6 17.5 0 -10.25
4 16 17.5 0 10.25 4 0 6.6 -4 0 6.6 -17.5 0 10.25
1 16 18.25 -3 9 1 0 0 0 1 0 0 0 1 1-4edge.dat
1 16 18.25 -3 9 1 0 0 0 1 0 0 0 1 1-4chrd.dat
1 16 18.42 -1.3 9.17 1 -.17 0 0 -1.7 0 0 -.17 1 1-4con1.dat
1 16 18.75 .6 9.5 .5 -.33 0 0 -1.9 0 0 -.33 .5 1-4con4.dat
1 16 19.25 4 10 .5 -.5 0 0 -3.4 0 0 -.5 .5 1-4con5.dat
1 16 19.75 8 10.5 3 -.5 0 0 -4 0 0 -.5 3 1-4cyli.dat
1 16 18.25 -3 -9 1 0 0 0 1 0 0 0 -1 1-4edge.dat
1 16 18.25 -3 -9 1 0 0 0 1 0 0 0 -1 1-4chrd.dat
1 16 18.42 -1.3 -9.17 1 -.17 0 0 -1.7 0 0 .17 -1 1-4con1.dat
1 16 18.75 .6 -9.5 .5 -.33 0 0 -1.9 0 0 .33 -.5 1-4con4.dat
1 16 19.25 4 -10 .5 -.5 0 0 -3.4 0 0 .5 -.5 1-4con5.dat
1 16 19.75 8 -10.5 3 -.5 0 0 -4 0 0 .5 -3 1-4cyli.dat
1 16 -18.25 -3 9 -1 0 0 0 1 0 0 0 1 1-4edge.dat
1 16 -18.25 -3 9 -1 0 0 0 1 0 0 0 1 1-4chrd.dat
1 16 -18.42 -1.3 9.17 -1 .17 0 0 -1.7 0 0 -.17 1 1-4con1.dat
1 16 -18.75 .6 9.5 -.5 .33 0 0 -1.9 0 0 -.33 .5 1-4con4.dat
1 16 -19.25 4 10 -.5 .5 0 0 -3.4 0 0 -.5 .5 1-4con5.dat
1 16 -19.75 8 10.5 -3 .5 0 0 -4 0 0 -.5 3 1-4cyli.dat
1 16 -18.25 -3 -9 -1 0 0 0 1 0 0 0 -1 1-4edge.dat
1 16 -18.25 -3 -9 -1 0 0 0 1 0 0 0 -1 1-4chrd.dat
1 16 -18.42 -1.3 -9.17 -1 .17 0 0 -1.7 0 0 .17 -1 1-4con1.dat
1 16 -18.75 .6 -9.5 -.5 .33 0 0 -1.9 0 0 .33 -.5 1-4con4.dat
1 16 -19.25 4 -10 -.5 .5 0 0 -3.4 0 0 .5 -.5 1-4con5.dat
1 16 -19.75 8 -10.5 -3 .5 0 0 -4 0 0 .5 -3 1-4cyli.dat
4 16 22.25 4 10 22.25 4 -10 22.75 8 -10.5 22.75 8 10.5
4 16 22.25 4 -10 22.25 4 10 21.25 .6 9.5 21.25 .6 -9.5
4 16 20.42 -1.3 -9.17 21.25 .6 -9.5 21.25 .6 9.5 20.42 -1.3 9.17
4 16 20.42 -1.3 -9.17 20.42 -1.3 9.17 19.25 -3 9 19.25 -3 -9
4 16 -22.75 8 -10.5 -22.25 4 -10 -22.25 4 10 -22.75 8 10.5
4 16 -21.25 .6 9.5 -22.25 4 10 -22.25 4 -10 -21.25 .6 -9.5
4 16 -21.25 .6 9.5 -21.25 .6 -9.5 -20.42 -1.3 -9.17 -20.42 -1.3 9.17
4 16 -19.25 -3 9 -20.42 -1.3 9.17 -20.42 -1.3 -9.17 -19.25 -3 -9
4 16 -19.75 8 -13.5 19.75 8 -13.5 19.25 4 -13 -19.25 4 -13
4 16 -18.75 .6 -12 -19.25 4 -13 19.25 4 -13 18.75 .6 -12
4 16 -18.75 .6 -12 18.75 .6 -12 18.42 -1.3 -11.17 -18.42 -1.3 -11.17
4 16 18.25 -3 -10 -18.25 -3 -10 -18.42 -1.3 -11.17 18.42 -1.3 -11.17
4 16 19.25 4 13 19.75 8 13.5 -19.75 8 13.5 -19.25 4 13
4 16 19.25 4 13 -19.25 4 13 -18.75 .6 12 18.75 .6 12
4 16 18.42 -1.3 11.17 18.75 .6 12 -18.75 .6 12 -18.42 -1.3 11.17
4 16 -18.42 -1.3 11.17 -18.25 -3 10 18.25 -3 10 18.42 -1.3 11.17
4 16 -18.25 -3 10 -19.25 -3 9 -16 -3 3.6 -16 -3 6.6
3 16 -16 -3 6.6 -13 -3 6.6 -18.25 -3 10
3 16 -13 -3 6.6 -7 -3 6.6 -18.25 -3 10
3 16 -18.25 -3 10 -7 -3 6.6 -4 -3 6.6
4 16 -16 -3 -3.6 -19.25 -3 -9 -18.25 -3 -10 -16 -3 -6.6
3 16 -13 -3 -6.6 -16 -3 -6.6 -18.25 -3 -10
3 16 -7 -3 -6.6 -13 -3 -6.6 -18.25 -3 -10
3 16 -7 -3 -6.6 -18.25 -3 -10 -4 -3 -6.6
4 16 -19.25 -3 -9 -16 -3 -3.6 -16 -3 3.6 -19.25 -3 9
4 16 16 -3 3.6 19.25 -3 9 18.25 -3 10 16 -3 6.6
3 16 13 -3 6.6 16 -3 6.6 18.25 -3 10
3 16 7 -3 6.6 13 -3 6.6 18.25 -3 10
3 16 7 -3 6.6 18.25 -3 10 4 -3 6.6
4 16 18.25 -3 -10 19.25 -3 -9 16 -3 -3.6 16 -3 -6.6
3 16 16 -3 -6.6 13 -3 -6.6 18.25 -3 -10
3 16 13 -3 -6.6 7 -3 -6.6 18.25 -3 -10
3 16 18.25 -3 -10 7 -3 -6.6 4 -3 -6.6
4 16 16 -3 3.6 16 -3 -3.6 19.25 -3 -9 19.25 -3 9
4 16 18.25 -3 -10 4 -3 -6.6 -4 -3 -6.6 -18.25 -3 -10
4 16 -18.25 -3 10 -4 -3 6.6 4 -3 6.6 18.25 -3 10
