0 BFC CERTIFY CCW
1 16 0 0 0 1 0 0 0 1 0 0 0 1 parts/s/65803s01.dat
1 16 0 0 0 0 0 1 0 1 0 -1 0 0 parts/s/65803s01.dat
1 16 0 0 0 -1 0 0 0 1 0 0 0 -1 parts/s/65803s01.dat
1 16 0 0 0 0 0 -1 0 1 0 1 0 0 parts/s/65803s01.dat
1 16 0 4 0 1 0 0 0 -7 0 0 0 1 p/stug4-3x3.dat
0 BFC INVERTNEXT
1 16 0 4 0 36 0 0 0 28 0 0 0 36 p/box4.dat
4 16 -40 32 40 40 32 40 36 32 36 -36 32 36
4 16 -40 32 -40 -40 32 40 -36 32 36 -36 32 -36
4 16 -40 32 -40 -36 32 -36 36 32 -36 40 32 -40
4 16 40 32 -40 36 32 -36 36 32 36 40 32 40
1 16 0 4 0 40 0 0 0 28 0 0 0 40 p/box4.dat
4 16 140 4 140 140 4 -140 -140 4 -140 -140 4 140
1 16 0 0 0 160 0 0 0 1 0 0 0 160 p/rect.dat
1 16 -70 0 70 1 0 0 0 1 0 0 0 1 p/stug-7x7.dat
1 16 70 0 70 1 0 0 0 1 0 0 0 1 p/stug-7x7.dat
1 16 70 0 -70 1 0 0 0 1 0 0 0 1 p/stug-7x7.dat
1 16 -70 0 -70 1 0 0 0 1 0 0 0 1 p/stug-7x7.dat
1 16 0 0 150 1 0 0 0 1 0 0 0 1 p/stug2-1x12.dat
1 16 0 0 -150 1 0 0 0 1 0 0 0 1 p/stug2-1x12.dat
1 16 150 0 0 1 0 0 0 1 0 0 0 1 p/stug2-12x1.dat
1 16 -150 0 0 1 0 0 0 1 0 0 0 1 p/stug2-12x1.dat
1 16 150 0 140 1 0 0 0 1 0 0 0 1 p/stug-2x1.dat
1 16 -150 0 140 1 0 0 0 1 0 0 0 1 p/stug-2x1.dat
1 16 150 0 -140 1 0 0 0 1 0 0 0 1 p/stug-2x1.dat
1 16 -150 0 -140 1 0 0 0 1 0 0 0 1 p/stug-2x1.dat
1 16 130 0 150 1 0 0 0 1 0 0 0 1 p/stud.dat
1 16 -130 0 150 1 0 0 0 1 0 0 0 1 p/stud.dat
1 16 130 0 -150 1 0 0 0 1 0 0 0 1 p/stud.dat
1 16 -130 0 -150 1 0 0 0 1 0 0 0 1 p/stud.dat
