0 BFC CERTIFY CCW
1 16 0 0 0 1 0 0 0 1 0 0 0 1 parts/s/6585s01.dat
1 16 0 0 0 1 0 0 0 1 0 0 0 -1 parts/s/6585s01.dat
4 16 -16 38 -6 -16 40 -36 -16 40 36 -16 38 6
4 16 16 38 6 16 40 36 16 40 -36 16 38 -6
1 16 -6 13 0 0 -1 0 -5 -0 0 0 -0 -10 p/rect1.dat
1 16 6 13 0 0 1 0 -5 0 0 0 -0 10 p/rect1.dat
1 16 -10 20 0 0 1 0 -12 0 0 0 -0 10 p/rect1.dat
3 16 -10 32 -5.385 -10 32 5.585 -10 33 0
1 16 10 20 0 0 -1 0 -12 -0 0 0 -0 -10 p/rect1.dat
3 16 10 32 5.385 10 32 -5.585 10 33 0
4 16 -20 40 40 -16 40 36 -16 40 -36 -20 40 -40
4 16 20 40 -40 16 40 -36 16 40 36 20 40 40
4 16 20 32 -20 20 40 -40 20 40 40 20 32 20
4 16 -20 32 20 -20 40 40 -20 40 -40 -20 32 -20
4 16 18 32 -5.385 20 32 -20 20 32 20 18 32 5.385
4 16 -18 32 5.385 -20 32 20 -20 32 -20 -18 32 -5.385
4 16 6 8 10 6 8 -10 10 8 -10 10 8 10
4 16 -6 8 -10 -6 8 10 -10 8 10 -10 8 -10
3 16 -18 33 0 -18 32 5.385 -18 32 -5.385
3 16 18 33 0 18 32 -5.385 18 32 5.385
0 BFC INVERTNEXT
1 16 0 24 0 6 0 0 0 12 0 0 0 6 p/4-4cyli.dat
1 16 0 36 0 -8 0 0 0 -1 0 0 0 8 p/4-4ndis.dat
1 16 0 36 0 -1 0 0 0 -1 0 0 0 1 p/stud4a.dat
1 16 0 36 0 8 0 0 0 1 0 0 0 8 p/4-4edge.dat
1 16 30 0 30 1 0 0 0 1 0 0 0 1 p/stud2.dat
1 16 10 0 30 1 0 0 0 1 0 0 0 1 p/stud2.dat
1 16 -10 0 30 1 0 0 0 1 0 0 0 1 p/stud2.dat
1 16 -30 0 30 1 0 0 0 1 0 0 0 1 p/stud2.dat
1 16 30 0 -30 1 0 0 0 1 0 0 0 1 p/stud2.dat
1 16 10 0 -30 1 0 0 0 1 0 0 0 1 p/stud2.dat
1 16 -10 0 -30 1 0 0 0 1 0 0 0 1 p/stud2.dat
1 16 -30 0 -30 1 0 0 0 1 0 0 0 1 p/stud2.dat
