0 BFC CERTIFY CCW
1 16 0 0 -25 4.22222 0 0 0 0 4.22222 0 1 0 48\4-4ring8.dat
0 BFC INVERTNEXT
1 16 0 0 -25 6.75556 0 0 0 0 6.75556 0 6.5 0 48\4-4con4.dat
1 16 0 0 -15 36.02963 0 0 0 0 36.02963 0 4 0 48\4-4cylo.dat
1 16 0 0 -21 33.77778 0 0 0 0 33.77778 0 1 0 48\4-4edge.dat
1 16 0 0 -17 30.02469 0 0 0 0 30.02469 0 2 0 48\4-4cylo.dat
1 16 0 0 -25 38 0 0 0 0 -38 0 4 0 48\4-4cylo.dat
1 16 0 0 -25 33.77778 0 0 0 0 33.77778 0 1 0 48\4-4edge.dat
1 16 0 0 -21 4.22222 0 0 0 0 4.22222 0 -1 0 48\4-4ring8.dat
1 16 0 0 -21 3.75309 0 0 0 0 3.75309 0 4 0 48\4-4con8.dat
1 16 0 0 -15 6.00494 0 0 0 0 6.00494 0 1 0 48\4-4ring5.dat
1 16 0 0 -11 6.00494 0 0 0 0 6.00494 0 -1 0 48\4-4ring5.dat
1 16 0 0 25 4.22222 0 0 0 0 4.22222 0 -1 0 48\4-4ring8.dat
0 BFC INVERTNEXT
1 16 0 0 25 6.75556 0 0 0 0 6.75556 0 -6.5 0 48\4-4con4.dat
1 16 0 0 15 36.02963 0 0 0 0 36.02963 0 -4 0 48\4-4cylo.dat
1 16 0 0 21 33.77778 0 0 0 0 33.77778 0 -1 0 48\4-4edge.dat
1 16 0 0 17 30.02469 0 0 0 0 30.02469 0 -2 0 48\4-4cylo.dat
1 16 0 0 25 38 0 0 0 0 -38 0 -4 0 48\4-4cylo.dat
1 16 0 0 25 33.77778 0 0 0 0 33.77778 0 -1 0 48\4-4edge.dat
1 16 0 0 21 4.22222 0 0 0 0 4.22222 0 1 0 48\4-4ring8.dat
1 16 0 0 21 3.75309 0 0 0 0 3.75309 0 -4 0 48\4-4con8.dat
1 16 0 0 15 6.00494 0 0 0 0 6.00494 0 -1 0 48\4-4ring5.dat
1 16 0 0 11 6.00494 0 0 0 0 6.00494 0 1 0 48\4-4ring5.dat
0 BFC INVERTNEXT
1 16 0 0 -18.5 27.02222 0 0 0 0 27.02222 0 37 0 48\4-4cylo.dat
1 16 0 0 -40 9 0 0 0 0 -9 0 80 0 4-4cylo.dat
1 16 0 0 -40 1 0 0 0 0 1 0 80 0 axl3hole.dat
1 16 0 0 -40 3 0 0 0 0 3 0 1 0 4-4ring2.dat
1 16 0 0 -40 6 0 0 0 0 6 0 1 0 4-4ering.dat
1 16 0 0 40 3 0 0 0 0 3 0 -1 0 4-4ring2.dat
1 16 0 0 40 6 0 0 0 0 6 0 -1 0 4-4ering.dat
4 16 -6 -6 -2 -6 6 -2 6 6 -2 6 -6 -2
1 16 0 0 -2 1 0 0 0 0 1 0 1 0 axl3hol2.dat
1 16 0 0 -2 1 0 0 0 0 1 0 1 0 axl3hol9.dat
4 16 6 6 2 -6 6 2 -6 -6 2 6 -6 2
1 16 0 0 2 1 0 0 0 0 1 0 -1 0 axl3hol2.dat
1 16 0 0 2 1 0 0 0 0 1 0 -1 0 axl3hol9.dat
1 16 0 0 -2 3.37707 0 0.70711 -3.37707 0 0.70711 0 -18 0 box3u4p.dat
1 16 0 0 2 3.37707 0 0.70711 -3.37707 0 0.70711 0 18 0 box3u4p.dat
1 16 0 0 0 1 0 0 0 1 0 0 0 1 s\66155s01.dat
1 16 0 0 0 -1 0 0 0 1 0 0 0 1 s\66155s01.dat
1 16 0 0 0 -0.5 -0.86603 0 0.86603 -0.5 0 0 0 1 s\66155s01.dat
1 16 0 0 0 0.5 -0.86603 0 -0.86603 -0.5 0 0 0 1 s\66155s01.dat
1 16 0 0 0 -0.5 0.86603 0 -0.86603 -0.5 0 0 0 1 s\66155s01.dat
1 16 0 0 0 0.5 0.86603 0 0.86603 -0.5 0 0 0 1 s\66155s01.dat
1 16 0 0 0 1 0 0 0 -1 0 0 0 -1 s\66155s01.dat
1 16 0 0 0 -1 0 0 0 -1 0 0 0 -1 s\66155s01.dat
1 16 0 0 0 -0.5 -0.86603 0 -0.86603 0.5 0 0 0 -1 s\66155s01.dat
1 16 0 0 0 0.5 -0.86603 0 0.86603 0.5 0 0 0 -1 s\66155s01.dat
1 16 0 0 0 -0.5 0.86603 0 0.86603 0.5 0 0 0 -1 s\66155s01.dat
1 16 0 0 0 0.5 0.86603 0 -0.86603 0.5 0 0 0 -1 s\66155s01.dat
1 16 0 0 -11 29.00162 0 -7.77096 7.77096 0 29.00162 0 22 0 48\5-12cyli.dat
1 16 0 0 -11 29.00162 0 -7.77096 7.77096 0 29.00162 0 1 0 48\5-12edge.dat
1 16 0 0 11 29.00162 0 -7.77096 7.77096 0 29.00162 0 1 0 48\5-12edge.dat
1 16 0 0 -11 29.00162 0 7.77096 7.77096 0 -29.00162 0 4 0 48\1-12cylo.dat
1 16 0 0 -7 29.00162 0 7.77096 7.77096 0 -29.00162 0 -4 0 48\1-12chrd.dat
1 16 0 0 11 29.00162 0 7.77096 7.77096 0 -29.00162 0 -2 0 48\1-12cylo.dat
1 16 0 0 9 29.00162 0 7.77096 7.77096 0 -29.00162 0 4 0 48\1-12chrd.dat
1 16 29.00125 -0.0001 1 -0.00035 -1 0 -7.7711 0 0 0 0 -8 rect.dat
1 16 0 0 -11 -29.00162 0 7.77096 -7.77096 0 -29.00162 0 22 0 48\5-12cyli.dat
1 16 0 0 -11 -29.00162 0 7.77096 -7.77096 0 -29.00162 0 1 0 48\5-12edge.dat
1 16 0 0 11 -29.00162 0 7.77096 -7.77096 0 -29.00162 0 1 0 48\5-12edge.dat
1 16 0 0 -11 -29.00162 0 -7.77096 -7.77096 0 29.00162 0 4 0 48\1-12cylo.dat
1 16 0 0 -7 -29.00162 0 -7.77096 -7.77096 0 29.00162 0 -4 0 48\1-12chrd.dat
1 16 0 0 11 -29.00162 0 -7.77096 -7.77096 0 29.00162 0 -2 0 48\1-12cylo.dat
1 16 0 0 9 -29.00162 0 -7.77096 -7.77096 0 29.00162 0 4 0 48\1-12chrd.dat
1 16 -29.00125 0.0001 1 0.00035 1 0 7.7711 0 0 0 0 -8 rect.dat
1 16 29 0 0 0 6.5 0 0 0 1.5 11 0 0 box3u4a.dat
1 16 -29 0 0 0 -6.5 0 0 0 -1.5 11 0 0 box3u4a.dat
1 16 0 -29.8 0 0 0 1.5 0 -5.7 0 11 0 0 box3u4a.dat
1 16 0 29.8 0 0 0 -1.5 0 5.7 0 11 0 0 box3u4a.dat
