0 BFC CERTIFY CCW
1 16 20 0 20 1 0 0 0 1 0 0 0 1 parts/s/66789s01.dat
4 16 60 16 20 60 8 20 56 8 20 20 16 20
4 16 20 4 20 20 16 20 56 8 20 56 4 20
1 16 55.7134 10 24.349 0 1 0.023 6 0 0 0 0 -0.349 p/rect2a.dat
3 16 55.7364 16 24 55.6904 16 24.698 60 16 20
4 16 20 16 20 24 16 24 55.7364 16 24 60 16 20
1 16 39.8682 10 24 0 0 -15.8682 6 0 0 0 -1 0 p/rect3.dat
1 16 20 0 -20 1 0 0 0 1 0 0 0 -1 parts/s/66789s01.dat
4 16 56 8 -20 60 8 -20 60 16 -20 20 16 -20
4 16 56 8 -20 20 16 -20 20 4 -20 56 4 -20
1 16 55.7134 10 -24.349 0.023 1 0 0 0 6 0.349 0 0 p/rect2a.dat
3 16 55.6904 16 -24.698 55.7364 16 -24 60 16 -20
4 16 55.7364 16 -24 24 16 -24 20 16 -20 60 16 -20
1 16 39.8682 10 -24 0 0 -15.8682 -6 0 0 0 1 0 p/rect3.dat
1 16 56 6 0 0 1 0 0 0 2 20 0 0 p/rect.dat
1 16 58 8 0 0 0 2 0 -1 0 20 0 0 p/rect3.dat
1 16 60 4 0 0 -1 0 -4 0 0 0 0 -20 p/rect1.dat
4 16 60 0 -20 60 0 20 48.284 0 48.284 48.284 0 -48.284
4 16 48.5624 4 41.9168 56 4 20 56 4 -20 48.5624 4 -41.9168
1 16 20 0 -20 0 0 1 0 1 0 -1 0 0 parts/s/66789s01.dat
4 16 20 16 -60 20 8 -60 20 8 -56 20 16 -20
4 16 20 4 -20 20 16 -20 20 8 -56 20 4 -56
1 16 24.349 10 -55.7134 0 0 -0.349 6 0 0 0 -1 -0.023 p/rect2a.dat
3 16 24 16 -55.7364 24.698 16 -55.6904 20 16 -60
4 16 20 16 -20 24 16 -24 24 16 -55.7364 20 16 -60
1 16 24 10 -39.8682 0 -1 0 0 0 6 -15.8682 0 0 p/rect2p.dat
1 16 -20 0 -20 0 0 -1 0 1 0 -1 0 0 parts/s/66789s01.dat
4 16 -20 8 -56 -20 8 -60 -20 16 -60 -20 16 -20
4 16 -20 8 -56 -20 16 -20 -20 4 -20 -20 4 -56
1 16 -24.349 10 -55.7134 0.349 0 0 0 0 6 -0.023 -1 0 p/rect2a.dat
3 16 -24.698 16 -55.6904 -24 16 -55.7364 -20 16 -60
4 16 -24 16 -55.7364 -24 16 -24 -20 16 -20 -20 16 -60
1 16 -24 10 -39.8682 0 1 0 -6 0 0 0 0 15.8682 p/rect3.dat
1 16 0 6 -56 20 0 0 0 0 2 0 -1 0 p/rect.dat
1 16 0 8 -58 20 0 0 0 -1 0 0 0 -2 p/rect3.dat
1 16 0 4 -60 0 0 -20 -4 0 0 0 1 0 p/rect1.dat
4 16 -20 0 -60 20 0 -60 48.284 0 -48.284 -48.284 0 -48.284
4 16 41.9168 4 -48.5624 20 4 -56 -20 4 -56 -41.9168 4 -48.5624
1 16 -20 0 -20 -1 0 0 0 1 0 0 0 -1 parts/s/66789s01.dat
4 16 -60 16 -20 -60 8 -20 -56 8 -20 -20 16 -20
4 16 -20 4 -20 -20 16 -20 -56 8 -20 -56 4 -20
1 16 -55.7134 10 -24.349 0 -1 -0.023 6 0 0 0 0 0.349 p/rect2a.dat
3 16 -55.7364 16 -24 -55.6904 16 -24.698 -60 16 -20
4 16 -20 16 -20 -24 16 -24 -55.7364 16 -24 -60 16 -20
1 16 -39.8682 10 -24 -15.8682 0 0 0 0 6 0 1 0 p/rect2p.dat
1 16 -20 0 20 -1 0 0 0 1 0 0 0 1 parts/s/66789s01.dat
4 16 -56 8 20 -60 8 20 -60 16 20 -20 16 20
4 16 -56 8 20 -20 16 20 -20 4 20 -56 4 20
1 16 -55.7134 10 24.349 -0.023 -1 0 0 0 6 -0.349 0 0 p/rect2a.dat
3 16 -55.6904 16 24.698 -55.7364 16 24 -60 16 20
4 16 -55.7364 16 24 -24 16 24 -20 16 20 -60 16 20
1 16 -39.8682 10 24 0 0 15.8682 -6 0 0 0 -1 0 p/rect3.dat
1 16 -56 6 0 0 -1 0 0 0 2 -20 0 0 p/rect.dat
1 16 -58 8 0 0 0 -2 0 -1 0 -20 0 0 p/rect3.dat
1 16 -60 4 0 0 1 0 -4 0 0 0 0 20 p/rect1.dat
4 16 -60 0 20 -60 0 -20 -48.284 0 -48.284 -48.284 0 48.284
4 16 -48.5624 4 -41.9168 -56 4 -20 -56 4 20 -48.5624 4 41.9168
1 16 -20 0 20 0 0 -1 0 1 0 1 0 0 parts/s/66789s01.dat
4 16 -20 16 60 -20 8 60 -20 8 56 -20 16 20
4 16 -20 4 20 -20 16 20 -20 8 56 -20 4 56
1 16 -24.349 10 55.7134 0 0 0.349 6 0 0 0 1 0.023 p/rect2a.dat
3 16 -24 16 55.7364 -24.698 16 55.6904 -20 16 60
4 16 -20 16 20 -24 16 24 -24 16 55.7364 -20 16 60
1 16 -24 10 39.8682 0 1 0 0 0 6 15.8682 0 0 p/rect2p.dat
1 16 20 0 20 0 0 1 0 1 0 1 0 0 parts/s/66789s01.dat
4 16 20 8 56 20 8 60 20 16 60 20 16 20
4 16 20 8 56 20 16 20 20 4 20 20 4 56
1 16 24.349 10 55.7134 -0.349 0 0 0 0 6 0.023 1 0 p/rect2a.dat
3 16 24.698 16 55.6904 24 16 55.7364 20 16 60
4 16 24 16 55.7364 24 16 24 20 16 20 20 16 60
1 16 24 10 39.8682 0 -1 0 0 0 6 -15.8682 0 0 p/rect2p.dat
1 16 0 6 56 -20 0 0 0 0 2 0 1 0 p/rect.dat
1 16 0 8 58 -20 0 0 0 -1 0 0 0 2 p/rect3.dat
1 16 0 4 60 0 0 20 -4 0 0 0 -1 0 p/rect1.dat
4 16 20 0 60 -20 0 60 -48.284 0 48.284 48.284 0 48.284
4 16 -41.9168 4 48.5624 -20 4 56 20 4 56 41.9168 4 48.5624
4 16 -48.284 0 48.284 -48.284 0 -48.284 48.284 0 -48.284 48.284 0 48.284
4 16 48.5624 4 41.9168 48.5624 4 -41.9168 41.9168 4 -48.5624 41.9168 4 48.5624
4 16 -41.9168 4 48.5624 41.9168 4 48.5624 41.9168 4 -48.5624 -41.9168 4 -48.5624
4 16 -41.9168 4 48.5624 -41.9168 4 -48.5624 -48.5624 4 -41.9168 -48.5624 4 41.9168
1 16 40 4 -40 -1 0 0 0 -3 0 0 0 1 p/stud4.dat
1 16 0 4 -30 0 0 -1 0 -1 0 -1 0 0 p/stug4-1x2.dat
1 16 20 4 -40 0 0 -1 0 -1 0 -1 0 0 p/2-4stud4.dat
1 16 20 4 -20 0 0 -1 0 -1 0 -1 0 0 p/3-4stud4.dat
1 16 -20 4 -40 0 0 1 0 -1 0 -1 0 0 p/2-4stud4.dat
1 16 -40 4 -40 0 0 1 0 -3 0 1 0 0 p/stud4.dat
1 16 -40 4 -20 -1 0 0 0 -1 0 0 0 1 p/2-4stud4.dat
1 16 -20 4 -20 -1 0 0 0 -1 0 0 0 1 p/3-4stud4.dat
1 16 -40 4 20 -1 0 0 0 -1 0 0 0 -1 p/2-4stud4.dat
1 16 -40 4 40 1 0 0 0 -3 0 0 0 -1 p/stud4.dat
1 16 0 4 30 0 0 1 0 -1 0 1 0 0 p/stug4-1x2.dat
1 16 -20 4 40 0 0 1 0 -1 0 1 0 0 p/2-4stud4.dat
1 16 -20 4 20 0 0 1 0 -1 0 1 0 0 p/3-4stud4.dat
1 16 20 4 40 0 0 -1 0 -1 0 1 0 0 p/2-4stud4.dat
1 16 40 4 40 0 0 -1 0 -3 0 -1 0 0 p/stud4.dat
1 16 0 4 0 1 0 0 0 -1 0 0 0 -1 p/stug4-1x5.dat
1 16 40 4 20 1 0 0 0 -1 0 0 0 -1 p/2-4stud4.dat
1 16 20 4 20 1 0 0 0 -1 0 0 0 -1 p/3-4stud4.dat
1 16 40 4 -20 1 0 0 0 -1 0 0 0 1 p/2-4stud4.dat
1 16 -30 0 0 0 0 1 0 1 0 -1 0 0 p/stug-1x4.dat
1 16 -50 0 0 0 0 1 0 1 0 -1 0 0 p/stug-1x2.dat
1 16 0 0 -40 0 0 1 0 1 0 -1 0 0 p/stug-2x2.dat
1 16 0 0 40 0 0 1 0 1 0 -1 0 0 p/stug-2x2.dat
1 16 30 0 0 0 0 1 0 1 0 -1 0 0 p/stug-1x4.dat
1 16 50 0 0 0 0 1 0 1 0 -1 0 0 p/stug-1x2.dat
