0 BFC CERTIFY CCW
1 16 -40 0 40 0 0 -1 0 1 0 1 0 0 s\66789s01.dat
4 16 -20 16 80 -20 8 80 -20 8 76 -20 16 20
4 16 -20 4 20 -20 16 20 -20 8 76 -20 4 76
4 16 -20 16 20 -24 16 24 -24 16 76 -20 16 80
1 16 -24 10 50 0 1 0 0 0 6 26 0 0 rect.dat
4 16 -40 16 80 -40 11 80 -20 8 80 -20 16 80
3 16 -40 8 80 -20 8 80 -40 11 80
3 16 -40 16 76 -44.698 16 75.6904 -40 16 80
4 16 -20 16 80 -24 16 76 -40 16 76 -40 16 80
4 16 -40 16 76 -24 16 76 -24 4 76 -40 4 76
4 16 -44.698 16 75.6904 -40 16 76 -40 4 76 -44.698 4 75.6904
1 16 40 0 40 0 0 1 0 1 0 1 0 0 s\66789s01.dat
4 16 20 8 76 20 8 80 20 16 80 20 16 20
4 16 20 8 76 20 16 20 20 4 20 20 4 76
4 16 24 16 76 24 16 24 20 16 20 20 16 80
1 16 24 10 50 0 -1 0 -6 0 0 0 0 -26 rect.dat
4 16 20 8 80 40 11 80 40 16 80 20 16 80
3 16 20 8 80 40 8 80 40 11 80
3 16 44.698 16 75.6904 40 16 76 40 16 80
4 16 40 16 76 24 16 76 20 16 80 40 16 80
4 16 24 4 76 24 16 76 40 16 76 40 4 76
4 16 40 4 76 40 16 76 44.698 16 75.6904 44.698 4 75.6904
1 16 0 4 80 0 0 40 -4 0 0 0 -1 0 rect1.dat
1 16 0 6 76 -20 0 0 0 0 2 0 1 0 rect.dat
1 16 0 8 78 -20 0 0 0 -1 0 0 0 2 rect3.dat
4 16 -61.9168 4 68.5624 -40 4 76 40 4 76 61.9168 4 68.5624
4 16 68.284 0 68.284 40 0 80 -40 0 80 -68.284 0 68.284
1 16 40 0 40 1 0 0 0 1 0 0 0 1 s\66789s01.dat
4 16 80 16 20 80 8 20 76 8 20 20 16 20
4 16 20 4 20 20 16 20 76 8 20 76 4 20
4 16 20 16 20 24 16 24 76 16 24 80 16 20
1 16 50 10 24 0 0 26 -6 0 0 0 -1 0 rect3.dat
4 16 80 16 40 80 11 40 80 8 20 80 16 20
3 16 80 8 40 80 8 20 80 11 40
3 16 76 16 40 75.6904 16 44.698 80 16 40
4 16 80 16 20 76 16 24 76 16 40 80 16 40
4 16 76 16 40 76 16 24 76 4 24 76 4 40
4 16 75.6904 16 44.698 76 16 40 76 4 40 75.6904 4 44.698
1 16 40 0 -40 1 0 0 0 1 0 0 0 -1 s\66789s01.dat
4 16 76 8 -20 80 8 -20 80 16 -20 20 16 -20
4 16 76 8 -20 20 16 -20 20 4 -20 76 4 -20
4 16 76 16 -24 24 16 -24 20 16 -20 80 16 -20
1 16 50 10 -24 0 0 -26 -6 0 0 0 1 0 rect.dat
4 16 80 8 -20 80 11 -40 80 16 -40 80 16 -20
3 16 80 8 -20 80 8 -40 80 11 -40
3 16 75.6904 16 -44.698 76 16 -40 80 16 -40
4 16 76 16 -40 76 16 -24 80 16 -20 80 16 -40
4 16 76 4 -24 76 16 -24 76 16 -40 76 4 -40
4 16 76 4 -40 76 16 -40 75.6904 16 -44.698 75.6904 4 -44.698
1 16 80 4 0 0 -1 0 -4 0 0 0 0 -40 rect1.dat
1 16 76 6 0 0 1 0 0 0 2 20 0 0 rect.dat
1 16 78 8 0 0 0 2 0 -1 0 20 0 0 rect3.dat
4 16 68.5624 4 61.9168 76 4 40 76 4 -40 68.5624 4 -61.9168
4 16 68.284 0 -68.284 80 0 -40 80 0 40 68.284 0 68.284
1 16 40 0 -40 0 0 1 0 1 0 -1 0 0 s\66789s01.dat
4 16 20 16 -80 20 8 -80 20 8 -76 20 16 -20
4 16 20 4 -20 20 16 -20 20 8 -76 20 4 -76
4 16 20 16 -20 24 16 -24 24 16 -76 20 16 -80
1 16 24 10 -50 0 -1 0 -6 0 0 0 0 -26 rect3.dat
4 16 40 16 -80 40 11 -80 20 8 -80 20 16 -80
3 16 40 8 -80 20 8 -80 40 11 -80
3 16 40 16 -76 44.698 16 -75.6904 40 16 -80
4 16 20 16 -80 24 16 -76 40 16 -76 40 16 -80
4 16 40 16 -76 24 16 -76 24 4 -76 40 4 -76
4 16 44.698 16 -75.6904 40 16 -76 40 4 -76 44.698 4 -75.6904
1 16 -40 0 -40 0 0 -1 0 1 0 -1 0 0 s\66789s01.dat
4 16 -20 8 -76 -20 8 -80 -20 16 -80 -20 16 -20
4 16 -20 8 -76 -20 16 -20 -20 4 -20 -20 4 -76
4 16 -24 16 -76 -24 16 -24 -20 16 -20 -20 16 -80
1 16 -24 10 -50 0 1 0 -6 0 0 0 0 26 rect.dat
4 16 -20 8 -80 -40 11 -80 -40 16 -80 -20 16 -80
3 16 -20 8 -80 -40 8 -80 -40 11 -80
3 16 -44.698 16 -75.6904 -40 16 -76 -40 16 -80
4 16 -40 16 -76 -24 16 -76 -20 16 -80 -40 16 -80
4 16 -24 4 -76 -24 16 -76 -40 16 -76 -40 4 -76
4 16 -40 4 -76 -40 16 -76 -44.698 16 -75.6904 -44.698 4 -75.6904
1 16 0 4 -80 0 0 -40 -4 0 0 0 1 0 rect1.dat
1 16 0 6 -76 20 0 0 0 0 2 0 -1 0 rect.dat
1 16 0 8 -78 20 0 0 0 -1 0 0 0 -2 rect3.dat
4 16 61.9168 4 -68.5624 40 4 -76 -40 4 -76 -61.9168 4 -68.5624
4 16 -68.284 0 -68.284 -40 0 -80 40 0 -80 68.284 0 -68.284
1 16 -40 0 -40 -1 0 0 0 1 0 0 0 -1 s\66789s01.dat
4 16 -80 16 -20 -80 8 -20 -76 8 -20 -20 16 -20
4 16 -20 4 -20 -20 16 -20 -76 8 -20 -76 4 -20
4 16 -20 16 -20 -24 16 -24 -76 16 -24 -80 16 -20
1 16 -50 10 -24 0 0 -26 -6 0 0 0 1 0 rect3.dat
4 16 -80 16 -40 -80 11 -40 -80 8 -20 -80 16 -20
3 16 -80 8 -40 -80 8 -20 -80 11 -40
3 16 -76 16 -40 -75.6904 16 -44.698 -80 16 -40
4 16 -80 16 -20 -76 16 -24 -76 16 -40 -80 16 -40
4 16 -76 16 -40 -76 16 -24 -76 4 -24 -76 4 -40
4 16 -75.6904 16 -44.698 -76 16 -40 -76 4 -40 -75.6904 4 -44.698
1 16 -40 0 40 -1 0 0 0 1 0 0 0 1 s\66789s01.dat
4 16 -76 8 20 -80 8 20 -80 16 20 -20 16 20
4 16 -76 8 20 -20 16 20 -20 4 20 -76 4 20
4 16 -76 16 24 -24 16 24 -20 16 20 -80 16 20
1 16 -50 10 24 0 0 -26 6 0 0 0 -1 0 rect3.dat
4 16 -80 8 20 -80 11 40 -80 16 40 -80 16 20
3 16 -80 8 20 -80 8 40 -80 11 40
3 16 -75.6904 16 44.698 -76 16 40 -80 16 40
4 16 -76 16 40 -76 16 24 -80 16 20 -80 16 40
4 16 -76 4 24 -76 16 24 -76 16 40 -76 4 40
4 16 -76 4 40 -76 16 40 -75.6904 16 44.698 -75.6904 4 44.698
1 16 -80 4 0 0 1 0 -4 0 0 0 0 40 rect1.dat
1 16 -76 6 0 0 -1 0 0 0 2 -20 0 0 rect.dat
1 16 -78 8 0 0 0 -2 0 -1 0 -20 0 0 rect3.dat
4 16 -68.5624 4 -61.9168 -76 4 -40 -76 4 40 -68.5624 4 61.9168
4 16 -68.284 0 68.284 -80 0 40 -80 0 -40 -68.284 0 -68.284
4 16 -68.284 0 -68.284 68.284 0 -68.284 68.284 0 68.284 -68.284 0 68.284
4 16 -68.5624 4 61.9168 -61.9168 4 68.5624 61.9168 4 68.5624 68.5624 4 61.9168
4 16 -68.5624 4 61.9168 68.5624 4 61.9168 68.5624 4 -61.9168 -68.5624 4 -61.9168
4 16 -61.9168 4 -68.5624 -68.5624 4 -61.9168 68.5624 4 -61.9168 61.9168 4 -68.5624
1 16 -50 4 -50 0 0 1 0 -3 0 1 0 0 stug4-2x2.dat
1 16 0 4 0 1 0 0 0 -1 0 0 0 -1 stug4-1x7.dat
1 16 0 4 -40 0 0 -1 0 -1 0 -1 0 0 stug4-1x3.dat
1 16 0 4 40 0 0 1 0 -1 0 1 0 0 stug4-1x3.dat
1 16 -20 4 -40 0 0 1 0 -1 0 -1 0 0 2-4stud4.dat
1 16 -40 4 -20 -1 0 0 0 -1 0 0 0 1 2-4stud4.dat
1 16 -20 4 -20 -1 0 0 0 -1 0 0 0 1 3-4stud4.dat
1 16 -60 4 -20 -1 0 0 0 -1 0 0 0 1 2-4stud4.dat
1 16 -20 4 -60 0 0 1 0 -1 0 -1 0 0 2-4stud4.dat
1 16 -40 4 20 -1 0 0 0 -1 0 0 0 -1 2-4stud4.dat
1 16 -20 4 40 0 0 1 0 -1 0 1 0 0 2-4stud4.dat
1 16 -20 4 20 0 0 1 0 -1 0 1 0 0 3-4stud4.dat
1 16 -20 4 60 0 0 1 0 -1 0 1 0 0 2-4stud4.dat
1 16 -60 4 20 -1 0 0 0 -1 0 0 0 -1 2-4stud4.dat
1 16 20 4 40 0 0 -1 0 -1 0 1 0 0 2-4stud4.dat
1 16 40 4 20 1 0 0 0 -1 0 0 0 -1 2-4stud4.dat
1 16 20 4 20 1 0 0 0 -1 0 0 0 -1 3-4stud4.dat
1 16 60 4 20 1 0 0 0 -1 0 0 0 -1 2-4stud4.dat
1 16 20 4 60 0 0 -1 0 -1 0 1 0 0 2-4stud4.dat
1 16 40 4 -20 1 0 0 0 -1 0 0 0 1 2-4stud4.dat
1 16 20 4 -40 0 0 -1 0 -1 0 -1 0 0 2-4stud4.dat
1 16 20 4 -20 0 0 -1 0 -1 0 -1 0 0 3-4stud4.dat
1 16 20 4 -60 0 0 -1 0 -1 0 -1 0 0 2-4stud4.dat
1 16 60 4 -20 1 0 0 0 -1 0 0 0 1 2-4stud4.dat
1 16 -50 4 50 1 0 0 0 -3 0 0 0 -1 stug4-2x2.dat
1 16 50 4 50 0 0 -1 0 -3 0 -1 0 0 stug4-2x2.dat
1 16 50 4 -50 -1 0 0 0 -3 0 0 0 1 stug4-2x2.dat
1 16 -30 0 0 0 0 1 0 1 0 -1 0 0 stug-1x4.dat
1 16 0 0 -40 0 0 1 0 1 0 -1 0 0 stug-2x2.dat
1 16 0 0 40 0 0 1 0 1 0 -1 0 0 stug-2x2.dat
1 16 30 0 0 0 0 1 0 1 0 -1 0 0 stug-1x4.dat
1 16 60 0 0 0 0 1 0 1 0 -1 0 0 stug-2x2.dat
1 16 -60 0 0 0 0 1 0 1 0 -1 0 0 stug-2x2.dat
1 16 0 0 -70 0 0 1 0 1 0 -1 0 0 stug-2x1.dat
1 16 0 0 70 0 0 1 0 1 0 -1 0 0 stug-2x1.dat
1 16 50 0 70 0 0 1 0 1 0 -1 0 0 stud.dat
1 16 70 0 50 0 0 1 0 1 0 -1 0 0 stud.dat
1 16 70 0 -50 0 0 1 0 1 0 -1 0 0 stud.dat
1 16 50 0 -70 0 0 1 0 1 0 -1 0 0 stud.dat
1 16 -50 0 70 0 0 1 0 1 0 -1 0 0 stud.dat
1 16 -70 0 50 0 0 1 0 1 0 -1 0 0 stud.dat
1 16 -70 0 -50 0 0 1 0 1 0 -1 0 0 stud.dat
1 16 -50 0 -70 0 0 1 0 1 0 -1 0 0 stud.dat
