0 BFC CERTIFY CCW
1 16 0 0 0 1 0 0 0 1 0 0 0 1 s\67138s01.dat
1 16 0 0 0 -1 0 0 0 1 0 0 0 1 s\67138s01.dat
1 16 -50 8 60 0 0 -1 0 1 0 1 0 0 stug-1x6.dat
1 16 50 8 60 0 0 -1 0 1 0 1 0 0 stug-1x6.dat
1 16 -70 8 60 0 0 -1 0 1 0 1 0 0 stug-1x6.dat
1 16 70 8 60 0 0 -1 0 1 0 1 0 0 stug-1x6.dat
1 16 -130 8 70 0 0 -1 0 1 0 1 0 0 stug-1x5.dat
1 16 -110 8 70 0 0 -1 0 1 0 1 0 0 stug-1x5.dat
1 16 130 8 70 0 0 -1 0 1 0 1 0 0 stug-1x5.dat
1 16 110 8 70 0 0 -1 0 1 0 1 0 0 stug-1x5.dat
1 16 -150 8 80 0 0 -1 0 1 0 1 0 0 stug-1x4.dat
1 16 -170 8 80 0 0 -1 0 1 0 1 0 0 stug-1x4.dat
1 16 150 8 80 0 0 -1 0 1 0 1 0 0 stug-1x4.dat
1 16 170 8 80 0 0 -1 0 1 0 1 0 0 stug-1x4.dat
1 16 -250 8 90 0 0 -1 0 1 0 1 0 0 stug-1x3.dat
1 16 -230 8 90 0 0 -1 0 1 0 1 0 0 stug-1x3.dat
1 16 250 8 90 0 0 -1 0 1 0 1 0 0 stug-1x3.dat
1 16 230 8 90 0 0 -1 0 1 0 1 0 0 stug-1x3.dat
1 16 -10 32 100 0 0 -1 0 1 0 1 0 0 stug-1x10.dat
1 16 10 32 100 0 0 -1 0 1 0 1 0 0 stug-1x10.dat
1 16 -10 32 -90 0 0 -1 0 1 0 1 0 0 stug-1x9.dat
1 16 10 32 -90 0 0 -1 0 1 0 1 0 0 stug-1x9.dat
1 16 -20 32 220 0 0 -1 0 1 0 1 0 0 stug-2x2.dat
1 16 20 32 220 0 0 -1 0 1 0 1 0 0 stug-2x2.dat
1 16 0 35 220 1 0 0 0 1 0 0 0 1 s\67138s02.dat
1 16 0 35 200 1 0 0 0 1 0 0 0 1 s\67138s02.dat
1 16 0 35 180 1 0 0 0 1 0 0 0 1 s\67138s02.dat
1 16 0 35 160 1 0 0 0 1 0 0 0 1 s\67138s02.dat
1 16 0 35 140 1 0 0 0 1 0 0 0 1 s\67138s02.dat
1 16 0 35 120 1 0 0 0 1 0 0 0 1 s\67138s02.dat
1 16 0 35 100 1 0 0 0 1 0 0 0 1 s\67138s02.dat
1 16 0 35 80 1 0 0 0 1 0 0 0 1 s\67138s02.dat
1 16 0 35 60 1 0 0 0 1 0 0 0 1 s\67138s02.dat
1 16 0 35 40 1 0 0 0 1 0 0 0 1 s\67138s02.dat
1 16 0 35 20 1 0 0 0 1 0 0 0 1 s\67138s02.dat
1 16 0 35 0 1 0 0 0 1 0 0 0 1 s\67138s02.dat
1 16 0 35 -20 1 0 0 0 1 0 0 0 1 s\67138s02.dat
1 16 0 35 -40 1 0 0 0 1 0 0 0 1 s\67138s02.dat
1 16 0 35 -60 1 0 0 0 1 0 0 0 1 s\67138s02.dat
1 16 0 35 -80 1 0 0 0 1 0 0 0 1 s\67138s02.dat
1 16 0 35 -100 1 0 0 0 1 0 0 0 1 s\67138s02.dat
1 16 0 35 -120 1 0 0 0 1 0 0 0 1 s\67138s02.dat
1 16 0 35 -140 1 0 0 0 1 0 0 0 1 s\67138s02.dat
1 16 0 35 -160 0 0 -1 0 -1.25 0 1 0 0 stud4a.dat
1 16 0 35 -160 0 0 -8 0 -1 0 8 0 0 4-4edge.dat
1 16 0 32 -160 0 0 -6 0 1 0 6 0 0 4-4edge.dat
1 16 0 35 -160 0 0 -8 0 -1 0 8 0 0 4-4ndis.dat
1 16 0 32 -160 0 0 -6 0 1 0 6 0 0 4-4ndis.dat
0 BFC INVERTNEXT
1 16 0 32 -160 0 0 -6 0 3 0 6 0 0 4-4cyli.dat
