0 BFC CERTIFY CCW
1 16 0 0 0 1 0 0 0 -1 0 0 0 1 parts/s/67144s01.dat
1 16 0 0 0 -1 0 0 0 -1 0 0 0 1 parts/s/67144s01.dat
1 16 0 0 0 1 0 0 0 -1 0 0 0 1 parts/s/67144s02.dat
1 16 0 0 0 -1 0 0 0 -1 0 0 0 1 parts/s/67144s02.dat
1 16 0 0 0 1 0 0 0 1 0 0 0 1 parts/s/67144s03.dat
1 16 0 0 0 -1 0 0 0 1 0 0 0 1 parts/s/67144s03.dat
1 16 0 -.3 0 1 0 0 0 1 0 0 0 1 parts/s/67144s01.dat
1 16 0 -.3 0 -1 0 0 0 1 0 0 0 1 parts/s/67144s01.dat
1 16 0 -.3 0 1 0 0 0 1 0 0 0 1 parts/s/67144s02.dat
1 16 0 -.3 0 -1 0 0 0 1 0 0 0 1 parts/s/67144s02.dat
