0 BFC CERTIFY CCW
1 14 0 -53 0 1 0 0 0 1 0 0 0 1 parts/u9556.dat
1 14 0 -30 0 1 0 0 0 1 0 0 0 1 parts/u9539.dat
1 16 0 -70 0 1 0 0 0 1 0 0 0 1 parts/u9538.dat
1 16 0 -79 -20 1 0 0 0 1 0 0 0 1 parts/34745.dat
1 494 -15 -56 38 0 0 1 0 -1 0 -1 0 0 parts/u9555.dat
1 494 15 -56 -38 0 0 -1 0 -1 0 1 0 0 parts/u9555.dat
1 494 0 -67.5 46 -1 0 0 0 0 -1 0 -1 0 parts/u9401.dat
1 71 -40 -68 49 -1 0 0 0 1 0 0 0 -1 parts/23807.dat
1 71 40 -68 49 -1 0 0 0 1 0 0 0 -1 parts/23807.dat
1 0 46 -56 0 0 0 4 0 2 0 -8 0 0 p/box.dat
