0 BFC CERTIFY CCW
1 16 0 0 0 1 0 0 0 1 0 0 0 1 parts/s/67446s01.dat
1 16 0 0 0 -1 0 0 0 1 0 0 0 -1 parts/s/67446s01.dat
1 16 0 28 0 1 0 0 0 -1 0 0 0 1 p/stud4h.dat
0 BFC INVERTNEXT
1 16 0 30 -8 0 0 -20 -2 0 0 0 -8 0 p/box3u2p.dat
0 BFC INVERTNEXT
1 16 0 30 8 0 0 20 -2 0 0 0 8 0 p/box3u2p.dat
1 16 0 28 0 -8 0 0 0 -1 0 0 0 8 p/4-4ndis.dat
4 16 -8 28 8 -20 28 16 20 28 16 8 28 8
4 16 8 28 -8 20 28 -16 -20 28 -16 -8 28 -8
1 16 0 32 0 40 0 0 0 1 0 0 0 20 p/recte4.dat
4 16 40 32 20 36 32 16 -36 32 16 -40 32 20
4 16 -40 32 -20 -36 32 -16 36 32 -16 40 32 -20
4 16 20 24 20 40 32 20 -40 32 20 -20 24 20
4 16 -20 24 -20 -40 32 -20 40 32 -20 20 24 -20
1 16 0 24 0 20 0 0 0 1 0 0 0 20 p/recte4.dat
1 16 0 24 0 6 0 0 0 1 0 0 0 6 p/4-4ndis.dat
4 16 6 24 -6 20 24 -20 20 24 20 6 24 6
4 16 6 24 6 20 24 20 -20 24 20 -6 24 6
4 16 -6 24 6 -20 24 20 -20 24 -20 -6 24 -6
4 16 -6 24 -6 -20 24 -20 20 24 -20 6 24 -6
1 16 0 24 0 1 0 0 0 1 0 0 0 1 p/stug-2x2.dat
1 16 -30 0 0 1 0 0 0 1 0 0 0 1 p/stug2-2x1.dat
1 16 30 0 0 -1 0 0 0 1 0 0 0 -1 p/stug2-2x1.dat
