0 BFC CERTIFY CCW
1 16 0 10 0 1 0 0 0 -1.5 0 0 0 1 p/stud4a.dat
1 16 0 10 0 1 0 0 0 1 0 0 0 1 p/axl3hol3.dat
1 16 0 10 0 1 0 0 0 1 0 0 0 1 p/axl3hol9.dat
1 16 0 10 0 1 0 0 0 -1 0 0 0 1 p/axl3ho10.dat
1 16 0 0 0 1 0 0 0 10 0 0 0 1 p/axl3hol8.dat
1 16 0 0 0 1 0 0 0 1 0 0 0 1 p/axl3hol2.dat
1 16 0 0 0 1 0 0 0 1 0 0 0 1 p/axl3hol9.dat
1 16 0 0 0 1 0 0 0 1 0 0 0 1 p/axl3ho10.dat
1 16 0 0 0 20 0 0 0 12 0 0 0 20 p/4-4cyli.dat
1 16 -10 0 -10 1 0 0 0 1 0 0 0 1 p/studa.dat
1 16 10 0 -10 1 0 0 0 1 0 0 0 1 p/studa.dat
1 16 -10 0 10 1 0 0 0 1 0 0 0 1 p/studa.dat
1 16 10 0 10 1 0 0 0 1 0 0 0 1 p/studa.dat
1 16 0 0 0 1 0 0 0 1 0 0 0 1 parts/s/67811s01.dat
1 16 0 0 0 -1 0 0 0 1 0 0 0 1 parts/s/67811s01.dat
1 16 0 0 0 1 0 0 0 1 0 0 0 -1 parts/s/67811s01.dat
1 16 0 0 0 -1 0 0 0 1 0 0 0 -1 parts/s/67811s01.dat
0 BFC INVERTNEXT
1 16 0 4 0 16 0 0 0 8 0 0 0 16 p/4-4cyli.dat
1 16 0 4 0 16 0 0 0 8 0 0 0 16 p/4-4edge.dat
1 16 0 4 0 8 0 0 0 6 0 0 0 8 p/4-4cyli.dat
1 16 0 16 0 1.53073 0 -3.69552 0 -1 0 3.69552 0 1.53073 p/1-8ring4.dat
1 16 0 16 0 3.69552 0 1.53073 0 -1 0 -1.53073 0 3.69552 p/1-8ring4.dat
1 16 0 16 0 -1.53073 0 3.69552 0 -1 0 -3.69552 0 -1.53073 p/1-8ring4.dat
1 16 0 16 0 -3.69552 0 -1.53073 0 -1 0 1.53073 0 -3.69552 p/1-8ring4.dat
