0 BFC CERTIFY CCW
1 16 -10 12 -10 1 0 0 0 -1 0 0 0 1 p/1-4stud4.dat
1 16 -3 14 -10 1 0 0 0 0 2 0 -1 0 p/recte3.dat
1 16 -10 14 -3 0 -1 0 0 0 2 -1 0 0 p/recte3.dat
0 BFC INVERTNEXT
1 16 -2 14 -2 0 0 8 0 -2 0 8 0 0 p/box3-3.dat
1 16 0 12 0 0 0 10 0 -4 0 10 0 0 p/box3-7a.dat
1 16 10 20 -10 0 -1 0 -20 0 0 0 0 -20 p/1-4edge.dat
4 16 10 32 -10 6 32 -14 -10 32 -14 -10 32 -10
4 16 -10 32 10 -14 32 6 -26 32 6 -30 32 10
4 16 -10 32 -30 -6 32 -26 6 32 -26 10 32 -30
4 16 10 32 -30 6 32 -26 6 32 -14 10 32 -10
4 16 10 16 -10 6 16 -10 6 16 6 10 16 10
4 16 10 16 10 6 16 6 -10 16 6 -10 16 10
4 16 6 16 -10 10 16 -10 10 32 -10 -10 32 -10
0 BFC INVERTNEXT
1 16 0 4 0 0 0 -10 4 0 0 0 -10 0 p/box2-5.dat
1 16 0 26 -26 6 0 0 0 0 6 0 -1 0 p/rect3.dat
1 16 -2 18.5 -14 0 0 8 13.5 0 0 0 1 0 p/rect3.dat
4 16 6 32 -14 6 32 -26 6 20 -26 6 5 -14
1 16 0 26 -30 0 0 10 6 0 0 0 1 0 p/rect2a.dat
4 16 10 16 -10 10 20 -30 10 32 -30 10 32 -10
3 16 10 20 -30 10 16 -10 10 8 -10
3 16 10 20 -30 10 8 -10 10 0 -10
4 16 -30 20 10 -10 16 10 -10 32 10 -30 32 10
3 16 -10 16 10 -30 20 10 -10 8 10
3 16 -10 8 10 -30 20 10 -10 0 10
1 16 10 20 -10 0 -20 0 -20 0 0 0 0 -20 p/1-4cyli.dat
1 16 10 20 -10 0 -1 0 -20 0 0 0 0 -20 p/1-4chrd.dat
1 16 -10 20 10 -20 0 0 0 0 -20 0 -1 0 p/1-4chrd.dat
1 16 0 8 0 0 0 1 0 1 0 -1 0 0 p/stud.dat
1 16 6 20 -14 0 1 0 -15 0 0 0 0 -12 p/1-4chrd.dat
0 BFC INVERTNEXT
1 16 -10 20 -14 0 16 0 -15 0 0 0 0 -12 p/1-4cyli.dat
1 16 6 20 -14 0 1 0 -15 0 0 0 0 -12 p/1-4edge.dat
1 16 -30 26 0 0 1 0 0 0 6 10 0 0 p/rect2a.dat
1 16 -10 20 -10 0 0 -20 -20 0 0 0 20 0 p/1-4cyli.dat
1 16 -10 20 10 0 0 -20 -20 0 0 0 1 0 p/1-4edge.dat
1 16 -26 26 0 0 -1 0 0 0 6 -6 0 0 p/rect3.dat
4 16 -26 32 6 -14 32 6 -14 5 6 -26 20 6
1 16 -14 18.5 -2 0 1 0 -13.5 0 0 0 0 8 p/rect3.dat
1 16 -14 20 6 0 0 -12 -15 0 0 0 1 0 p/1-4chrd.dat
0 BFC INVERTNEXT
1 16 -14 20 6 0 0 -12 -15 0 0 0 -16 0 p/1-4cyli.dat
1 16 -14 20 6 0 0 -12 -15 0 0 0 -1 0 p/1-4edge.dat
4 16 -10 32 10 -10 16 10 -10 16 6 -10 32 -10
4 16 -10 12 6 -10 12 -10 -10 32 -10 -10 16 6
4 16 -10 32 -10 -10 12 -10 6 12 -10 6 16 -10
4 16 -10 32 -10 -14 32 -10 -14 32 6 -10 32 10
4 16 -30 32 10 -26 32 6 -26 32 -6 -30 32 -10
1 16 -10 20 -10 0 -20 0 -20 0 0 0 0 -20 p/1-8sphe.dat
1 16 -10 5.5 -10 -1 0 0 0 -6.625 0 0 0 -1 p/1-4stud4.dat
1 16 -10 5.994 -10 -8 0 0 0 -1 0 0 0 -8 p/1-4edge.dat
0 BFC INVERTNEXT
1 16 -10 20 -10 0 0 -4 0 -5 0 -4 0 0 p/r04o3000.dat
1 16 -10 32 -10 -4 0 0 0 -27 0 0 0 -4 p/1-4cylc.dat
0 BFC INVERTNEXT
1 16 -10 20 -10 -14.78207 0 6.12294 0 8 0 -6.12294 0 -14.78207 p/1-8cyli.dat
0 BFC INVERTNEXT
1 16 -10 20 -10 -16 0 0 0 12 0 0 0 -16 p/1-16cyli.dat
0 BFC INVERTNEXT
1 16 -10 20 -10 0 0 -16 0 12 0 -16 0 0 p/1-16cyli.dat
1 16 -10 20 -10 -18.47759 0 7.65367 0 8 0 -7.65367 0 -18.47759 p/1-8cyli.dat
1 16 -10 20 -10 -20 0 0 0 12 0 0 0 -20 p/1-16cyli.dat
1 16 -10 20 -10 0 0 -20 0 12 0 -20 0 0 p/1-16cyli.dat
1 16 -10 32 -10 -4 0 0 0 -1 0 0 0 -4 p/1-16rin4.dat
1 16 -10 32 -10 0 0 -4 0 -1 0 -4 0 0 p/1-16rin4.dat
1 16 -10 28 -10 -3.69552 0 1.53073 0 -1 0 -1.53073 0 -3.69552 p/1-8ring4.dat
1 16 -10 32 -10 -20 0 0 0 1 0 0 0 -20 p/1-16edge.dat
1 16 -10 32 -10 -16 0 0 0 1 0 0 0 -16 p/1-16edge.dat
1 16 -10 32 -10 0 0 -20 0 1 0 -20 0 0 p/1-16edge.dat
1 16 -10 32 -10 0 0 -16 0 1 0 -16 0 0 p/1-16edge.dat
1 16 -10 28 -10 -18.47759 0 7.65367 0 1 0 -7.65367 0 -18.47759 p/1-8edge.dat
1 16 -10 28 -10 -14.78207 0 6.12294 0 1 0 -6.12294 0 -14.78207 p/1-8edge.dat
1 16 -16.8886 30 -26.6302 -0.7654 1 0 0 0 -2 -1.8478 0 0 p/rect.dat
1 16 -26.6302 30 -16.8886 1.8478 -1 0 0 0 -2 0.7654 0 0 p/rect.dat
1 16 -8 18.75 -16 0 0 2 -13.25 0 0 0 -1 0 p/rect3.dat
4 16 -8 32 -18 -8 5.9943 -18 -10 5.5 -18 -10 32 -18
4 16 -10 32 -18 -10 32 -16 -6 32 -16 -8 32 -18
4 16 -6 32 -26 -8 32 -26 -8 32 -18 -6 32 -16
3 16 -6 32 -26 -10 32 -30 -8 32 -26
4 16 -6 5.5 -16 -6 6.1415 -18.5924 -6 9.3935 -22.4852 -6 32 -16
3 16 -6 32 -16 -6 9.3935 -22.4852 -6 14.2595 -25.0868
4 16 -6 32 -26 -6 32 -16 -6 14.2595 -25.0868 -6 20 -26
4 16 -8 32 -26 -8 20 -26 -8 14.2595 -25.0868 -8 32 -18
1 16 -9 26 -26 1 0 0 0 0 6 0 -1 0 p/rect2a.dat
3 16 -8 32 -18 -8 14.2595 -25.0868 -8 9.3935 -22.4852
4 16 -8 5.9943 -18 -8 32 -18 -8 9.3935 -22.4852 -8 6.1415 -18.5924
3 16 -8 32 -26 -10 32 -30 -10 32 -26
1 16 -16 18.75 -8 0 -1 0 13.25 0 0 0 0 2 p/rect3.dat
4 16 -18 5.5 -10 -18 5.9943 -8 -18 32 -8 -18 32 -10
4 16 -16 32 -6 -16 32 -10 -18 32 -10 -18 32 -8
3 16 -30 32 -10 -26 32 -6 -26 32 -8
4 16 -18 32 -8 -26 32 -8 -26 32 -6 -16 32 -6
4 16 -16 5.5 -6 -16 32 -6 -22.4852 9.3935 -6 -18.5924 6.1415 -6
3 16 -22.4852 9.3935 -6 -16 32 -6 -25.0868 14.2595 -6
4 16 -26 32 -6 -26 20 -6 -25.0868 14.2595 -6 -16 32 -6
4 16 -25.0868 14.2595 -8 -26 20 -8 -26 32 -8 -18 32 -8
1 16 -26 26 -9 0 -1 0 6 0 0 0 0 1 p/rect2a.dat
4 16 -22.4852 9.3935 -8 -18 32 -8 -18 5.9943 -8 -18.5924 6.1415 -8
3 16 -22.4852 9.3935 -8 -25.0868 14.2595 -8 -18 32 -8
3 16 -30 32 -10 -26 32 -8 -26 32 -10
