0 BFC CERTIFY CCW
1 16 0 0 0 1 0 0 0 1 0 0 0 1 parts/s/6809s01.dat
1 16 0 9.5 0 7.5 0 0 0 1 0 0 0 7.5 p/4-4edge.dat
0 BFC INVERTNEXT
1 16 0 9.5 0 7.5 0 0 0 -3 0 0 0 7.5 p/4-4cyli.dat
1 16 0 9.5 0 1.5 0 0 0 -1 0 0 0 1.5 p/4-4ring5.dat
1 16 0 9.5 0 .5 0 0 0 -1 0 0 0 .5 p/4-4rin18.dat
1 16 0 9.5 0 9.5 0 0 0 -5.5 0 0 0 9.5 p/4-4cylo.dat
0 BFC INVERTNEXT
1 16 0 3.25 0 .5 0 0 0 3.25 0 0 0 .5 p/4-4con15.dat
0 BFC INVERTNEXT
1 16 0 0 0 .5 0 0 0 3.25 0 0 0 .5 p/4-4con16.dat
1 16 0 0 -20 5.757362 0 -5.757362 0 1 0 5.757362 0 5.757362 p/1-4chrd.dat
1 16 -20 0 0 5.757362 0 5.757362 0 1 0 -5.757362 0 5.757362 p/1-4chrd.dat
1 16 0 0 20 -5.757362 0 5.757362 0 1 0 -5.757362 0 -5.757362 p/1-4chrd.dat
4 16 -14.24264 0 -5.75736 -14.24264 0 5.75736 -16 0 16 -16 0 -16
4 16 -5.75736 0 14.24264 5.75736 0 14.24264 16 0 16 -16 0 16
4 16 14.24264 0 5.75736 16 0 6.932 16 0 16 5.75736 0 14.24264
3 16 -5.75736 0 14.24264 -16 0 16 -14.24264 0 5.75736
3 16 -14.24264 0 -5.75736 -16 0 -16 -5.75736 0 -14.24264
4 16 5.75736 0 -14.24264 -5.75736 0 -14.24264 -16 0 -16 16 0 -16
4 16 16 0 -16 16 0 -6.932 14.24264 0 -5.75736 5.75736 0 -14.24264
1 16 -10 -4 -10 -4.24264 0 -4.24264 0 4 0 4.24264 0 -4.24264 p/2-4cylc.dat
1 16 10 -4 -10 -4.24264 0 4.24264 0 4 0 -4.24264 0 -4.24264 p/2-4cylo.dat
1 16 -10 -4 10 4.24264 0 -4.24264 0 4 0 4.24264 0 4.24264 p/2-4cylc.dat
1 16 10 -4 10 4.24264 0 4.24264 0 4 0 -4.24264 0 4.24264 p/2-4cylc.dat
1 16 -20 -4 0 5.757362 0 5.757362 0 1 0 -5.757362 0 5.757362 p/1-4tang.dat
0 BFC INVERTNEXT
1 16 -20 -4 0 5.757362 0 5.757362 0 4 0 -5.757362 0 5.757362 p/1-4cylo.dat
1 16 0 -4 -20 5.757362 0 -5.757362 0 1 0 5.757362 0 5.757362 p/1-4tang.dat
0 BFC INVERTNEXT
1 16 0 -4 -20 5.757362 0 -5.757362 0 4 0 5.757362 0 5.757362 p/1-4cylo.dat
1 16 0 -4 20 -5.757362 0 5.757362 0 1 0 -5.757362 0 -5.757362 p/1-4tang.dat
0 BFC INVERTNEXT
1 16 0 -4 20 -5.757362 0 5.757362 0 4 0 -5.757362 0 -5.757362 p/1-4cylo.dat
1 16 20 -4 0 -5.757362 0 -5.757362 0 1 0 5.757362 0 -5.757362 p/1-4tang.dat
0 BFC INVERTNEXT
1 16 20 -4 0 -5.757362 0 -5.757362 0 4 0 5.757362 0 -5.757362 p/1-4cyli.dat
1 16 20 -4 0 -5.757362 0 -5.757362 0 1 0 5.757362 0 -5.757362 p/1-4edge.dat
0 BFC INVERTNEXT
1 16 0 0 0 8.5 0 0 0 -4 0 0 0 8.5 p/4-4cyli.dat
1 16 0 -4 0 8.5 0 0 0 1 0 0 0 8.5 p/4-4edge.dat
1 16 0 -4 0 8.5 0 0 0 1 0 0 0 8.5 p/4-4ndis.dat
1 16 10 -4 -10 4.24264 0 4.24264 0 1 0 4.24264 0 -4.24264 p/2-4disc.dat
4 16 4.6122 -4 13.0975 8.5 -4 8.5 10 -4 10 5.7574 -4 14.2426
4 16 14.2426 -4 5.7574 10 -4 10 8.5 -4 8.5 13.0975 -4 4.6122
4 16 3.1159 -4 12.4774 1.6195 -4 11.8574 0 -4 8.5 8.5 -4 8.5
4 16 11.8574 -4 1.6195 12.4774 -4 3.1159 8.5 -4 8.5 8.5 -4 0
3 16 4.6122 -4 13.0975 3.1159 -4 12.4774 8.5 -4 8.5
3 16 13.0975 -4 4.6122 8.5 -4 8.5 12.4774 -4 3.1159
3 16 0 -4 11.8579 0 -4 8.5 1.6195 -4 11.8574
3 16 8.5 -4 0 11.8579 -4 0 11.8574 -4 1.6195
4 16 -13.0975 -4 4.6122 -8.5 -4 8.5 -10 -4 10 -14.2426 -4 5.7574
4 16 -5.7574 -4 14.2426 -10 -4 10 -8.5 -4 8.5 -4.6122 -4 13.0975
4 16 -12.4774 -4 3.1159 -11.8574 -4 1.6195 -8.5 -4 0 -8.5 -4 8.5
4 16 -1.6195 -4 11.8574 -3.1159 -4 12.4774 -8.5 -4 8.5 0 -4 8.5
3 16 -13.0975 -4 4.6122 -12.4774 -4 3.1159 -8.5 -4 8.5
3 16 -4.6122 -4 13.0975 -8.5 -4 8.5 -3.1159 -4 12.4774
3 16 -11.8579 -4 0 -8.5 -4 0 -11.8574 -4 1.6195
3 16 0 -4 8.5 0 -4 11.8579 -1.6195 -4 11.8574
4 16 -4.6122 -4 -13.0975 -8.5 -4 -8.5 -10 -4 -10 -5.7574 -4 -14.2426
4 16 -14.2426 -4 -5.7574 -10 -4 -10 -8.5 -4 -8.5 -13.0975 -4 -4.6122
4 16 -3.1159 -4 -12.4774 -1.6195 -4 -11.8574 0 -4 -8.5 -8.5 -4 -8.5
4 16 -11.8574 -4 -1.6195 -12.4774 -4 -3.1159 -8.5 -4 -8.5 -8.5 -4 0
3 16 -4.6122 -4 -13.0975 -3.1159 -4 -12.4774 -8.5 -4 -8.5
3 16 -13.0975 -4 -4.6122 -8.5 -4 -8.5 -12.4774 -4 -3.1159
3 16 0 -4 -11.8579 0 -4 -8.5 -1.6195 -4 -11.8574
3 16 -8.5 -4 0 -11.8579 -4 0 -11.8574 -4 -1.6195
4 16 13.0975 -4 -4.6122 8.5 -4 -8.5 10 -4 -10 14.2426 -4 -5.7574
4 16 5.7574 -4 -14.2426 10 -4 -10 8.5 -4 -8.5 4.6122 -4 -13.0975
4 16 12.4774 -4 -3.1159 11.8574 -4 -1.6195 8.5 -4 0 8.5 -4 -8.5
4 16 1.6195 -4 -11.8574 3.1159 -4 -12.4774 8.5 -4 -8.5 0 -4 -8.5
3 16 13.0975 -4 -4.6122 12.4774 -4 -3.1159 8.5 -4 -8.5
3 16 4.6122 -4 -13.0975 8.5 -4 -8.5 3.1159 -4 -12.4774
3 16 11.8579 -4 0 8.5 -4 0 11.8574 -4 -1.6195
3 16 0 -4 -8.5 0 -4 -11.8579 1.6195 -4 -11.8574
