0 BFC CERTIFY CCW
1 16 -60 0 0 1 0 0 0 1 0 0 0 1 p/stud24.dat
1 16 -20 0 0 1 0 0 0 1 0 0 0 1 p/stud24.dat
1 16 20 0 0 1 0 0 0 1 0 0 0 1 p/stud24.dat
1 16 60 0 0 1 0 0 0 1 0 0 0 1 p/stud24.dat
1 16 0 2 -18 80 0 0 0 0 -2 0 36 0 p/box4o8a.dat
1 16 -78 0 -18 -2 0 0 0 4 0 0 0 -2 p/1-4cylo.dat
1 16 78 0 -18 2 0 0 0 4 0 0 0 -2 p/1-4cylo.dat
1 16 -78 0 18 -2 0 0 0 4 0 0 0 2 p/1-4cylo.dat
1 16 78 0 18 2 0 0 0 4 0 0 0 2 p/1-4cylo.dat
1 16 -78 0 -18 -2 0 0 0 1 0 0 0 -2 p/1-4chrd.dat
1 16 78 0 -18 2 0 0 0 1 0 0 0 -2 p/1-4chrd.dat
1 16 -78 0 18 -2 0 0 0 1 0 0 0 2 p/1-4chrd.dat
1 16 78 0 18 2 0 0 0 1 0 0 0 2 p/1-4chrd.dat
1 16 -78 4 -18 -2 0 0 0 -1 0 0 0 -2 p/1-4chrd.dat
1 16 78 4 -18 2 0 0 0 -1 0 0 0 -2 p/1-4chrd.dat
1 16 -78 4 18 -2 0 0 0 -1 0 0 0 2 p/1-4chrd.dat
1 16 78 4 18 2 0 0 0 -1 0 0 0 2 p/1-4chrd.dat
1 16 0 2 -20 78 0 0 0 0 2 0 1 0 p/rect2p.dat
1 16 0 2 20 78 0 0 0 0 2 0 -1 0 p/rect2p.dat
4 16 -80 0 -18 -78 0 -20 78 0 -20 80 0 -18
4 16 -80 0 18 80 0 18 78 0 20 -78 0 20
4 16 78 4 -20 -78 4 -20 -80 4 -18 80 4 -18
4 16 78 4 20 80 4 18 -80 4 18 -78 4 20
1 16 -60 36 0 1 0 0 0 -1 0 0 0 1 p/stud4a.dat
1 16 -60 4 0 1 0 0 0 32 0 0 0 1 parts/s/6941s01.dat
1 16 60 36 0 1 0 0 0 -1 0 0 0 1 p/stud4a.dat
1 16 60 4 0 1 0 0 0 32 0 0 0 1 parts/s/6941s01.dat
1 16 0 4 4.5 54.2 0 0 0 8 0 0 0 1.5 p/box3u8p.dat
1 16 0 4 -4.5 54.2 0 0 0 8 0 0 0 1.5 p/box3u8p.dat
