0 BFC CERTIFY CCW
1 16 0 0 0 1 0 0 0 1 0 0 0 1 parts/s/69761s01.dat
1 16 0 0 0 -.5 -.86603 0 .86603 -.5 0 0 0 1 parts/s/69761s01.dat
1 16 0 0 0 -.5 .86603 0 -.86603 -.5 0 0 0 1 parts/s/69761s01.dat
1 16 0 0 10 32.8 0 0 0 0 32.8 0 -1 0 p/48/4-4edge.dat
1 16 0 0 8 29.15 0 0 0 0 29.15 0 -1 0 p/48/4-4edge.dat
1 16 0 0 8 2.65 0 0 0 0 2.65 0 -1 0 p/48/4-4rin10.dat
0 BFC INVERTNEXT
1 16 0 0 10 3.64375 0 0 0 0 3.64375 0 -2 0 p/48/4-4con8.dat
0 BFC INVERTNEXT
1 16 0 0 8 26.5 0 0 0 0 26.5 0 -18 0 p/48/4-4cyli.dat
1 16 0 0 8 3.45895 0 -26.27329 26.27329 0 3.45895 0 1 0 p/48/1-24edge.dat
1 16 0 0 -10 26.5 0 0 0 0 26.5 0 1 0 p/48/4-4edge.dat
1 16 0 0 0 1 0 0 0 0 1 0 1 0 p/peghole.dat
1 16 0 0 10 1 0 0 0 0 1 0 -1 0 p/peghole.dat
0 BFC INVERTNEXT
1 16 0 0 2 6 0 0 0 0 6 0 6 0 p/4-4cyli.dat
1 16 0 0 0 4 0 0 0 0 4 0 1 0 p/4-4ring2.dat
1 16 0 0 10 1 0 0 0 0 1 0 -1 0 p/4-4ring8.dat
1 16 0 0 10 9 0 0 0 0 9 0 -6 0 p/4-4cylo.dat
1 16 0 0 4 3 0 0 0 0 3 0 -1 0 p/4-4ring3.dat
1 16 0 0 2 2 0 0 0 0 2 0 2 0 p/4-4con6.dat
1 16 0 0 2 14 0 0 0 0 14 0 1 0 p/4-4edge.dat
0 BFC INVERTNEXT
1 16 0 0 0 12 0 0 0 0 12 0 -3 0 p/4-4cylo.dat
1 16 0 0 -3 12 0 0 0 0 12 0 1 0 p/4-4ndis.dat
4 16 12 12 -3 -12 12 -3 -10.094 17.4834 -3 10.094 17.4834 -3
4 16 -12 -12 -3 12 -12 -3 10.094 -17.4834 -3 -10.094 -17.4834 -3
3 16 -10.094 17.4834 -3 -12 12 -3 -20.188 0 -3
3 16 -20.188 0 -3 -12 -12 -3 -10.094 -17.4834 -3
3 16 -12 12 -3 -12 -12 -3 -20.188 0 -3
3 16 12 12 -3 10.094 17.4834 -3 20.188 0 -3
3 16 12 -12 -3 20.188 0 -3 10.094 -17.4834 -3
3 16 12 -12 -3 12 12 -3 20.188 0 -3
1 16 0 0 -10 26.5 0 0 0 0 26.5 0 1 0 p/48/1-4tang.dat
4 16 28.53439 5.85334 -10 29.02752 2.42277 -10 26.5 0 -10 26.5 5.27085 -10
4 16 27.16923 10.50238 -10 28.53439 5.85334 -10 26.5 5.27085 -10 24.48335 10.14155 -10
4 16 25.72939 13.65559 -10 27.16923 10.50238 -10 24.48335 10.14155 -10 22.4667 15.01225 -10
3 16 25.72939 13.65559 -10 22.4667 15.01225 -10 23.1097 17.73169 -10
4 16 20.84007 20.35111 -10 23.1097 17.73169 -10 22.4667 15.01225 -10 18.73815 18.73815 -10
4 16 17.17811 23.5241 -10 20.84007 20.35111 -10 18.73815 18.73815 -10 15.01225 22.4667 -10
3 16 17.17811 23.5241 -10 15.01225 22.4667 -10 14.26229 25.39799 -10
4 16 14.26229 25.39799 -10 15.01225 22.4667 -10 10.14155 24.48335 -10 9.85469 27.41086 -10
4 16 6.52904 28.38736 -10 9.85469 27.41086 -10 10.14155 24.48335 -10 5.27085 26.5 -10
4 16 6.52904 28.38736 -10 5.27085 26.5 -10 0 26.5 -10 1.73302 29.07681 -10
3 16 1.73302 29.07681 -10 0 26.5 -10 -1.73303 29.07702 -10
1 16 0 0 -10 0 0 -26.5 26.5 0 0 0 1 0 p/48/1-4tang.dat
4 16 -6.52904 28.38736 -10 -1.73303 29.07702 -10 0 26.5 -10 -5.27085 26.5 -10
4 16 -6.52904 28.38736 -10 -5.27085 26.5 -10 -10.14155 24.48335 -10 -9.85469 27.41086 -10
4 16 -9.85469 27.41086 -10 -10.14155 24.48335 -10 -15.01225 22.4667 -10 -14.26229 25.39799 -10
3 16 -14.26229 25.39799 -10 -15.01225 22.4667 -10 -17.17811 23.5241 -10
4 16 -17.17811 23.5241 -10 -15.01225 22.4667 -10 -18.73815 18.73815 -10 -20.84007 20.35111 -10
4 16 -23.10985 17.73164 -10 -20.84007 20.35111 -10 -18.73815 18.73815 -10 -22.4667 15.01225 -10
3 16 -25.72939 13.65559 -10 -23.10985 17.73164 -10 -22.4667 15.01225 -10
4 16 -27.16927 10.50276 -10 -25.72939 13.65559 -10 -22.4667 15.01225 -10 -24.48335 10.14155 -10
4 16 -28.53439 5.85334 -10 -27.16927 10.50276 -10 -24.48335 10.14155 -10 -26.5 5.27085 -10
4 16 -29.02764 2.42256 -10 -28.53439 5.85334 -10 -26.5 5.27085 -10 -26.5 0 -10
3 16 -29.02764 2.42256 -10 -26.5 0 -10 -29.02764 -2.42256 -10
1 16 0 0 -10 -26.5 0 0 0 0 -26.5 0 1 0 p/48/1-4tang.dat
4 16 -28.53439 -5.85334 -10 -29.02752 -2.42277 -10 -26.5 0 -10 -26.5 -5.27085 -10
4 16 -27.16923 -10.50238 -10 -28.53439 -5.85334 -10 -26.5 -5.27085 -10 -24.48335 -10.14155 -10
4 16 -25.72939 -13.65559 -10 -27.16923 -10.50238 -10 -24.48335 -10.14155 -10 -22.4667 -15.01225 -10
3 16 -25.72939 -13.65559 -10 -22.4667 -15.01225 -10 -23.1097 -17.73169 -10
4 16 -20.84007 -20.35111 -10 -23.1097 -17.73169 -10 -22.4667 -15.01225 -10 -18.73815 -18.73815 -10
4 16 -17.17811 -23.5241 -10 -20.84007 -20.35111 -10 -18.73815 -18.73815 -10 -15.01225 -22.4667 -10
3 16 -17.17811 -23.5241 -10 -15.01225 -22.4667 -10 -14.26229 -25.39799 -10
4 16 -14.26229 -25.39799 -10 -15.01225 -22.4667 -10 -10.14155 -24.48335 -10 -9.85469 -27.41086 -10
4 16 -6.52904 -28.38736 -10 -9.85469 -27.41086 -10 -10.14155 -24.48335 -10 -5.27085 -26.5 -10
4 16 -6.52904 -28.38736 -10 -5.27085 -26.5 -10 0 -26.5 -10 -1.73302 -29.07681 -10
3 16 -1.73302 -29.07681 -10 0 -26.5 -10 1.73303 -29.07702 -10
1 16 0 0 -10 0 0 26.5 -26.5 0 0 0 1 0 p/48/1-4tang.dat
4 16 6.52904 -28.38736 -10 1.73303 -29.07702 -10 0 -26.5 -10 5.27085 -26.5 -10
4 16 6.52904 -28.38736 -10 5.27085 -26.5 -10 10.14155 -24.48335 -10 9.85469 -27.41086 -10
4 16 9.85469 -27.41086 -10 10.14155 -24.48335 -10 15.01225 -22.4667 -10 14.26229 -25.39799 -10
3 16 14.26229 -25.39799 -10 15.01225 -22.4667 -10 17.17811 -23.5241 -10
4 16 17.17811 -23.5241 -10 15.01225 -22.4667 -10 18.73815 -18.73815 -10 20.84007 -20.35111 -10
4 16 23.10985 -17.73164 -10 20.84007 -20.35111 -10 18.73815 -18.73815 -10 22.4667 -15.01225 -10
3 16 25.72939 -13.65559 -10 23.10985 -17.73164 -10 22.4667 -15.01225 -10
4 16 27.16927 -10.50276 -10 25.72939 -13.65559 -10 22.4667 -15.01225 -10 24.48335 -10.14155 -10
4 16 28.53439 -5.85334 -10 27.16927 -10.50276 -10 24.48335 -10.14155 -10 26.5 -5.27085 -10
4 16 29.02764 -2.42256 -10 28.53439 -5.85334 -10 26.5 -5.27085 -10 26.5 0 -10
3 16 29.02764 -2.42256 -10 26.5 0 -10 29.02764 2.42256 -10
1 16 0 0 10 32.8 0 0 0 0 32.8 0 -1 0 p/48/1-4tang.dat
4 16 2.925 40.895 10 0 32.794 10 6.524 32.8 10 8.715 40.063 10
4 16 14.328 38.415 10 8.715 40.063 10 6.524 32.8 10 12.55 30.298 10
4 16 19.649 35.985 10 14.328 38.415 10 12.55 30.298 10 18.581 27.808 10
3 16 19.649 35.985 10 18.581 27.808 10 24.57 32.822 10
4 16 28.991 28.991 10 24.57 32.822 10 18.581 27.808 10 23.188 23.188 10
4 16 32.822 24.571 10 28.991 28.991 10 23.188 23.188 10 27.808 18.581 10
3 16 32.822 24.571 10 27.808 18.581 10 35.985 19.649 10
4 16 38.415 14.328 10 35.985 19.649 10 27.808 18.581 10 30.298 12.55 10
4 16 40.063 8.715 10 38.415 14.328 10 30.298 12.55 10 32.8 6.524 10
4 16 40.895 2.925 10 40.063 8.715 10 32.8 6.524 10 32.794 0 10
3 16 40.895 2.925 10 32.794 0 10 40.895 -2.925 10
1 16 0 0 10 0 0 -32.8 32.8 0 0 0 -1 0 p/48/1-4tang.dat
4 16 -40.895 2.925 10 -32.794 0 10 -32.8 6.524 10 -40.063 8.715 10
4 16 -38.415 14.328 10 -40.063 8.715 10 -32.8 6.524 10 -30.298 12.55 10
4 16 -35.985 19.649 10 -38.415 14.328 10 -30.298 12.55 10 -27.808 18.581 10
3 16 -35.985 19.649 10 -27.808 18.581 10 -32.822 24.57 10
4 16 -28.991 28.991 10 -32.822 24.57 10 -27.808 18.581 10 -23.188 23.188 10
4 16 -24.571 32.822 10 -28.991 28.991 10 -23.188 23.188 10 -18.581 27.808 10
3 16 -24.571 32.822 10 -18.581 27.808 10 -19.649 35.985 10
4 16 -14.328 38.415 10 -19.649 35.985 10 -18.581 27.808 10 -12.55 30.298 10
4 16 -8.715 40.063 10 -14.328 38.415 10 -12.55 30.298 10 -6.524 32.8 10
4 16 -2.925 40.895 10 -8.715 40.063 10 -6.524 32.8 10 0 32.794 10
3 16 -2.925 40.895 10 0 32.794 10 2.925 40.895 10
1 16 0 0 10 -32.8 0 0 0 0 -32.8 0 -1 0 p/48/1-4tang.dat
4 16 -2.925 -40.895 10 0 -32.794 10 -6.524 -32.8 10 -8.715 -40.063 10
4 16 -14.328 -38.415 10 -8.715 -40.063 10 -6.524 -32.8 10 -12.55 -30.298 10
4 16 -19.649 -35.985 10 -14.328 -38.415 10 -12.55 -30.298 10 -18.581 -27.808 10
3 16 -19.649 -35.985 10 -18.581 -27.808 10 -24.57 -32.822 10
4 16 -28.991 -28.991 10 -24.57 -32.822 10 -18.581 -27.808 10 -23.188 -23.188 10
4 16 -32.822 -24.571 10 -28.991 -28.991 10 -23.188 -23.188 10 -27.808 -18.581 10
3 16 -32.822 -24.571 10 -27.808 -18.581 10 -35.985 -19.649 10
4 16 -38.415 -14.328 10 -35.985 -19.649 10 -27.808 -18.581 10 -30.298 -12.55 10
4 16 -40.063 -8.715 10 -38.415 -14.328 10 -30.298 -12.55 10 -32.8 -6.524 10
4 16 -40.895 -2.925 10 -40.063 -8.715 10 -32.8 -6.524 10 -32.794 0 10
3 16 -40.895 -2.925 10 -32.794 0 10 -40.895 2.925 10
1 16 0 0 10 0 0 32.8 -32.8 0 0 0 -1 0 p/48/1-4tang.dat
4 16 40.895 -2.925 10 32.794 0 10 32.8 -6.524 10 40.063 -8.715 10
4 16 38.415 -14.328 10 40.063 -8.715 10 32.8 -6.524 10 30.298 -12.55 10
4 16 35.985 -19.649 10 38.415 -14.328 10 30.298 -12.55 10 27.808 -18.581 10
3 16 35.985 -19.649 10 27.808 -18.581 10 32.822 -24.57 10
4 16 28.991 -28.991 10 32.822 -24.57 10 27.808 -18.581 10 23.188 -23.188 10
4 16 24.571 -32.822 10 28.991 -28.991 10 23.188 -23.188 10 18.581 -27.808 10
3 16 24.571 -32.822 10 18.581 -27.808 10 19.649 -35.985 10
4 16 14.328 -38.415 10 19.649 -35.985 10 18.581 -27.808 10 12.55 -30.298 10
4 16 8.715 -40.063 10 14.328 -38.415 10 12.55 -30.298 10 6.524 -32.8 10
4 16 2.925 -40.895 10 8.715 -40.063 10 6.524 -32.8 10 0 -32.794 10
3 16 2.925 -40.895 10 0 -32.794 10 -2.925 -40.895 10
1 16 0 0 0 1 0 0 0 1 0 0 0 1 parts/s/69761s02.dat
1 16 0 0 0 .95949 -.28173 0 .28173 .95949 0 0 0 1 parts/s/69761s02.dat
1 16 0 0 0 .84125 -.54064 0 .54064 .84125 0 0 0 1 parts/s/69761s02.dat
1 16 0 0 0 .65486 -.75575 0 .75575 .65486 0 0 0 1 parts/s/69761s02.dat
1 16 0 0 0 .41542 -.90963 0 .90963 .41542 0 0 0 1 parts/s/69761s02.dat
1 16 0 0 0 .14231 -.98982 0 .98982 .14231 0 0 0 1 parts/s/69761s02.dat
1 16 0 0 0 -.14231 -.98982 0 .98982 -.14231 0 0 0 1 parts/s/69761s02.dat
1 16 0 0 0 -.41542 -.90963 0 .90963 -.41542 0 0 0 1 parts/s/69761s02.dat
1 16 0 0 0 -.65486 -.75575 0 .75575 -.65486 0 0 0 1 parts/s/69761s02.dat
1 16 0 0 0 -.84125 -.54064 0 .54064 -.84125 0 0 0 1 parts/s/69761s02.dat
1 16 0 0 0 -.95949 -.28173 0 .28173 -.95949 0 0 0 1 parts/s/69761s02.dat
1 16 0 0 0 -1 0 0 0 -1 0 0 0 1 parts/s/69761s02.dat
1 16 0 0 0 -.95949 .28173 0 -.28173 -.95949 0 0 0 1 parts/s/69761s02.dat
1 16 0 0 0 -.84125 .54064 0 -.54064 -.84125 0 0 0 1 parts/s/69761s02.dat
1 16 0 0 0 -.65486 .75575 0 -.75575 -.65486 0 0 0 1 parts/s/69761s02.dat
1 16 0 0 0 -.41542 .90963 0 -.90963 -.41542 0 0 0 1 parts/s/69761s02.dat
1 16 0 0 0 -.14231 .98982 0 -.98982 -.14231 0 0 0 1 parts/s/69761s02.dat
1 16 0 0 0 .14231 .98982 0 -.98982 .14231 0 0 0 1 parts/s/69761s02.dat
1 16 0 0 0 .41542 .90963 0 -.90963 .41542 0 0 0 1 parts/s/69761s02.dat
1 16 0 0 0 .65486 .75575 0 -.75575 .65486 0 0 0 1 parts/s/69761s02.dat
1 16 0 0 0 .84125 .54064 0 -.54064 .84125 0 0 0 1 parts/s/69761s02.dat
1 16 0 0 0 .95949 .28173 0 -.28173 .95949 0 0 0 1 parts/s/69761s02.dat
