0 BFC CERTIFY CCW
1 16 0 0 0 1 0 0 0 1 0 0 0 1 parts/s/69910s01.dat
1 16 0 0 0 -1 0 0 0 1 0 0 0 1 parts/s/69910s01.dat
1 16 0 -9 -34 8 0 0 0 -1 0 0 0 -3 p/rect3.dat
0 BFC INVERTNEXT
1 16 -8 -2.506 -31 0 16 0 -6.494 0 0 0 0 6.494 p/3-16cylo.dat
0 BFC INVERTNEXT
1 16 -6 -4.376 -19 0 12 0 -1.624 0 0 0 0 -5.4 p/3-16cylo.dat
1 16 0 -6 -15 6 0 0 0 -1 0 0 0 4 p/rect3.dat
4 16 -8 -4.9913 -25.0002 -6 -4.9975 -23.9891 6 -4.9975 -23.9891 8 -4.9913 -25.0002
4 16 -14 -14 -11 14 -14 -11 6 -6 -11 -6 -6 -11
4 16 8.6863 -14 -17 14 -14 -11 -14 -14 -11 -8.6863 -14 -17
4 16 8.6863 -14 -17 -8.6863 -14 -17 -12 -14 -28 12 -14 -28
4 16 -14 -10 -37 -8 -9 -37 8 -9 -37 14 -10 -37
1 16 0 -12 -28 12 0 0 0 0 -2 0 1 0 p/rect2p.dat
4 16 12 -10 -37 12 -10 -28 -12 -10 -28 -12 -10 -37
1 16 -14 0 0 0 28 0 4 0 0 0 0 4 p/4-4cylo.dat
