0 BFC CERTIFY CCW
1 16 0 0 -33 0 0 1 1 0 0 0 1 0 p/wpin.dat
1 16 0 0 33 0 0 1 1 0 0 0 -1 0 p/wpin.dat
1 16 0 0 -32.5 0 0 4 4 0 0 0 1 0 p/4-4edge.dat
1 16 0 0 32.5 0 0 4 4 0 0 0 -1 0 p/4-4edge.dat
1 16 0 0 -32.5 0 0 4 4 0 0 0 -.5 0 p/4-4cyli.dat
1 16 0 0 32.5 0 0 4 4 0 0 0 .5 0 p/4-4cyli.dat
0 BFC INVERTNEXT
1 16 0 4 0 0 0 4 0 -8 0 -4 0 0 p/2-4cylo.dat
1 16 0 -4 0 0 0 4 0 1 0 -4 0 0 p/2-4ndis.dat
1 16 0 4 0 0 0 4 0 -1 0 -4 0 0 p/2-4ndis.dat
3 16 -5.6 -4 -8.1 -6.7481 -4 -5.3283 -7.7213 -4 -5.9787
4 16 -5.6 -4 -8.1 -7.7213 -4 -5.9787 -8.3717 -4 -6.9519 -8.6 -4 -8.1
4 16 7 -4 0 4 -4 0 4 -4 -4 6.4673 -4 -2.6789
4 16 2.6789 -4 -6.4673 4.9497 -4 -4.9497 6.4673 -4 -2.6789 4 -4 -4
3 16 2.6789 -4 -6.4673 4 -4 -4 0 -4 -4
4 16 2.6789 -4 -6.4673 0 -4 -4 -6.7481 -4 -5.3283 -5.6 -4 -8.1
1 16 -6.3 -4 -14.5601 .8 0 1.5 0 1 0 -6.4601 0 0 p/rect2p.dat
4 16 -4 -4 -29.5 -4 -4 -21.0202 -7 -4 -21.0202 -7 -4 -31
4 16 -5.5 -4 -32.5 4 -4 -29.5 -4 -4 -29.5 -6.566 -4 -32.066
4 16 4 -4 -12.1245 4 -4 -29.5 7.0061 -4 -12.905 5.4328 -4 -10.3119
4 16 7.148 -4 -7.1029 5.4328 -4 -10.3119 7.7885 -4 -11.95175 9.7762 -4 -8.23305
4 16 8.2042 -4 -3.621 7.148 -4 -7.1029 9.7762 -4 -8.23305 11 -4 -4.19795
4 16 8.5 -4 0 8.2042 -4 -3.621 11 -4 -4.19795 11.5 -4 0
3 16 7.7885 -4 -11.95175 5.4328 -4 -10.3119 7.0061 -4 -12.905
4 16 4 -4 -29.5 6.566 -4 -32.0778 7.0005 -4 -31 7.0061 -4 -12.905
4 16 5.5 -4 -32.5 6.566 -4 -32.0778 4 -4 -29.5 -5.5 -4 -32.5
3 16 -4 -4 -29.5 -7 -4 -31 -6.566 -4 -32.066
4 16 8.5 -2 0 7 -2 0 6.4673 -2 -2.6789 8.2042 -2 -3.621
4 16 8.2042 -2 -3.621 6.4673 -2 -2.6789 4.9497 -2 -4.9497 7.148 -2 -7.1029
4 16 7.148 -2 -7.1029 4.9497 -2 -4.9497 2.6789 -2 -6.4673 5.4328 -2 -10.3119
3 16 4 -2 -12.1245 5.4328 -2 -10.3119 2.6789 -2 -6.4673
4 16 4 -2 -12.1245 2.6789 -2 -6.4673 -5.6 -2 -8.1 -4 -2 -21.0202
4 16 4 -2 -29.5 4 -2 -12.1245 -4 -2 -21.0202 -4 -2 -29.5
4 16 0 -2 -4 -1.5308 -2 -3.6956 -2.5 -2 -3.7 -3.5 -2 -4
3 16 0 -2 -4 -3.5 -2 -4 -4.3 -2 -4.5
3 16 0 -2 -4 -4.3 -2 -4.5 -6.7481 -2 -5.3283
4 16 -6.7481 -2 -5.3283 -4.3 -2 -4.5 -5.3 -2 -4.3 -6.4 -2 -4.2
3 16 -6.7481 -2 -5.3283 -6.4 -2 -4.2 -7.2 -2 -4.5
4 16 -6.7481 -2 -5.3283 -7.2 -2 -4.5 -8 -2 -5.1 -7.7213 -2 -5.9787
4 16 -7.7213 -2 -5.9787 -8 -2 -5.1 -8.5 -2 -6 -8.3717 -2 -6.9519
4 16 -8.3717 -2 -6.9519 -8.5 -2 -6 -8.7 -2 -7 -8.6 -2 -8.1
1 16 -3.3741 -3 -4.6642 3.37405 0 0 0 0 1 .66415 -1 0 p/rect2p.dat
1 16 -7.2347 -3 -5.6535 .4866 0 0 0 0 1 .3252 -1 0 p/rect2p.dat
1 16 -8.0465 -3 -6.4653 .3252 0 0 0 0 1 .4866 -1 0 p/rect2p.dat
1 16 -8.4859 -3 -7.526 .11415 0 0 0 0 1 .57405 -1 0 p/rect2p.dat
1 16 6.2904 -3 -8.7074 .8576 0 0 0 0 1 1.6045 -1 0 p/rect2p.dat
1 16 4.7164 -3 -11.2182 0 0 -.7164 1 0 0 0 -1 -.9063 p/rect3.dat
1 16 4 -3 -20.8123 0 1 0 0 0 1 8.68775 0 0 p/rect2p.dat
1 16 0 -3 -29.5 0 0 4 -1 0 0 0 -1 0 p/rect.dat
1 16 -4 -3 -25.2601 0 -1 0 0 0 1 -4.2399 0 0 p/rect2p.dat
4 16 -5.6 -4 -8.1 -4 -4 -21.0202 -4 -2 -21.0202 -5.6 -2 -8.1
1 16 -1.4606 -3 -7.2837 -4.13945 0 0 0 0 1 -.81635 1 0 p/rect2p.dat
1 16 3.8143 -3 -5.7085 -1.1354 0 0 0 0 1 -.7588 1 0 p/rect2p.dat
1 16 5.7085 -3 -3.8143 -.7588 0 0 0 0 1 -1.1354 1 0 p/rect2p.dat
1 16 6.7337 -3 -1.3395 -.26635 0 0 0 0 1 -1.33945 1 0 p/rect2p.dat
1 16 8.3521 -3 -1.8105 .1479 0 0 0 0 1 1.8105 -1 0 p/rect2p.dat
1 16 7.6761 -3 -5.362 .5281 0 0 0 0 1 1.74095 -1 0 p/rect2p.dat
3 16 -6.7481 -4 5.3283 -5.6 -4 8.1 -7.7213 -4 5.9787
4 16 -8.3717 -4 6.9519 -7.7213 -4 5.9787 -5.6 -4 8.1 -8.6 -4 8.1
4 16 4 -4 4 4 -4 0 7 -4 0 6.4673 -4 2.6789
4 16 2.6789 -4 6.4673 4 -4 4 6.4673 -4 2.6789 4.9497 -4 4.9497
3 16 2.6789 -4 6.4673 0 -4 4 4 -4 4
4 16 -6.7481 -4 5.3283 0 -4 4 2.6789 -4 6.4673 -5.6 -4 8.1
1 16 -6.3 -4 14.5601 -.8 0 1.5 0 1 0 -6.4601 0 0 p/rect2p.dat
4 16 -7 -4 21.0202 -4 -4 21.0202 -4 -4 29.5 -7 -4 31
4 16 -4 -4 29.5 4 -4 29.5 -5.5 -4 32.5 -6.566 -4 32.066
4 16 7.0061 -4 12.905 4 -4 29.5 4 -4 12.1245 5.4328 -4 10.3119
4 16 7.7885 -4 11.95175 5.4328 -4 10.3119 7.148 -4 7.1029 9.7762 -4 8.23305
4 16 9.7762 -4 8.23305 7.148 -4 7.1029 8.2042 -4 3.621 11 -4 4.19795
4 16 11 -4 4.19795 8.2042 -4 3.621 8.5 -4 0 11.5 -4 0
3 16 5.4328 -4 10.3119 7.7885 -4 11.95175 7.0061 -4 12.905
4 16 7.0005 -4 31 6.566 -4 32.0778 4 -4 29.5 7.0061 -4 12.905
4 16 4 -4 29.5 6.566 -4 32.0778 5.5 -4 32.5 -5.5 -4 32.5
3 16 -7 -4 31 -4 -4 29.5 -6.566 -4 32.066
4 16 6.4673 -2 2.6789 7 -2 0 8.5 -2 0 8.2042 -2 3.621
4 16 4.9497 -2 4.9497 6.4673 -2 2.6789 8.2042 -2 3.621 7.148 -2 7.1029
4 16 2.6789 -2 6.4673 4.9497 -2 4.9497 7.148 -2 7.1029 5.4328 -2 10.3119
3 16 5.4328 -2 10.3119 4 -2 12.1245 2.6789 -2 6.4673
4 16 -5.6 -2 8.1 2.6789 -2 6.4673 4 -2 12.1245 -4 -2 21.0202
4 16 -4 -2 21.0202 4 -2 12.1245 4 -2 29.5 -4 -2 29.5
4 16 -2.5 -2 3.7 -1.5308 -2 3.6956 0 -2 4 -3.5 -2 4
3 16 -3.5 -2 4 0 -2 4 -4.3 -2 4.5
3 16 -4.3 -2 4.5 0 -2 4 -6.7481 -2 5.3283
4 16 -5.3 -2 4.3 -4.3 -2 4.5 -6.7481 -2 5.3283 -6.4 -2 4.2
3 16 -6.4 -2 4.2 -6.7481 -2 5.3283 -7.2 -2 4.5
4 16 -8 -2 5.1 -7.2 -2 4.5 -6.7481 -2 5.3283 -7.7213 -2 5.9787
4 16 -8.5 -2 6 -8 -2 5.1 -7.7213 -2 5.9787 -8.3717 -2 6.9519
4 16 -8.7 -2 7 -8.5 -2 6 -8.3717 -2 6.9519 -8.6 -2 8.1
1 16 -3.3741 -3 4.6642 -3.37405 0 0 0 0 1 .66415 1 0 p/rect2p.dat
1 16 -7.2347 -3 5.6535 -.4866 0 0 0 0 1 .3252 1 0 p/rect2p.dat
1 16 -8.0465 -3 6.4653 -.3252 0 0 0 0 1 .4866 1 0 p/rect2p.dat
1 16 -8.4859 -3 7.526 -.11415 0 0 0 0 1 .57405 1 0 p/rect2p.dat
1 16 6.2904 -3 8.7074 -.8576 0 0 0 0 1 1.6045 1 0 p/rect2p.dat
1 16 4.7164 -3 11.2182 -.7164 0 0 0 0 1 .9063 1 0 p/rect2p.dat
1 16 4 -3 20.8123 0 1 0 0 0 1 8.68775 0 0 p/rect.dat
1 16 0 -3 29.5 -4 0 0 0 0 1 0 1 0 p/rect2p.dat
4 16 -4 -4 29.5 -4 -4 21.0202 -4 -2 21.0202 -4 -2 29.5
4 16 -4 -4 21.0202 -5.6 -4 8.1 -5.6 -2 8.1 -4 -2 21.0202
1 16 -1.4606 -3 7.2837 0 0 -4.13945 1 0 0 0 -1 .81635 p/rect3.dat
1 16 3.8143 -3 5.7085 1.1354 0 0 0 0 1 -.7588 -1 0 p/rect2p.dat
1 16 5.7085 -3 3.8143 .7588 0 0 0 0 1 -1.1354 -1 0 p/rect2p.dat
1 16 6.7337 -3 1.3395 .26635 0 0 0 0 1 -1.33945 -1 0 p/rect2p.dat
1 16 8.3521 -3 1.8105 -.1479 0 0 0 0 1 1.8105 1 0 p/rect2p.dat
1 16 7.6761 -3 5.362 -.5281 0 0 0 0 1 1.74095 1 0 p/rect2p.dat
3 16 -6.7481 4 -5.3283 -5.6 4 -8.1 -7.7213 4 -5.9787
4 16 -8.3717 4 -6.9519 -7.7213 4 -5.9787 -5.6 4 -8.1 -8.6 4 -8.1
4 16 4 4 -4 4 4 0 7 4 0 6.4673 4 -2.6789
4 16 2.6789 4 -6.4673 4 4 -4 6.4673 4 -2.6789 4.9497 4 -4.9497
3 16 4 4 -4 2.6789 4 -6.4673 0 4 -4
4 16 -6.7481 4 -5.3283 0 4 -4 2.6789 4 -6.4673 -5.6 4 -8.1
1 16 -6.3 4 -14.5601 -.8 0 1.5 0 -1 0 6.4601 0 0 p/rect2p.dat
4 16 -7 4 -21.0202 -4 4 -21.0202 -4 4 -29.5 -7 4 -31
4 16 -4 4 -29.5 4 4 -29.5 -5.5 4 -32.5 -6.566 4 -32.066
4 16 7.0061 4 -12.905 4 4 -29.5 4 4 -12.1245 5.4328 4 -10.3119
4 16 7.7885 4 -11.95175 5.4328 4 -10.3119 7.148 4 -7.1029 9.7762 4 -8.23305
4 16 9.7762 4 -8.23305 7.148 4 -7.1029 8.2042 4 -3.621 11 4 -4.19795
4 16 11 4 -4.19795 8.2042 4 -3.621 8.5 4 0 11.5 4 0
3 16 5.4328 4 -10.3119 7.7885 4 -11.95175 7.0061 4 -12.905
4 16 7.0005 4 -31 6.566 4 -32.0778 4 4 -29.5 7.0061 4 -12.905
4 16 4 4 -29.5 6.566 4 -32.0778 5.5 4 -32.5 -5.5 4 -32.5
3 16 -7 4 -31 -4 4 -29.5 -6.566 4 -32.066
4 16 6.4673 2 -2.6789 7 2 0 8.5 2 0 8.2042 2 -3.621
4 16 4.9497 2 -4.9497 6.4673 2 -2.6789 8.2042 2 -3.621 7.148 2 -7.1029
4 16 2.6789 2 -6.4673 4.9497 2 -4.9497 7.148 2 -7.1029 5.4328 2 -10.3119
3 16 5.4328 2 -10.3119 4 2 -12.1245 2.6789 2 -6.4673
4 16 -5.6 2 -8.1 2.6789 2 -6.4673 4 2 -12.1245 -4 2 -21.0202
4 16 -4 2 -21.0202 4 2 -12.1245 4 2 -29.5 -4 2 -29.5
4 16 -2.5 2 -3.7 -1.5308 2 -3.6956 0 2 -4 -3.5 2 -4
3 16 -3.5 2 -4 0 2 -4 -4.3 2 -4.5
3 16 -4.3 2 -4.5 0 2 -4 -6.7481 2 -5.3283
4 16 -5.3 2 -4.3 -4.3 2 -4.5 -6.7481 2 -5.3283 -6.4 2 -4.2
3 16 -6.4 2 -4.2 -6.7481 2 -5.3283 -7.2 2 -4.5
4 16 -8 2 -5.1 -7.2 2 -4.5 -6.7481 2 -5.3283 -7.7213 2 -5.9787
4 16 -8.5 2 -6 -8 2 -5.1 -7.7213 2 -5.9787 -8.3717 2 -6.9519
4 16 -8.7 2 -7 -8.5 2 -6 -8.3717 2 -6.9519 -8.6 2 -8.1
1 16 -3.3741 3 -4.6642 -3.37405 0 0 0 0 -1 -.66415 -1 0 p/rect2p.dat
1 16 -7.2347 3 -5.6535 -.4866 0 0 0 0 -1 -.3252 -1 0 p/rect2p.dat
1 16 -8.0465 3 -6.4653 -.3252 0 0 0 0 -1 -.4866 -1 0 p/rect2p.dat
1 16 -8.4859 3 -7.526 -.11415 0 0 0 0 -1 -.57405 -1 0 p/rect2p.dat
1 16 6.2904 3 -8.7074 -.8576 0 0 0 0 -1 -1.6045 -1 0 p/rect2p.dat
1 16 4.7164 3 -11.2182 -.7164 0 0 0 0 -1 -.9063 -1 0 p/rect2p.dat
1 16 4 3 -20.8123 0 1 0 0 0 -1 -8.68775 0 0 p/rect.dat
1 16 0 3 -29.5 -4 0 0 0 0 -1 0 -1 0 p/rect2p.dat
4 16 -4 4 -29.5 -4 4 -21.0202 -4 2 -21.0202 -4 2 -29.5
4 16 -4 4 -21.0202 -5.6 4 -8.1 -5.6 2 -8.1 -4 2 -21.0202
1 16 -1.4606 3 -7.2837 0 0 -4.13945 -1 0 0 0 1 -.81635 p/rect3.dat
1 16 3.8143 3 -5.7085 1.1354 0 0 0 0 -1 .7588 1 0 p/rect2p.dat
1 16 5.7085 3 -3.8143 .7588 0 0 0 0 -1 1.1354 1 0 p/rect2p.dat
1 16 6.7337 3 -1.3395 .26635 0 0 0 0 -1 1.33945 1 0 p/rect2p.dat
1 16 8.3521 3 -1.8105 -.1479 0 0 0 0 -1 -1.8105 -1 0 p/rect2p.dat
1 16 7.6761 3 -5.362 -.5281 0 0 0 0 -1 -1.74095 -1 0 p/rect2p.dat
3 16 -5.6 4 8.1 -6.7481 4 5.3283 -7.7213 4 5.9787
4 16 -5.6 4 8.1 -7.7213 4 5.9787 -8.3717 4 6.9519 -8.6 4 8.1
4 16 7 4 0 4 4 0 4 4 4 6.4673 4 2.6789
4 16 2.6789 4 6.4673 4.9497 4 4.9497 6.4673 4 2.6789 4 4 4
3 16 4 4 4 0 4 4 2.6789 4 6.4673
4 16 2.6789 4 6.4673 0 4 4 -6.7481 4 5.3283 -5.6 4 8.1
1 16 -6.3 4 14.5601 -.8 0 -1.5 0 -1 0 -6.4601 0 0 p/rect2p.dat
4 16 -4 4 29.5 -4 4 21.0202 -7 4 21.0202 -7 4 31
4 16 -5.5 4 32.5 4 4 29.5 -4 4 29.5 -6.566 4 32.066
4 16 4 4 12.1245 4 4 29.5 7.0061 4 12.905 5.4328 4 10.3119
4 16 7.148 4 7.1029 5.4328 4 10.3119 7.7885 4 11.95175 9.7762 4 8.23305
4 16 8.2042 4 3.621 7.148 4 7.1029 9.7762 4 8.23305 11 4 4.19795
4 16 8.5 4 0 8.2042 4 3.621 11 4 4.19795 11.5 4 0
3 16 7.7885 4 11.95175 5.4328 4 10.3119 7.0061 4 12.905
4 16 4 4 29.5 6.566 4 32.0778 7.0005 4 31 7.0061 4 12.905
4 16 5.5 4 32.5 6.566 4 32.0778 4 4 29.5 -5.5 4 32.5
3 16 -4 4 29.5 -7 4 31 -6.566 4 32.066
4 16 8.5 2 0 7 2 0 6.4673 2 2.6789 8.2042 2 3.621
4 16 8.2042 2 3.621 6.4673 2 2.6789 4.9497 2 4.9497 7.148 2 7.1029
4 16 7.148 2 7.1029 4.9497 2 4.9497 2.6789 2 6.4673 5.4328 2 10.3119
3 16 4 2 12.1245 5.4328 2 10.3119 2.6789 2 6.4673
4 16 4 2 12.1245 2.6789 2 6.4673 -5.6 2 8.1 -4 2 21.0202
4 16 4 2 29.5 4 2 12.1245 -4 2 21.0202 -4 2 29.5
4 16 0 2 4 -1.5308 2 3.6956 -2.5 2 3.7 -3.5 2 4
3 16 0 2 4 -3.5 2 4 -4.3 2 4.5
3 16 0 2 4 -4.3 2 4.5 -6.7481 2 5.3283
4 16 -6.7481 2 5.3283 -4.3 2 4.5 -5.3 2 4.3 -6.4 2 4.2
3 16 -6.7481 2 5.3283 -6.4 2 4.2 -7.2 2 4.5
4 16 -6.7481 2 5.3283 -7.2 2 4.5 -8 2 5.1 -7.7213 2 5.9787
4 16 -7.7213 2 5.9787 -8 2 5.1 -8.5 2 6 -8.3717 2 6.9519
4 16 -8.3717 2 6.9519 -8.5 2 6 -8.7 2 7 -8.6 2 8.1
1 16 -3.3741 3 4.6642 3.37405 0 0 0 0 -1 -.66415 1 0 p/rect2p.dat
1 16 -7.2347 3 5.6535 .4866 0 0 0 0 -1 -.3252 1 0 p/rect2p.dat
1 16 -8.0465 3 6.4653 .3252 0 0 0 0 -1 -.4866 1 0 p/rect2p.dat
1 16 -8.4859 3 7.526 .11415 0 0 0 0 -1 -.57405 1 0 p/rect2p.dat
1 16 6.2904 3 8.7074 .8576 0 0 0 0 -1 -1.6045 1 0 p/rect2p.dat
1 16 4.7164 3 11.2182 .7164 0 0 0 0 -1 -.9063 1 0 p/rect2p.dat
1 16 4 3 20.8123 0 1 0 1 0 0 0 0 -8.68775 p/rect.dat
1 16 0 3 29.5 4 0 0 0 0 -1 0 1 0 p/rect2p.dat
4 16 -4 2 29.5 -4 2 21.0202 -4 4 21.0202 -4 4 29.5
4 16 -5.6 2 8.1 -5.6 4 8.1 -4 4 21.0202 -4 2 21.0202
1 16 -1.4606 3 7.2837 0 0 -4.13945 1 0 0 0 -1 .81635 p/rect3.dat
1 16 3.8143 3 5.7085 -1.1354 0 0 0 0 -1 .7588 -1 0 p/rect2p.dat
1 16 5.7085 3 3.8143 -.7588 0 0 0 0 -1 1.1354 -1 0 p/rect2p.dat
1 16 6.7337 3 1.3395 -.26635 0 0 0 0 -1 1.33945 -1 0 p/rect2p.dat
1 16 8.3521 3 1.8105 .1479 0 0 0 0 -1 -1.8105 1 0 p/rect2p.dat
1 16 7.6761 3 5.362 .5281 0 0 0 0 -1 -1.74095 1 0 p/rect2p.dat
1 16 6.7833 0 -31.5389 -.21725 0 0 0 0 4 -.5389 1 0 p/rect2p.dat
1 16 6.033 0 -32.2889 -.533 0 0 0 0 4 -.2111 1 0 p/rect2p.dat
1 16 0 0 -32.5 -5.5 0 0 0 0 4 0 1 0 p/rect2p.dat
1 16 -6.033 0 -32.283 -.533 0 0 0 0 4 .217 1 0 p/rect2p.dat
1 16 -6.783 0 -31.533 -.217 0 0 0 0 4 .533 1 0 p/rect2p.dat
4 16 -7 4 -31 -7 -4 -31 -7 -4 -21.0202 -7 4 -21.0202
3 16 -8.6 2 -8.1 -8.6 4 -8.1 -7 4 -21.0202
4 16 -7 4 -21.0202 -7 -4 -21.0202 -8.6 -2 -8.1 -8.6 2 -8.1
3 16 -7 -4 -21.0202 -8.6 -4 -8.1 -8.6 -2 -8.1
3 16 -8.6 -2 8.1 -8.6 -4 8.1 -7 -4 21.0202
4 16 -7 -4 21.0202 -7 4 21.0202 -8.6 2 8.1 -8.6 -2 8.1
3 16 -7 4 21.0202 -8.6 4 8.1 -8.6 2 8.1
4 16 -7 4 21.0202 -7 -4 21.0202 -7 -4 31 -7 4 31
1 16 -6.783 0 31.533 .217 0 0 0 0 4 .533 -1 0 p/rect2p.dat
1 16 -6.033 0 32.283 .533 0 0 0 0 4 .217 -1 0 p/rect2p.dat
1 16 0 0 32.5 5.5 0 0 0 0 4 0 -1 0 p/rect2p.dat
1 16 6.033 0 32.2889 .533 0 0 0 0 4 -.2111 -1 0 p/rect2p.dat
1 16 6.7833 0 31.5389 .21725 0 0 0 0 4 -.5389 -1 0 p/rect2p.dat
1 16 7.0033 0 21.9525 0 0 .0028 -4 0 0 0 -1 -9.0475 p/rect3.dat
1 16 7.3973 0 12.4284 .3912 0 0 0 0 4 -.47665 -1 0 p/rect2p.dat
1 16 8.7824 0 10.0924 .99385 0 0 0 0 4 -1.85935 -1 0 p/rect2p.dat
1 16 10.3882 0 6.2155 .612 0 0 0 0 4 -2.01755 -1 0 p/rect2p.dat
1 16 11.2501 0 2.099 .2499 0 0 0 0 4 -2.09895 -1 0 p/rect2p.dat
1 16 11.2501 0 -2.099 -.2499 0 0 0 0 4 -2.09895 1 0 p/rect2p.dat
1 16 10.3882 0 -6.2155 -.612 0 0 0 0 4 -2.01755 1 0 p/rect2p.dat
1 16 8.7824 0 -10.0924 -.99385 0 0 0 0 4 -1.85935 1 0 p/rect2p.dat
1 16 7.3973 0 -12.4284 0 0 -.3912 -4 0 0 0 1 -.47665 p/rect3.dat
1 16 7.0033 0 -21.9525 -.0028 0 0 0 0 4 -9.0475 1 0 p/rect2p.dat
1 16 -.7654 0 -3.8478 0 0 .7654 -2 0 0 0 -1 -.1522 p/rect3.dat
1 16 -2.0154 0 -3.6978 .4846 0 0 0 0 2 .0022 -1 0 p/rect2p.dat
1 16 -3 0 -3.85 .5 0 0 0 0 2 .15 -1 0 p/rect2p.dat
1 16 -3.9 0 -4.25 0 0 -.4 2 0 0 0 -1 -.25 p/rect3.dat
1 16 -4.8 0 -4.4 .5 0 0 0 0 2 -.1 -1 0 p/rect2p.dat
1 16 -5.85 0 -4.25 .55 0 0 0 0 2 -.05 -1 0 p/rect2p.dat
1 16 -6.8 0 -4.35 .4 0 0 0 0 2 .15 -1 0 p/rect2p.dat
1 16 -7.6 0 -4.8 .4 0 0 0 0 2 .3 -1 0 p/rect2p.dat
1 16 -8.25 0 -5.55 .25 0 0 0 0 2 .45 -1 0 p/rect2p.dat
1 16 -8.6 0 -6.5 .1 0 0 0 0 2 .5 -1 0 p/rect2p.dat
4 16 -8.6 -2 -8.1 -8.7 -2 -7 -8.7 2 -7 -8.6 2 -8.1
4 16 -8.6 2 8.1 -8.7 2 7 -8.7 -2 7 -8.6 -2 8.1
1 16 -.7654 0 3.8478 0 0 .7654 2 0 0 0 1 .1522 p/rect3.dat
1 16 -2.0154 0 3.6978 -.4846 0 0 0 0 2 .0022 1 0 p/rect2p.dat
1 16 -3 0 3.85 -.5 0 0 0 0 2 .15 1 0 p/rect2p.dat
1 16 -3.9 0 4.25 -.4 0 0 0 0 2 .25 1 0 p/rect2p.dat
1 16 -4.8 0 4.4 0 0 .5 2 0 0 0 1 .1 p/rect3.dat
1 16 -5.85 0 4.25 -.55 0 0 0 0 2 -.05 1 0 p/rect2p.dat
1 16 -6.8 0 4.35 -.4 0 0 0 0 2 .15 1 0 p/rect2p.dat
1 16 -7.6 0 4.8 -.4 0 0 0 0 2 .3 1 0 p/rect2p.dat
1 16 -8.25 0 5.55 -.25 0 0 0 0 2 .45 1 0 p/rect2p.dat
1 16 -8.6 0 6.5 -.1 0 0 0 0 2 .5 1 0 p/rect2p.dat
