0 BFC CERTIFY CCW
1 16 0 0 0 1 0 0 0 1 0 0 0 1 parts/s/64566s02.dat
1 16 0 0 -30 0 0 1 0 1 0 -1 0 0 p/stug-1x2.dat
1 16 17.321 0 -10 0 0 1 0 1 0 -1 0 0 p/stud.dat
1 16 34.641 0 -20 0 0 1 0 1 0 -1 0 0 p/stud.dat
1 16 17.321 0 10 0 0 1 0 1 0 -1 0 0 p/stud.dat
1 16 34.641 0 20 0 0 1 0 1 0 -1 0 0 p/stud.dat
1 16 0 0 30 0 0 1 0 1 0 -1 0 0 p/stug-1x2.dat
1 16 -17.321 0 10 0 0 1 0 1 0 -1 0 0 p/stud.dat
1 16 -34.641 0 20 0 0 1 0 1 0 -1 0 0 p/stud.dat
1 16 -17.321 0 -10 0 0 1 0 1 0 -1 0 0 p/stud.dat
1 16 -34.641 0 -20 0 0 1 0 1 0 -1 0 0 p/stud.dat
