0 BFC CERTIFY CCW
1 16 -42 0 0 0 84 0 2.5 0 0 0 0 2.5 p/4-4cylo.dat
1 16 -42 0 0 0 1 0 0.125 0 0 0 0 0.125 p/4-4rin19.dat
1 16 42 0 0 0 -1 0 0.125 0 0 0 0 0.125 p/4-4rin19.dat
1 16 -42 0 0 0 -10 0 2.375 0 0 0 0 2.375 p/4-4cylo.dat
1 16 42 0 0 0 10 0 2.375 0 0 0 0 2.375 p/4-4cylo.dat
1 16 -52 0 0 0 -1 0 0.125 0 0 0 0 0.125 p/4-4rin19.dat
1 16 52 0 0 0 1 0 0.125 0 0 0 0 0.125 p/4-4rin19.dat
1 16 -53.5 0 0 0 1.5 0 2.5 0 0 0 0 2.5 p/4-4cylo.dat
1 16 53.5 0 0 0 -1.5 0 2.5 0 0 0 0 2.5 p/4-4cylo.dat
1 16 53.5 0 0 0 2.5 0 2.5 0 0 0 0 2.5 p/4-4con0.dat
1 16 -53.5 0 0 0 -2.5 0 2.5 0 0 0 0 2.5 p/4-4con0.dat
