0 BFC CERTIFY CCW
1 16 0 8.5 0 -5 0 0 0 -3 0 0 0 -5 p/4-4cylc.dat
1 16 0 5.5 0 -1 0 0 0 1 0 0 0 -1 p/4-4ring4.dat
1 16 0 5.5 0 -4 0 0 0 1 0 0 0 -4 p/4-4edge.dat
1 16 0 6 0 -4 0 0 0 -15.5 0.5 0 0 -4 p/4-4cyli.dat
1 16 0 -9.5 0 -4 0 0 0 -1 0.5 0 0 -4 p/1-4cyls2.dat
1 16 0 -9.5 0 4 0 0 0 -1 0.5 0 0 -4 p/1-4cyls2.dat
1 16 0 -9.5 0 -4 0 0 0 -1 -0.5 0 0 4 p/1-4cyls2.dat
1 16 0 -9.5 0 4 0 0 0 -1 -0.5 0 0 4 p/1-4cyls2.dat
0 BFC INVERTNEXT
1 16 0 -19 -4 -8 0 0 0 0 -8 0 7 0 p/4-4cylo.dat
0 BFC INVERTNEXT
1 16 0 -19 3 -4 0 0 0 0 -4 0 9 0 p/4-4cylo.dat
1 16 0 -19 12 -6.33333 0 0 0 0 -6.33333 0 -1 0 p/4-4edge.dat
1 16 0 -19 -4 2 0 0 0 0 -2 0 1 0 p/4-4ring4.dat
1 16 0 -19 3 4 0 0 0 0 -4 0 1 0 p/4-4ring1.dat
1 16 0 -19 12 -2 0 0 0 0 -2 0 -1 0 p/4-4ring2.dat
1 16 0 -19 12 -0.33333 0 0 0 0 -0.33333 0 -1 0 p/4-4rin18.dat
1 16 0 -19 -4 -10 0 0 0 0 -10 0 4 0 p/4-4cylo.dat
1 16 0 -19 3 -3.16667 0 0 0 0 -3.16667 0 9 0 p/4-4con2.dat
1 16 0 -19 0 -0.5 0 0 0 0 -0.5 0 3 0 p/4-4con19.dat
