0 BFC CERTIFY CCW
1 16 0 0 -10 1 0 0 0 0 1 0 20 0 p/axl3hole.dat
1 16 0 0 -10 9 0 0 0 0 9 0 0.2 0 p/4-4cylo.dat
1 16 0 0 -10 3 0 0 0 0 3 0 1 0 p/4-4ring2.dat
1 16 0 0 0 1 0 0 0 1 0 0 0 1 parts/s/71720s01.dat
1 16 0 0 0 -0.5 -0.86603 0 0.86603 -0.5 0 0 0 1 parts/s/71720s01.dat
1 16 0 0 0 -0.5 0.86603 0 -0.86603 -0.5 0 0 0 1 parts/s/71720s01.dat
4 16 -8.9558 9.3887 -9.8 -6.3639 6.3639 -9.8 -9 0 -9.8 -12.609 3.0615 -9.8
4 16 -1.0242 10.4332 -9.8 0 9 -9.8 -6.3639 6.3639 -9.8 -8.9558 9.3887 -9.8
4 16 0 9 -9.8 -1.0242 10.4332 -9.8 1.0242 10.4332 -9.8 8.9558 9.3889 -9.8
4 16 8.3151 3.4443 -9.8 0 9 -9.8 8.9558 9.3889 -9.8 12.6088 3.0616 -9.8
4 16 8.3151 3.4443 -9.8 12.6088 3.0616 -9.8 9.5475 -4.3296 -9.8 6.3639 -6.3639 -9.8
4 16 6.3639 -6.3639 -9.8 9.5475 -4.3296 -9.8 8.5233 -6.1036 -9.8 3.653 -12.4503 -9.8
4 16 -3.4443 -8.3151 -9.8 6.3639 -6.3639 -9.8 3.653 -12.4503 -9.8 -3.6532 -12.4504 -9.8
4 16 -6.3639 -6.3639 -9.8 -3.4443 -8.3151 -9.8 -3.6532 -12.4504 -9.8 -8.5233 -6.1036 -9.8
4 16 -6.3639 -6.3639 -9.8 -8.5233 -6.1036 -9.8 -9.5475 -4.3296 -9.8 -9 0 -9.8
3 16 -9 0 -9.8 -9.5475 -4.3296 -9.8 -12.609 3.0615 -9.8
1 16 0 0 10 9 0 0 0 0 9 0 -16 0 p/4-4cylo.dat
1 16 0 0 10 3 0 0 0 0 3 0 -1 0 p/4-4ring2.dat
4 16 3.4443 8.3151 -6 9 0 -6 11 0 -6 5.5 9.5263 -6
4 16 5.5 -9.5263 -6 11 0 -6 9 0 -6 3.4443 -8.3151 -6
4 16 -5.5 -9.5263 -6 5.5 -9.5263 -6 3.4443 -8.3151 -6 -3.4443 -8.3151 -6
4 16 -11 0 -6 -5.5 -9.5263 -6 -3.4443 -8.3151 -6 -9 0 -6
4 16 -5.5 9.5263 -6 -11 0 -6 -9 0 -6 -3.4443 8.3151 -6
4 16 -5.5 9.5263 -6 -3.4443 8.3151 -6 3.4443 8.3151 -6 5.5 9.5263 -6
1 16 0 0 -29 134 0 0 0 0 134 0 4 0 p/48/4-4cylo.dat
1 16 0 0 -19 133 0 0 0 0 133 0 4 0 p/48/4-4cylo.dat
1 16 0 0 -25 129.1 0 0 0 0 129.1 0 6 0 p/48/4-4cylo.dat
1 16 0 0 -25 4.96296 0 0 0 0 4.96296 0 -1 0 p/48/4-4rin26.dat
1 16 0 0 -19 3.91176 0 0 0 0 3.91176 0 1 0 p/48/4-4rin33.dat
1 16 0 0 -29 2.79167 0 0 0 0 2.79167 0 1 0 p/48/4-4rin47.dat
0 BFC INVERTNEXT
1 16 0 0 -29 131.20833 0 0 0 0 131.20833 0 1 0 p/48/4-4cylo.dat
1 16 0 0 -28 6.9057 0 0 0 0 6.9057 0 1 0 p/48/4-4rin18.dat
0 BFC INVERTNEXT
1 16 0 0 -28 124.30263 0 0 0 0 124.30263 0 10 0 p/48/4-4cylo.dat
0 BFC INVERTNEXT
1 16 0 0 -18 7.76891 0 0 0 0 7.76891 0 6 0 p/48/4-4con15.dat
0 BFC INVERTNEXT
1 16 0 0 -12 4.66135 0 0 0 0 4.66135 0 12 0 p/48/4-4con24.dat
1 16 0 0 29 134 0 0 0 0 134 0 -4 0 p/48/4-4cylo.dat
1 16 0 0 19 133 0 0 0 0 133 0 -4 0 p/48/4-4cylo.dat
1 16 0 0 25 129.1 0 0 0 0 129.1 0 -6 0 p/48/4-4cylo.dat
1 16 0 0 25 4.96296 0 0 0 0 4.96296 0 1 0 p/48/4-4rin26.dat
1 16 0 0 19 3.91176 0 0 0 0 3.91176 0 -1 0 p/48/4-4rin33.dat
1 16 0 0 29 2.79167 0 0 0 0 2.79167 0 -1 0 p/48/4-4rin47.dat
0 BFC INVERTNEXT
1 16 0 0 29 131.20833 0 0 0 0 131.20833 0 -1 0 p/48/4-4cylo.dat
1 16 0 0 28 6.9057 0 0 0 0 6.9057 0 -1 0 p/48/4-4rin18.dat
0 BFC INVERTNEXT
1 16 0 0 28 124.30263 0 0 0 0 124.30263 0 -10 0 p/48/4-4cylo.dat
0 BFC INVERTNEXT
1 16 0 0 18 7.76891 0 0 0 0 7.76891 0 -6 0 p/48/4-4con15.dat
0 BFC INVERTNEXT
1 16 0 0 12 4.66135 0 0 0 0 4.66135 0 -12 0 p/48/4-4con24.dat
1 16 0 0 -15 8.3125 0 0 0 0 8.3125 0 -1 0 p/48/4-4rin15.dat
1 16 0 0 -15 8.3125 0 0 0 0 8.3125 0 9 0 p/48/1-4con14.dat
1 16 0 0 -15 -8.3125 0 0 0 0 8.3125 0 9 0 p/48/1-4con14.dat
1 16 0 0 -15 8.3125 0 0 0 0 -8.3125 0 9 0 p/48/1-4con14.dat
1 16 0 0 -15 -8.3125 0 0 0 0 -8.3125 0 9 0 p/48/1-4con14.dat
1 16 0 0 -15 124.6875 0 0 0 0 124.6875 0 -1 0 p/48/4-4edge.dat
1 16 0 0 15 8.3125 0 0 0 0 8.3125 0 1 0 p/48/4-4rin15.dat
1 16 0 0 15 8.3125 0 0 0 0 8.3125 0 -9 0 p/48/1-4con14.dat
1 16 0 0 15 -8.3125 0 0 0 0 8.3125 0 -9 0 p/48/1-4con14.dat
1 16 0 0 15 8.3125 0 0 0 0 -8.3125 0 -9 0 p/48/1-4con14.dat
1 16 0 0 15 -8.3125 0 0 0 0 -8.3125 0 -9 0 p/48/1-4con14.dat
1 16 0 0 15 124.6875 0 0 0 0 124.6875 0 1 0 p/48/4-4edge.dat
1 16 0 0 -6 116.375 0 0 0 0 116.375 0 12 0 p/48/4-4cylo.dat
4 16 1 -116.3091 6 1 -124.6216 15 1 -131 15 1 -116.3091 -6
4 16 1 -131 -15 1 -124.6216 -15 1 -116.3091 -6 1 -131 15
4 16 -1 -131 15 -1 -124.6216 15 -1 -116.3091 6 -1 -116.3091 -6
4 16 -1 -116.3091 -6 -1 -124.6216 -15 -1 -131 -15 -1 -131 15
1 16 0 -131 0 -1 0 0 0 1 0 0 0 -15 p/rect.dat
4 16 116.3091 1 6 124.6216 1 15 131 1 15 116.3091 1 -6
4 16 131 1 -15 124.6216 1 -15 116.3091 1 -6 131 1 15
4 16 131 -1 15 124.6216 -1 15 116.3091 -1 6 116.3091 -1 -6
4 16 116.3091 -1 -6 124.6216 -1 -15 131 -1 -15 131 -1 15
1 16 131 0 0 0 -1 0 -1 0 0 0 0 -15 p/rect.dat
4 16 -1 116.3091 6 -1 124.6216 15 -1 131 15 -1 116.3091 -6
4 16 -1 131 -15 -1 124.6216 -15 -1 116.3091 -6 -1 131 15
4 16 1 131 15 1 124.6216 15 1 116.3091 6 1 116.3091 -6
4 16 1 116.3091 -6 1 124.6216 -15 1 131 -15 1 131 15
1 16 0 131 0 1 0 0 0 -1 0 0 0 -15 p/rect.dat
4 16 -116.3091 -1 6 -124.6216 -1 15 -131 -1 15 -116.3091 -1 -6
4 16 -131 -1 -15 -124.6216 -1 -15 -116.3091 -1 -6 -131 -1 15
4 16 -131 1 15 -124.6216 1 15 -116.3091 1 6 -116.3091 1 -6
4 16 -116.3091 1 -6 -124.6216 1 -15 -131 1 -15 -131 1 15
1 16 -131 0 0 0 1 0 1 0 0 0 0 -15 p/rect.dat
