0 BFC CERTIFY CCW
1 16 0 0 0 -0.382683 0 0.92388 0 1 0 -0.92388 0 -0.382683 parts/s/72092s01.dat
1 16 0 0 0 -0.707107 0 0.707107 0 1 0 -0.707107 0 -0.707107 parts/s/72092s01.dat
1 16 0 0 0 -0.92388 0 0.382683 0 1 0 -0.382683 0 -0.92388 parts/s/72092s01.dat
1 16 0 0 0 -1 0 0 0 1 0 0 0 -1 parts/s/72092s01.dat
1 16 0 0 0 -0.92388 0 -0.382683 0 1 0 0.382683 0 -0.92388 parts/s/72092s01.dat
1 16 0 0 0 -0.707107 0 -0.707107 0 1 0 0.707107 0 -0.707107 parts/s/72092s01.dat
1 16 0 0 0 -0.382683 0 -0.92388 0 1 0 0.92388 0 -0.382683 parts/s/72092s01.dat
1 16 0 0 0 0 0 1 0 1 0 -1 0 0 parts/s/72092s01.dat
1 16 0 0 0 0.382683 0 -0.92388 0 1 0 0.92388 0 0.382683 parts/s/72092s01.dat
1 16 0 0 0 0.707107 0 -0.707107 0 1 0 0.707107 0 0.707107 parts/s/72092s01.dat
1 16 0 0 0 0.92388 0 -0.382683 0 1 0 0.382683 0 0.92388 parts/s/72092s01.dat
1 16 0 0 0 1 0 0 0 1 0 0 0 1 parts/s/72092s01.dat
1 16 0 0 0 0.92388 0 0.382683 0 1 0 -0.382683 0 0.92388 parts/s/72092s01.dat
1 16 0 0 0 0.707107 0 0.707107 0 1 0 -0.707107 0 0.707107 parts/s/72092s01.dat
1 16 0 0 0 0.382683 0 0.92388 0 1 0 -0.92388 0 0.382683 parts/s/72092s01.dat
1 16 0 0 0 0 0 -1 0 1 0 1 0 0 parts/s/72092s01.dat
1 16 0 0 0 1 0 0 0 1 0 0 0 1 parts/s/72092s02.dat
1 16 0 0 0 -1 0 0 0 1 0 0 0 1 parts/s/72092s02.dat
1 16 0 -7.5 0 1 0 0 0 -1.875 0 0 0 1 p/stud4.dat
