0 BFC CERTIFY CCW
1 16 0 20 0 0 0 1 0 -1 0 -1 0 0 p/stud4f2w.dat
1 16 0 20 0 6 0 0 0 1 0 0 0 6 p/4-4edge.dat
1 16 0 20 -12 0 0 2 0 4 0 -4 0 0 p/box3u6.dat
1 16 0 20 12 0 0 -2 0 4 0 4 0 0 p/box3u6.dat
1 16 -20 20 0 0 0 1 0 -1 0 -1 0 0 p/stud4f2w.dat
0 BFC INVERTNEXT
1 16 -20 16 0 6 0 0 0 4 0 0 0 6 p/4-4cyli.dat
1 16 -20 16 0 6 0 0 0 1 0 0 0 6 p/4-4edge.dat
1 16 -20 20 -12 0 0 2 0 4 0 -4 0 0 p/box3u6.dat
1 16 -20 20 12 0 0 -2 0 4 0 4 0 0 p/box3u6.dat
1 16 20 20 0 0 0 1 0 -1 0 -1 0 0 p/stud4f2w.dat
0 BFC INVERTNEXT
1 16 20 16 0 6 0 0 0 4 0 0 0 6 p/4-4cyli.dat
1 16 20 16 0 6 0 0 0 1 0 0 0 6 p/4-4edge.dat
1 16 20 20 -12 0 0 2 0 4 0 -4 0 0 p/box3u6.dat
1 16 20 20 12 0 0 -2 0 4 0 4 0 0 p/box3u6.dat
1 16 -10 22 16 8 0 0 0 0 -2 0 1 0 p/rect2p.dat
1 16 10 22 16 8 0 0 0 0 -2 0 1 0 p/rect2p.dat
1 16 -10 22 -16 -8 0 0 0 0 -2 0 -1 0 p/rect2p.dat
1 16 10 22 -16 -8 0 0 0 0 -2 0 -1 0 p/rect2p.dat
0 BFC INVERTNEXT
1 16 -22 22 0 0 -14 0 -2 0 0 0 0 16 p/box3u4a.dat
0 BFC INVERTNEXT
1 16 22 22 0 0 14 0 -2 0 0 0 0 -16 p/box3u4a.dat
1 16 -20 20 0 8 0 0 0 -1 0 0 0 -8 p/4-4ndis.dat
4 16 12 20 -8 -12 20 -8 -12 20 8 12 20 8
1 16 20 20 0 8 0 0 0 -1 0 0 0 -8 p/4-4ndis.dat
4 16 -36 20 16 -28 20 8 -28 20 -8 -36 20 -16
3 16 -36 20 16 -12 20 8 -28 20 8
4 16 36 20 16 12 20 8 -12 20 8 -36 20 16
3 16 36 20 16 28 20 8 12 20 8
4 16 36 20 -16 28 20 -8 28 20 8 36 20 16
3 16 36 20 -16 12 20 -8 28 20 -8
4 16 -36 20 -16 -12 20 -8 12 20 -8 36 20 -16
3 16 -36 20 -16 -28 20 -8 -12 20 -8
4 16 -40 24 20 -36 24 16 -36 24 -16 -40 24 -20
3 16 -40 24 20 -22 24 16 -36 24 16
3 16 -40 24 20 -18 24 16 -22 24 16
3 16 -40 24 20 -2 24 16 -18 24 16
4 16 40 24 20 2 24 16 -2 24 16 -40 24 20
3 16 40 24 20 18 24 16 2 24 16
3 16 40 24 20 22 24 16 18 24 16
3 16 40 24 20 36 24 16 22 24 16
4 16 40 24 -20 36 24 -16 36 24 16 40 24 20
3 16 40 24 -20 22 24 -16 36 24 -16
3 16 40 24 -20 18 24 -16 22 24 -16
3 16 40 24 -20 2 24 -16 18 24 -16
4 16 -40 24 -20 -2 24 -16 2 24 -16 40 24 -20
3 16 -40 24 -20 -18 24 -16 -2 24 -16
3 16 -40 24 -20 -22 24 -16 -18 24 -16
3 16 -40 24 -20 -36 24 -16 -22 24 -16
1 16 -40 20 0 0 1 0 0 0 -4 -20 0 0 p/rect2p.dat
1 16 40 20 0 0 -1 0 0 0 -4 20 0 0 p/rect2p.dat
1 16 -20 16 0 6 0 0 0 1 0 0 0 6 p/4-4ndis.dat
4 16 14 16 6 -14 16 6 -14 16 -6 14 16 -6
1 16 20 16 0 6 0 0 0 1 0 0 0 6 p/4-4ndis.dat
4 16 -40 16 -20 -26 16 -6 -26 16 6 -40 16 20
3 16 -40 16 20 -26 16 6 -14 16 6
4 16 -40 16 20 -14 16 6 14 16 6 40 16 20
3 16 40 16 20 14 16 6 26 16 6
4 16 40 16 20 26 16 6 26 16 -6 40 16 -20
3 16 40 16 -20 26 16 -6 14 16 -6
4 16 40 16 -20 14 16 -6 -14 16 -6 -40 16 -20
3 16 -40 16 -20 -14 16 -6 -26 16 -6
1 16 0 12 30 40 0 0 0 2 -10 0 0 10 p/box2-5.dat
0 BFC INVERTNEXT
1 16 0 9 30 38 0 0 0 1 -8 0 0 8 p/box2-5.dat
1 16 0 9 22 -38 0 0 0 0 -9 0 -1 0 p/rect3.dat
1 16 0 8 20 40 0 0 0 0 -8 0 1 0 p/rect.dat
1 16 0 8 -20 -40 0 0 0 0 -8 0 -1 0 p/rect.dat
1 16 0 9 -22 38 0 0 0 0 -9 0 1 0 p/rect3.dat
0 BFC INVERTNEXT
1 16 0 9 -30 -38 0 0 0 1 -8 0 0 -8 p/box2-5.dat
1 16 0 12 -30 -40 0 0 0 2 -10 0 0 -10 p/box2-5.dat
3 16 -40 24 20 -40 16 20 -40 4 40
4 16 -40 16 20 -40 0 20 -40 0 40 -40 4 40
4 16 -38 2 38 -38 0 38 -38 0 22 -38 18 22
4 16 38 2 38 38 18 22 38 0 22 38 0 38
3 16 40 24 20 40 4 40 40 16 20
3 16 -40 24 -20 -40 4 -40 -40 16 -20
4 16 40 16 20 40 4 40 40 0 40 40 0 20
4 16 -40 16 -20 -40 4 -40 -40 0 -40 -40 0 -20
4 16 -38 2 -38 -38 18 -22 -38 0 -22 -38 0 -38
4 16 38 2 -38 38 0 -38 38 0 -22 38 18 -22
3 16 40 24 -20 40 16 -20 40 4 -40
4 16 40 16 -20 40 0 -20 40 0 -40 40 4 -40
4 16 -40 0 40 -40 0 20 -38 0 22 -38 0 38
4 16 40 0 40 -40 0 40 -38 0 38 38 0 38
4 16 40 0 20 40 0 40 38 0 38 38 0 22
4 16 -40 0 20 40 0 20 38 0 22 -38 0 22
4 16 -40 0 -40 -38 0 -38 -38 0 -22 -40 0 -20
4 16 -40 0 -20 -38 0 -22 38 0 -22 40 0 -20
4 16 40 0 -20 38 0 -22 38 0 -38 40 0 -40
4 16 40 0 -40 38 0 -38 -38 0 -38 -40 0 -40
1 16 -30 4 30 0 0 -1 0 6 0 1 0 0 p/stud2s2.dat
1 16 -30 0 30 1 0 0 0 4 0 0 0 1 p/stud2s2e.dat
1 16 -30 0 30 1 0 0 0 1 0 0 0 1 p/stud2a.dat
1 16 -10 4 30 0 0 -1 0 6 0 1 0 0 p/stud2s2.dat
1 16 -10 0 30 1 0 0 0 4 0 0 0 1 p/stud2s2e.dat
1 16 -10 0 30 1 0 0 0 1 0 0 0 1 p/stud2a.dat
1 16 10 4 30 0 0 -1 0 6 0 1 0 0 p/stud2s2.dat
1 16 10 0 30 1 0 0 0 4 0 0 0 1 p/stud2s2e.dat
1 16 10 0 30 1 0 0 0 1 0 0 0 1 p/stud2a.dat
1 16 30 4 30 0 0 -1 0 6 0 1 0 0 p/stud2s2.dat
1 16 30 0 30 1 0 0 0 4 0 0 0 1 p/stud2s2e.dat
1 16 30 0 30 1 0 0 0 1 0 0 0 1 p/stud2a.dat
1 16 -20 16 0 1 0 0 0 1 0 0 0 1 p/stug-2x2.dat
1 16 20 16 0 1 0 0 0 1 0 0 0 1 p/stug-2x2.dat
1 16 -30 4 -30 0 0 1 0 6 0 -1 0 0 p/stud2s2.dat
1 16 -30 0 -30 1 0 0 0 4 0 0 0 1 p/stud2s2e.dat
1 16 -30 0 -30 1 0 0 0 1 0 0 0 1 p/stud2a.dat
1 16 -10 4 -30 0 0 1 0 6 0 -1 0 0 p/stud2s2.dat
1 16 -10 0 -30 1 0 0 0 4 0 0 0 1 p/stud2s2e.dat
1 16 -10 0 -30 1 0 0 0 1 0 0 0 1 p/stud2a.dat
1 16 10 4 -30 0 0 1 0 6 0 -1 0 0 p/stud2s2.dat
1 16 10 0 -30 1 0 0 0 4 0 0 0 1 p/stud2s2e.dat
1 16 10 0 -30 1 0 0 0 1 0 0 0 1 p/stud2a.dat
1 16 30 4 -30 0 0 1 0 6 0 -1 0 0 p/stud2s2.dat
1 16 30 0 -30 1 0 0 0 4 0 0 0 1 p/stud2s2e.dat
1 16 30 0 -30 1 0 0 0 1 0 0 0 1 p/stud2a.dat
