0 BFC CERTIFY CCW
1 16 0 48 0 0 0 2 0 -1 0 -2 0 0 p/48/1-12ring13.dat
1 16 0 48 0 0 0 2 0 -1 0 -2 0 0 p/48/1-12ring14.dat
1 16 0 48 0 2 0 0 0 -1 0 0 0 -2 p/48/1-12ring13.dat
1 16 0 48 0 2 0 0 0 -1 0 0 0 -2 p/48/1-12ring14.dat
1 16 0 48 0 2 0 0 0 -1 0 0 0 2 p/48/1-12ring13.dat
1 16 0 48 0 2 0 0 0 -1 0 0 0 2 p/48/1-12ring14.dat
1 16 0 48 0 0 0 2 0 -1 0 2 0 0 p/48/1-12ring13.dat
1 16 0 48 0 0 0 2 0 -1 0 2 0 0 p/48/1-12ring14.dat
1 16 0 48 0 -2 0 0 0 -1 0 0 0 -2 p/48/1-12ring13.dat
1 16 0 48 0 -2 0 0 0 -1 0 0 0 -2 p/48/1-12ring14.dat
1 16 0 48 0 0 0 -2 0 -1 0 -2 0 0 p/48/1-12ring13.dat
1 16 0 48 0 0 0 -2 0 -1 0 -2 0 0 p/48/1-12ring14.dat
1 16 0 48 0 0 0 -2 0 -1 0 2 0 0 p/48/1-12ring13.dat
1 16 0 48 0 0 0 -2 0 -1 0 2 0 0 p/48/1-12ring14.dat
1 16 0 48 0 -2 0 0 0 -1 0 0 0 2 p/48/1-12ring13.dat
1 16 0 48 0 -2 0 0 0 -1 0 0 0 2 p/48/1-12ring14.dat
1 16 0 48 0 26 0 0 0 -1 0 0 0 26 p/48/1-12edge.dat
1 16 0 48 0 0 0 26 0 -1 0 26 0 0 p/48/1-12edge.dat
1 16 0 48 0 0 0 26 0 -1 0 -26 0 0 p/48/1-12edge.dat
1 16 0 48 0 26 0 0 0 -1 0 0 0 -26 p/48/1-12edge.dat
1 16 0 48 0 -26 0 0 0 -1 0 0 0 -26 p/48/1-12edge.dat
1 16 0 48 0 0 0 -26 0 -1 0 -26 0 0 p/48/1-12edge.dat
1 16 0 48 0 0 0 -26 0 -1 0 26 0 0 p/48/1-12edge.dat
1 16 0 48 0 -26 0 0 0 -1 0 0 0 26 p/48/1-12edge.dat
1 16 0 48 0 30 0 0 0 -1 0 0 0 30 p/48/1-12edge.dat
1 16 0 48 0 0 0 30 0 -1 0 30 0 0 p/48/1-12edge.dat
1 16 0 48 0 0 0 30 0 -1 0 -30 0 0 p/48/1-12edge.dat
1 16 0 48 0 30 0 0 0 -1 0 0 0 -30 p/48/1-12edge.dat
1 16 0 48 0 -30 0 0 0 -1 0 0 0 -30 p/48/1-12edge.dat
1 16 0 48 0 0 0 -30 0 -1 0 -30 0 0 p/48/1-12edge.dat
1 16 0 48 0 0 0 -30 0 -1 0 30 0 0 p/48/1-12edge.dat
1 16 0 48 0 -30 0 0 0 -1 0 0 0 30 p/48/1-12edge.dat
0 BFC INVERTNEXT
1 16 0 48 0 0 0 26 0 -4 0 -26 0 0 p/48/1-12cyli.dat
0 BFC INVERTNEXT
1 16 0 48 0 26 0 0 0 -4 0 0 0 -26 p/48/1-12cyli.dat
0 BFC INVERTNEXT
1 16 0 48 0 26 0 0 0 -4 0 0 0 26 p/48/1-12cyli.dat
0 BFC INVERTNEXT
1 16 0 48 0 0 0 26 0 -4 0 26 0 0 p/48/1-12cyli.dat
0 BFC INVERTNEXT
1 16 0 48 0 -26 0 0 0 -4 0 0 0 -26 p/48/1-12cyli.dat
0 BFC INVERTNEXT
1 16 0 48 0 0 0 -26 0 -4 0 -26 0 0 p/48/1-12cyli.dat
0 BFC INVERTNEXT
1 16 0 48 0 0 0 -26 0 -4 0 26 0 0 p/48/1-12cyli.dat
0 BFC INVERTNEXT
1 16 0 48 0 -26 0 0 0 -4 0 0 0 26 p/48/1-12cyli.dat
1 16 14.5 46 -25.1145 0 0 .5 -2 0 0 0 -1 -.8655 p/rect3.dat
1 16 13.5 46 -23.3825 0 0 -.5 2 0 0 0 -1 .8665 p/rect3.dat
1 16 25.1145 46 -14.5 0 0 .8655 2 0 0 0 1 -.5 p/rect3.dat
1 16 23.3825 46 -13.5 0 0 -.8665 -2 0 0 0 1 .5 p/rect3.dat
1 16 25.1145 46 14.5 0 1 .8655 -2 0 0 0 0 .5 p/rect3.dat
1 16 23.3825 46 13.5 0 1 -.8665 2 0 0 0 0 -.5 p/rect3.dat
1 16 14.5 46 25.1145 0 -1 .5 2 0 0 0 0 .8655 p/rect3.dat
1 16 13.5 46 23.3825 0 -1 -.5 -2 0 0 0 0 -.8665 p/rect3.dat
1 16 -25.1145 46 -14.5 0 -1 -.8655 -2 0 0 0 0 -.5 p/rect3.dat
1 16 -23.3825 46 -13.5 0 -1 .8665 2 0 0 0 0 .5 p/rect3.dat
1 16 -14.5 46 -25.1145 0 1 -.5 2 0 0 0 0 -.8655 p/rect3.dat
1 16 -13.5 46 -23.3825 0 1 .5 -2 0 0 0 0 .8665 p/rect3.dat
1 16 -14.5 46 25.1145 0 0 -.5 -2 0 0 0 1 .8655 p/rect3.dat
1 16 -13.5 46 23.3825 0 0 .5 2 0 0 0 1 -.8665 p/rect3.dat
1 16 -25.1145 46 14.5 0 0 -.8655 2 0 0 0 -1 .5 p/rect3.dat
1 16 -23.3825 46 13.5 0 0 .8665 -2 0 0 0 -1 -.5 p/rect3.dat
1 16 0 44 0 1 0 1.73205 0 -1 0 -1.73205 0 1 p/48/1-12ring13.dat
1 16 0 44 0 1 0 1.73205 0 -1 0 -1.73205 0 1 p/48/1-12ring14.dat
1 16 0 44 0 1.73205 0 -1 0 -1 0 1 0 1.73205 p/48/1-12ring13.dat
1 16 0 44 0 1.73205 0 -1 0 -1 0 1 0 1.73205 p/48/1-12ring14.dat
1 16 0 44 0 -1.73205 0 1 0 -1 0 -1 0 -1.73205 p/48/1-12ring13.dat
1 16 0 44 0 -1.73205 0 1 0 -1 0 -1 0 -1.73205 p/48/1-12ring14.dat
1 16 0 44 0 -1 0 -1.73205 0 -1 0 1.73205 0 -1 p/48/1-12ring13.dat
1 16 0 44 0 -1 0 -1.73205 0 -1 0 1.73205 0 -1 p/48/1-12ring14.dat
1 16 0 44 0 25.98076 0 -15 0 -1 0 15 0 25.98076 p/48/1-12edge.dat
1 16 0 44 0 15 0 25.98076 0 -1 0 -25.98076 0 15 p/48/1-12edge.dat
1 16 0 44 0 -25.98076 0 15 0 -1 0 -15 0 -25.98076 p/48/1-12edge.dat
1 16 0 44 0 -15 0 -25.98076 0 -1 0 25.98076 0 -15 p/48/1-12edge.dat
1 16 0 44 0 22.51666 0 -13 0 -1 0 13 0 22.51666 p/48/1-12edge.dat
1 16 0 44 0 13 0 22.51666 0 -1 0 -22.51666 0 13 p/48/1-12edge.dat
1 16 0 44 0 -22.51666 0 13 0 -1 0 -13 0 -22.51666 p/48/1-12edge.dat
1 16 0 44 0 -13 0 -22.51666 0 -1 0 22.51666 0 -13 p/48/1-12edge.dat
0 BFC INVERTNEXT
1 16 0 44 0 26 0 0 0 -16 0 0 0 26 p/48/4-4cyli.dat
1 16 0 28 0 26 0 0 0 1 0 0 0 26 p/48/4-4edge.dat
1 16 0 28 0 26 0 0 0 -1 0 0 0 26 p/48/1-4chrd.dat
1 16 0 28 0 26 0 0 0 -1 0 0 0 -26 p/48/1-4chrd.dat
1 16 0 28 0 -26 0 0 0 -1 0 0 0 26 p/48/1-4chrd.dat
1 16 0 28 0 -26 0 0 0 -1 0 0 0 -26 p/48/1-4chrd.dat
1 16 0 28 0 8 0 0 0 -1 0 0 0 8 p/4-4ndis.dat
3 16 -8 28 0 -26 28 0 -8 28 8
3 16 0 28 26 -8 28 8 -26 28 0
3 16 -8 28 8 0 28 26 0 28 8
3 16 0 28 8 0 28 26 8 28 8
3 16 8 28 8 0 28 26 26 28 0
3 16 8 28 8 26 28 0 8 28 0
3 16 8 28 0 26 28 0 8 28 -8
3 16 26 28 0 0 28 -26 8 28 -8
3 16 8 28 -8 0 28 -26 0 28 -8
3 16 0 28 -8 0 28 -26 -8 28 -8
3 16 -8 28 -8 0 28 -26 -26 28 0
3 16 -8 28 -8 -26 28 0 -8 28 0
1 16 0 44 0 8 0 0 0 -16 0 0 0 8 p/4-4cylo.dat
1 16 0 44 0 2 0 0 0 -1 0 0 0 2 p/4-4ring3.dat
1 16 0 28 0 1 0 0 0 -5 0 0 0 1 p/stug4-2x2.dat
1 16 0 48 0 30 0 0 0 -4 0 0 0 -30 p/48/1-12cyli.dat
1 16 0 48 0 30 0 0 0 -4 0 0 0 30 p/48/1-12cyli.dat
1 16 0 48 0 0 0 30 0 -4 0 30 0 0 p/48/1-12cyli.dat
1 16 0 48 0 0 0 30 0 -4 0 -30 0 0 p/48/1-12cyli.dat
1 16 0 48 0 -30 0 0 0 -4 0 0 0 -30 p/48/1-12cyli.dat
1 16 0 48 0 0 0 -30 0 -4 0 -30 0 0 p/48/1-12cyli.dat
1 16 0 48 0 0 0 -30 0 -4 0 30 0 0 p/48/1-12cyli.dat
1 16 0 48 0 -30 0 0 0 -4 0 0 0 30 p/48/1-12cyli.dat
1 16 0 44 0 30 0 0 0 -44 0 0 0 30 p/48/4-4cyli.dat
1 16 0 0 0 2 0 0 0 1 0 0 0 2 p/48/4-4rin13.dat
1 16 0 0 0 2 0 0 0 1 0 0 0 2 p/48/4-4rin14.dat
1 16 0 0 0 30 0 0 0 1 0 0 0 30 p/48/4-4edge.dat
0 BFC INVERTNEXT
1 16 0 24 0 26 0 0 0 -24 0 0 0 26 p/48/4-4cylo.dat
1 16 0 24 0 26 0 0 0 1 0 0 0 26 p/48/1-4chrd.dat
1 16 0 24 0 26 0 0 0 1 0 0 0 -26 p/48/1-4chrd.dat
1 16 0 24 0 -26 0 0 0 1 0 0 0 26 p/48/1-4chrd.dat
1 16 0 24 0 -26 0 0 0 1 0 0 0 -26 p/48/1-4chrd.dat
3 16 2.296 24 5.543 4.243 24 4.243 0 24 26
3 16 2 24 5.602 2.296 24 5.543 0 24 26
3 16 0 24 6 2 24 5.602 0 24 26
3 16 -2 24 5.602 0 24 6 0 24 26
3 16 -2.296 24 5.543 -2 24 5.602 0 24 26
3 16 -4.243 24 4.243 -2.296 24 5.543 0 24 26
3 16 -26 24 0 -4.243 24 4.243 0 24 26
3 16 5.543 24 -2.296 4.243 24 -4.243 26 24 0
3 16 5.602 24 -2 5.543 24 -2.296 26 24 0
3 16 6 24 0 5.602 24 -2 26 24 0
3 16 5.602 24 2 6 24 0 26 24 0
3 16 5.543 24 2.296 5.602 24 2 26 24 0
3 16 4.243 24 4.243 5.543 24 2.296 26 24 0
3 16 0 24 26 4.243 24 4.243 26 24 0
3 16 -2.296 24 -5.543 -4.243 24 -4.243 0 24 -26
3 16 -2 24 -5.602 -2.296 24 -5.543 0 24 -26
3 16 0 24 -6 -2 24 -5.602 0 24 -26
3 16 2 24 -5.602 0 24 -6 0 24 -26
3 16 2.296 24 -5.543 2 24 -5.602 0 24 -26
3 16 4.243 24 -4.243 2.296 24 -5.543 0 24 -26
3 16 26 24 0 4.243 24 -4.243 0 24 -26
3 16 -5.543 24 2.296 -4.243 24 4.243 -26 24 0
3 16 -5.602 24 2 -5.543 24 2.296 -26 24 0
3 16 -6 24 0 -5.602 24 2 -26 24 0
3 16 -5.602 24 -2 -6 24 0 -26 24 0
3 16 -5.543 24 -2.296 -5.602 24 -2 -26 24 0
3 16 -4.243 24 -4.243 -5.543 24 -2.296 -26 24 0
3 16 0 24 -26 -4.243 24 -4.243 -26 24 0
1 16 0 24 0 1 0 0 0 20 0 0 0 1 p/axlehole.dat
1 16 0 24 0 1 0 0 0 1 0 0 0 1 p/axlehol2.dat
1 16 0 44 0 1 0 0 0 1 0 0 0 1 p/axlehol2.dat
1 16 0 24 0 1 0 0 0 1 0 0 0 1 p/stug2-2x2.dat
