0 BFC CERTIFY CCW
1 16 -20 0 0 1 0 0 0 1 0 0 0 1 p/stug-2x2.dat
1 16 20 0 0 1 0 0 0 1 0 0 0 1 p/stug-2x2.dat
0 BFC INVERTNEXT
1 16 0 8 0 36 0 0 0 -4 0 0 0 16 p/box5.dat
1 16 0 4 0 1 0 0 0 -1 0 0 0 1 p/stug4-1x3.dat
1 16 0 4 -20 0 0 40 4 0 0 0 40 0 p/box3u2p.dat
3 16 -40 0 20 -40 0 -20 -20 0 -20
4 16 -40 0 20 -20 0 -20 -6 0 -24 0 0 -24
4 16 -40 0 20 0 0 -24 6 0 -24 20 0 -20
4 16 -40 0 20 20 0 -20 40 0 -20 40 0 20
1 16 -30 4 -20 0 0 10 4 0 0 0 1 0 p/rect3.dat
1 16 30 4 -20 0 0 -10 4 0 0 0 1 0 p/rect3.dat
1 16 0 6 -20 0 0 -16 2 0 0 0 1 0 p/rect.dat
4 16 40 8 20 36 8 16 -36 8 16 -40 8 20
3 16 -40 8 -20 -36 8 -16 -20 8 -20
3 16 -20 8 -20 -36 8 -16 -16 8 -20
4 16 -16 8 -20 -36 8 -16 36 8 -16 16 8 -20
3 16 16 8 -20 36 8 -16 20 8 -20
3 16 20 8 -20 36 8 -16 40 8 -20
4 16 40 8 -20 36 8 -16 36 8 16 40 8 20
4 16 -40 8 20 -36 8 16 -36 8 -16 -40 8 -20
1 16 0 0 -20 20 0 0 0 8 0 0 0 -20 p/2-4cylo.dat
0 BFC INVERTNEXT
1 16 0 4 -20 16 0 0 0 4 0 0 0 -16 p/1-8cylo.dat
0 BFC INVERTNEXT
1 16 0 4 -20 -16 0 0 0 4 0 0 0 -16 p/1-8cylo.dat
0 BFC INVERTNEXT
1 16 9.6568 6 -30.656795 0 0 -1.6568 2 0 0 0 -1.764055 -1.107255 p/box2-7.dat
0 BFC INVERTNEXT
1 16 -9.6568 6 -30.656795 0 0 1.6568 2 0 0 0 -1.764055 -1.107255 p/box2-7.dat
0 BFC INVERTNEXT
1 16 0 0 -30 6 0 0 0 8 0 0 0 6 p/4-4cylo.dat
1 16 0 4 -30 8 0 0 0 4 0 0 0 8 p/2-4cylo.dat
1 16 0 0 -30 6 0 0 0 1 0 0 0 6 p/4-4ndis.dat
1 16 0 0 -20 -20 0 0 0 1 0 0 0 -20 p/1-8chrd.dat
1 16 0 0 -20 0 0 -20 0 1 0 -20 0 0 p/1-8chrd.dat
1 16 0 0 -20 0 0 20 0 1 0 -20 0 0 p/1-8chrd.dat
1 16 0 0 -20 20 0 0 0 1 0 0 0 -20 p/1-8chrd.dat
4 16 6 0 -24 6 0 -30 14.142 0 -34.142 20 0 -20
3 16 14.142 0 -34.142 6 0 -30 6 0 -36
3 16 14.142 0 -34.142 6 0 -36 0 0 -40
3 16 0 0 -40 6 0 -36 0 0 -36
3 16 0 0 -36 -6 0 -36 0 0 -40
3 16 0 0 -40 -6 0 -36 -14.142 0 -34.142
3 16 -6 0 -36 -6 0 -30 -14.142 0 -34.142
4 16 -20 0 -20 -14.142 0 -34.142 -6 0 -30 -6 0 -24
1 16 0 8 -30 6 0 0 0 -1 0 0 0 -6 p/2-4ndis.dat
1 16 0 8 -30 2 0 0 0 -1 0 0 0 2 p/2-4ring3.dat
1 16 0 8 -20 4 0 0 0 -1 0 0 0 -4 p/1-8ring4.dat
1 16 0 8 -20 -4 0 0 0 -1 0 0 0 -4 p/1-8ring4.dat
1 16 0 8 -20 0 0 20 0 -1 0 -20 0 0 p/1-8chrd.dat
1 16 0 8 -20 0 0 -20 0 -1 0 -20 0 0 p/1-8chrd.dat
4 16 6 8 -30 8 8 -30 8 8 -33.52811 6 8 -36
4 16 8 8 -33.52811 11.3136 8 -31.3136 14.142 8 -34.142 6 8 -36
3 16 0 8 -40 6 8 -36 14.142 8 -34.142
3 16 0 8 -36 6 8 -36 0 8 -40
3 16 0 8 -40 -6 8 -36 0 8 -36
3 16 -14.142 8 -34.142 -6 8 -36 0 8 -40
4 16 -6 8 -36 -14.142 8 -34.142 -11.3136 8 -31.3136 -8 8 -33.52811
4 16 -6 8 -36 -8 8 -33.52811 -8 8 -30 -6 8 -30
1 16 0 4 -30 8 0 0 0 -1 0 0 0 8 p/2-4ndis.dat
1 16 0 4 -20 16 0 0 0 -1 0 0 0 -16 p/1-8chrd.dat
1 16 0 4 -20 -16 0 0 0 -1 0 0 0 -16 p/1-8chrd.dat
4 16 16 4 -20 11.3136 4 -31.3136 8 4 -33.52811 8 4 -30
3 16 8 4 -22 16 4 -20 8 4 -30
4 16 0 4 -22 -16 4 -20 16 4 -20 8 4 -22
3 16 -16 4 -20 0 4 -22 -8 4 -22
3 16 -8 4 -30 -16 4 -20 -8 4 -22
4 16 -8 4 -30 -8 4 -33.52811 -11.3136 4 -31.3136 -16 4 -20
