0 BFC CERTIFY CCW
4 16 -7.1861 4.2095 7.1861 -9.3891 4.2095 3.8891 -10.1627 0 4.2095 -7.7782 0 7.7782
4 16 -7.1861 -7.5282 2.9766 -5.5 -7.5282 5.5 -7.1861 -4.2095 7.1861 -9.3891 -4.2095 3.8891
4 16 -2.9766 7.5282 7.1861 -5.5 7.5282 5.5 -7.1861 4.2095 7.1861 -3.8891 4.2095 9.3891
4 16 -7.1861 -4.2095 7.1861 -3.8891 -4.2095 9.3891 -4.2095 0 10.1627 -7.7782 0 7.7782
4 16 -3.8891 -4.2095 9.3891 0 -4.2095 10.1627 0 0 11 -4.2095 0 10.1627
4 16 0 -4.2095 10.1627 -3.8891 -4.2095 9.3891 -2.9766 -7.5282 7.1861 0 -7.5282 7.7782
4 16 2.9766 7.5282 7.1861 0 7.5282 7.7782 0 4.2095 10.1627 3.8891 4.2095 9.3891
4 16 3.8891 4.2095 9.3891 0 4.2095 10.1627 0 0 11 4.2095 0 10.1627
4 16 4.2095 0 10.1627 7.7782 0 7.7782 7.1861 4.2095 7.1861 3.8891 4.2095 9.3891
4 16 2.9766 -7.5282 7.1861 5.5 -7.5282 5.5 7.1861 -4.2095 7.1861 3.8891 -4.2095 9.3891
4 16 7.1861 4.2095 7.1861 9.3891 4.2095 3.8891 7.1861 7.5282 2.9766 5.5 7.5282 5.5
4 16 7.1861 -4.2095 7.1861 9.3891 -4.2095 3.8891 10.1627 0 4.2095 7.7782 0 7.7782
4 16 11 0 0 10.1627 0 4.2095 9.3891 -4.2095 3.8891 10.1627 -4.2095 0
4 16 10.1627 -4.2095 0 9.3891 -4.2095 3.8891 7.1861 -7.5282 2.9766 7.7782 -7.5282 0
4 16 10.1627 4.2095 0 9.3891 4.2095 -3.8891 7.1861 7.5282 -2.9766 7.7782 7.5282 0
4 16 11 0 0 10.1627 0 -4.2095 9.3891 4.2095 -3.8891 10.1627 4.2095 0
4 16 7.1861 4.2095 -7.1861 9.3891 4.2095 -3.8891 10.1627 0 -4.2095 7.7782 0 -7.7782
4 16 7.1861 -4.2095 -7.1861 9.3891 -4.2095 -3.8891 7.1861 -7.5282 -2.9766 5.5 -7.5282 -5.5
4 16 7.1861 4.2095 -7.1861 3.8891 4.2095 -9.3891 2.9766 7.5282 -7.1861 5.5 7.5282 -5.5
4 16 4.2095 0 -10.1627 7.7782 0 -7.7782 7.1861 -4.2095 -7.1861 3.8891 -4.2095 -9.3891
4 16 0 0 -11 4.2095 0 -10.1627 3.8891 -4.2095 -9.3891 0 -4.2095 -10.1627
4 16 2.9766 -7.5282 -7.1861 0 -7.5282 -7.7782 0 -4.2095 -10.1627 3.8891 -4.2095 -9.3891
4 16 0 4.2095 -10.1627 -3.8891 4.2095 -9.3891 -2.9766 7.5282 -7.1861 0 7.5282 -7.7782
4 16 -3.8891 4.2095 -9.3891 0 4.2095 -10.1627 0 0 -11 -4.2095 0 -10.1627
4 16 -4.2095 0 -10.1627 -7.7782 0 -7.7782 -7.1861 4.2095 -7.1861 -3.8891 4.2095 -9.3891
4 16 -2.9766 -7.5282 -7.1861 -5.5 -7.5282 -5.5 -7.1861 -4.2095 -7.1861 -3.8891 -4.2095 -9.3891
4 16 -7.1861 4.2095 -7.1861 -9.3891 4.2095 -3.8891 -6.8364 7.5282 -3.5 -5.5 7.5282 -5.5
4 16 -7.1861 -4.2095 -7.1861 -9.3891 -4.2095 -3.8891 -10.1627 0 -4.2095 -7.7782 0 -7.7782
4 16 9.3891 -4.2095 -3.8891 10.1627 0 -4.2095 11 0 0 10.1627 -4.2095 0
4 16 9.3891 4.2095 3.8891 10.1627 0 4.2095 11 0 0 10.1627 4.2095 0
4 16 10.1627 -4.2095 0 7.7782 -7.5282 0 7.1861 -7.5282 -2.9766 9.3891 -4.2095 -3.8891
4 16 7.1861 7.5282 2.9766 9.3891 4.2095 3.8891 10.1627 4.2095 0 7.7782 7.5282 0
4 16 10.1627 0 -4.2095 9.3891 -4.2095 -3.8891 7.1861 -4.2095 -7.1861 7.7782 0 -7.7782
4 16 10.1627 0 4.2095 9.3891 4.2095 3.8891 7.1861 4.2095 7.1861 7.7782 0 7.7782
4 16 7.1861 -4.2095 7.1861 5.5 -7.5282 5.5 7.1861 -7.5282 2.9766 9.3891 -4.2095 3.8891
4 16 7.1861 7.5282 -2.9766 9.3891 4.2095 -3.8891 7.1861 4.2095 -7.1861 5.5 7.5282 -5.5
4 16 4.2095 0 10.1627 3.8891 -4.2095 9.3891 7.1861 -4.2095 7.1861 7.7782 0 7.7782
4 16 7.1861 4.2095 -7.1861 7.7782 0 -7.7782 4.2095 0 -10.1627 3.8891 4.2095 -9.3891
4 16 7.1861 -4.2095 -7.1861 5.5 -7.5282 -5.5 2.9766 -7.5282 -7.1861 3.8891 -4.2095 -9.3891
4 16 2.9766 7.5282 7.1861 3.8891 4.2095 9.3891 7.1861 4.2095 7.1861 5.5 7.5282 5.5
4 16 3.8891 -4.2095 9.3891 4.2095 0 10.1627 0 0 11 0 -4.2095 10.1627
4 16 0 0 -11 0 4.2095 -10.1627 3.8891 4.2095 -9.3891 4.2095 0 -10.1627
4 16 0 -4.2095 10.1627 0 -7.5282 7.7782 2.9766 -7.5282 7.1861 3.8891 -4.2095 9.3891
4 16 2.9766 7.5282 -7.1861 3.8891 4.2095 -9.3891 0 4.2095 -10.1627 0 7.5282 -7.7782
4 16 0 -4.2095 -10.1627 0 -7.5282 -7.7782 -2.9766 -7.5282 -7.1861 -3.8891 -4.2095 -9.3891
4 16 -2.9766 7.5282 7.1861 -3.8891 4.2095 9.3891 0 4.2095 10.1627 0 7.5282 7.7782
4 16 -3.8891 -4.2095 -9.3891 -4.2095 0 -10.1627 0 0 -11 0 -4.2095 -10.1627
4 16 -3.8891 4.2095 9.3891 -4.2095 0 10.1627 0 0 11 0 4.2095 10.1627
4 16 -2.9766 -7.5282 7.1861 -3.8891 -4.2095 9.3891 -7.1861 -4.2095 7.1861 -5.5 -7.5282 5.5
4 16 -7.1861 4.2095 -7.1861 -5.5 7.5282 -5.5 -2.9766 7.5282 -7.1861 -3.8891 4.2095 -9.3891
4 16 -4.2095 0 -10.1627 -3.8891 -4.2095 -9.3891 -7.1861 -4.2095 -7.1861 -7.7782 0 -7.7782
4 16 -7.1861 4.2095 7.1861 -7.7782 0 7.7782 -4.2095 0 10.1627 -3.8891 4.2095 9.3891
4 16 -7.1861 -4.2095 -7.1861 -5.5 -7.5282 -5.5 -7.1861 -7.5282 -2.9766 -9.3891 -4.2095 -3.8891
4 16 -6.8364 7.5282 3.5 -9.3891 4.2095 3.8891 -7.1861 4.2095 7.1861 -5.5 7.5282 5.5
4 16 -7.1861 -4.2095 7.1861 -7.7782 0 7.7782 -10.1627 0 4.2095 -9.3891 -4.2095 3.8891
4 16 -7.1861 4.2095 -7.1861 -7.7782 0 -7.7782 -10.1627 0 -4.2095 -9.3891 4.2095 -3.8891
4 16 6.4673 -7.5282 2.6789 7.1861 -7.5282 2.9766 5.5 -7.5282 5.5 4.9497 -7.5282 4.9497
4 16 5.5 -7.5282 -5.5 7.1861 -7.5282 -2.9766 6.4673 -7.5282 -2.6789 4.9497 -7.5282 -4.9497
4 16 -5.5 -7.5282 -5.5 -4.9497 -7.5282 -4.9497 -6.4673 -7.5282 -2.6789 -7.1861 -7.5282 -2.9766
4 16 -6.4673 -7.5282 2.6789 -4.9497 -7.5282 4.9497 -5.5 -7.5282 5.5 -7.1861 -7.5282 2.9766
4 16 -6.4673 -7.5282 -2.6789 -6.4673 -7.5282 2.6789 -7.1861 -7.5282 2.9766 -7.7782 -7.5282 0
4 16 7.1861 -7.5282 -2.9766 7.7782 -7.5282 0 7.1861 -7.5282 2.9766 6.4673 -7.5282 2.6789
4 16 2.9766 -7.5282 -7.1861 5.5 -7.5282 -5.5 4.9497 -7.5282 -4.9497 0 -7.5282 -7.7782
4 16 -4.9497 -7.5282 -4.9497 -2.9766 -7.5282 -7.1861 0 -7.5282 -7.7782 4.9497 -7.5282 -4.9497
3 16 -2.9766 -7.5282 -7.1861 -4.9497 -7.5282 -4.9497 -5.5 -7.5282 -5.5
3 16 -7.1861 -7.5282 -2.9766 -6.4673 -7.5282 -2.6789 -7.7782 -7.5282 0
4 16 0 -7.5282 7.7782 -2.9766 -7.5282 7.1861 -5.5 -7.5282 5.5 -4.9497 -7.5282 4.9497
4 16 4.9497 -7.5282 4.9497 2.9766 -7.5282 7.1861 0 -7.5282 7.7782 -4.9497 -7.5282 4.9497
3 16 2.9766 -7.5282 7.1861 4.9497 -7.5282 4.9497 5.5 -7.5282 5.5
3 16 6.4673 -7.5282 -2.6789 7.1861 -7.5282 -2.9766 6.4673 -7.5282 2.6789
4 16 -5.5 7.5282 5.5 1.4673 7.5282 4.9497 1.4673 7.5282 3.5 -6.8364 7.5282 3.5
4 16 -5.5 7.5282 -5.5 -6.8364 7.5282 -3.5 1.4673 7.5282 -3.5 1.4673 7.5282 -4.9497
4 16 7.1861 7.5282 -2.9766 5.5 7.5282 -5.5 4.9497 7.5282 -4.9497 6.4673 7.5282 -2.6789
4 16 6.4673 7.5282 2.6789 4.9497 7.5282 4.9497 5.5 7.5282 5.5 7.1861 7.5282 2.9766
4 16 6.4673 7.5282 -2.6789 6.4673 7.5282 2.6789 7.1861 7.5282 2.9766 7.7782 7.5282 0
3 16 6.4673 7.5282 -2.6789 7.7782 7.5282 0 7.1861 7.5282 -2.9766
4 16 5.5 7.5282 -5.5 2.9766 7.5282 -7.1861 0 7.5282 -7.7782 4.9497 7.5282 -4.9497
4 16 0 7.5282 -7.7782 -2.9766 7.5282 -7.1861 1.4673 7.5282 -4.9497 4.9497 7.5282 -4.9497
3 16 -5.5 7.5282 -5.5 1.4673 7.5282 -4.9497 -2.9766 7.5282 -7.1861
4 16 0 7.5282 7.7782 1.4673 7.5282 4.9497 -5.5 7.5282 5.5 -2.9766 7.5282 7.1861
4 16 2.9766 7.5282 7.1861 4.9497 7.5282 4.9497 1.4673 7.5282 4.9497 0 7.5282 7.7782
3 16 4.9497 7.5282 4.9497 2.9766 7.5282 7.1861 5.5 7.5282 5.5
4 16 4.9497 7.5282 -4.9497 4.9497 -7.5282 -4.9497 6.4673 -7.5282 -2.6789 6.4673 7.5282 -2.6789
4 16 6.4673 7.5282 2.6789 6.4673 7.5282 -2.6789 6.4673 -7.5282 -2.6789 6.4673 -7.5282 2.6789
4 16 4.9497 7.5282 4.9497 6.4673 7.5282 2.6789 6.4673 -7.5282 2.6789 4.9497 -7.5282 4.9497
4 16 1.4673 5.5282 4.9497 1.4673 5.5282 3.5 1.4673 7.5282 3.5 1.4673 7.5282 4.9497
4 16 -6.8364 7.5282 3.5 1.4673 7.5282 3.5 1.4673 5.5282 3.5 -5.9186 5.5282 3.5
4 16 1.4673 5.5282 -3.5 1.4673 5.5282 -4.9497 1.4673 7.5282 -4.9497 1.4673 7.5282 -3.5
4 16 1.4673 7.5282 -3.5 -6.8364 7.5282 -3.5 -5.9186 5.5282 -3.5 1.4673 5.5282 -3.5
4 16 1.4673 5.5282 -4.9497 4.9497 -7.5282 -4.9497 4.9497 7.5282 -4.9497 1.4673 7.5282 -4.9497
4 16 1.4673 5.5282 4.9497 1.4673 7.5282 4.9497 4.9497 7.5282 4.9497 4.9497 -7.5282 4.9497
4 16 4.9497 -7.5282 -4.9497 1.4673 5.5282 -4.9497 -4.9497 5.5282 -4.9497 -4.9497 -7.5282 -4.9497
4 16 -6.0966 -1.3395 -3.2337 -6.4673 -2.1695 -2.6789 -6.4673 -7.5282 -2.6789 -4.9497 -7.5282 -4.9497
3 16 -6.0966 -1.3395 -3.2337 -4.9497 -7.5282 -4.9497 -5.9186 0 -3.5
3 16 -6.4673 -2.4749 -2.4749 -6.4673 -7.5282 -2.6789 -6.4673 -2.1695 -2.6789
3 16 -6.4673 -2.4749 -2.4749 -6.4673 -3.2337 -1.3395 -6.4673 -7.5282 -2.6789
4 16 -6.4673 -3.2337 -1.3395 -6.4673 -3.5 0 -6.4673 -7.5282 2.6789 -6.4673 -7.5282 -2.6789
3 16 -6.4673 -3.5 0 -6.4673 -3.2337 1.3395 -6.4673 -7.5282 2.6789
3 16 -6.4673 -7.5282 2.6789 -6.4673 -3.2337 1.3395 -6.4673 -2.4749 2.4749
3 16 -6.4673 -7.5282 2.6789 -6.4673 -2.4749 2.4749 -6.4673 -2.1695 2.6789
4 16 -6.0966 -1.3395 3.2337 -4.9497 -7.5282 4.9497 -6.4673 -7.5282 2.6789 -6.4673 -2.1695 2.6789
3 16 -6.0966 -1.3395 3.2337 -5.9186 0 3.5 -4.9497 -7.5282 4.9497
4 16 -5.9186 0 3.5 -5.9186 5.5282 3.5 -4.9497 5.5282 4.9497 -4.9497 -7.5282 4.9497
4 16 -5.9186 0 -3.5 -4.9497 -7.5282 -4.9497 -4.9497 5.5282 -4.9497 -5.9186 5.5282 -3.5
4 16 -10.5 -3.2337 1.3395 -6.4673 -3.2337 1.3395 -6.4673 -3.5 0 -10.5 -3.5 0
4 16 -6.4673 -2.4749 2.4749 -6.4673 -3.2337 1.3395 -10.5 -3.2337 1.3395 -10.5 -2.4749 2.4749
4 16 -6.0966 -1.3395 3.2337 -6.4673 -2.1695 2.6789 -10.5 -2.4749 2.4749 -10.5 -1.3395 3.2337
3 16 -6.4673 -2.1695 2.6789 -6.4673 -2.4749 2.4749 -10.5 -2.4749 2.4749
4 16 -10.3038 0 3.5 -5.9186 0 3.5 -6.0966 -1.3395 3.2337 -10.5 -1.3395 3.2337
3 16 -8.4497 5.6246 -3.5 -9.3891 4.2095 -3.8891 -9.4665 4.2095 -3.5
4 16 -9.4665 4.2095 -3.5 -9.3891 4.2095 -3.8891 -10.1627 0 -4.2095 -10.3038 0 -3.5
3 16 -8.4497 5.6246 3.5 -9.3891 4.2095 3.8891 -6.8364 7.5282 3.5
3 16 -9.3891 4.2095 3.8891 -8.4497 5.6246 3.5 -9.4665 4.2095 3.5
3 16 -9.3891 4.2095 -3.8891 -8.4497 5.6246 -3.5 -6.8364 7.5282 -3.5
4 16 -6.4673 -3.2337 -1.3395 -10.5 -3.2337 -1.3395 -10.5 -3.5 0 -6.4673 -3.5 0
4 16 -6.4673 -3.2337 -1.3395 -6.4673 -2.4749 -2.4749 -10.5 -2.4749 -2.4749 -10.5 -3.2337 -1.3395
4 16 -6.0966 -1.3395 -3.2337 -10.5 -1.3395 -3.2337 -10.5 -2.4749 -2.4749 -6.4673 -2.1695 -2.6789
3 16 -6.4673 -2.1695 -2.6789 -10.5 -2.4749 -2.4749 -6.4673 -2.4749 -2.4749
4 16 -5.9186 0 -3.5 -10.3038 0 -3.5 -10.5 -1.3395 -3.2337 -6.0966 -1.3395 -3.2337
4 16 -5.9186 5.5282 -3.5 -4.9497 5.5282 -4.9497 1.4673 5.5282 -4.9497 1.4673 5.5282 -3.5
4 16 -4.9497 5.5282 4.9497 -5.9186 5.5282 3.5 1.4673 5.5282 3.5 1.4673 5.5282 4.9497
4 16 -4.9497 5.5282 4.9497 1.4673 5.5282 4.9497 4.9497 -7.5282 4.9497 -4.9497 -7.5282 4.9497
4 16 -9.6309 -4.9497 0 -9.5247 -4.573 1.8943 -10.5 -4.573 1.8943 -10.5 -4.9497 0
4 16 -9.5247 -4.573 1.8943 -9.6077 -3.4999 3.4999 -10.5 -3.4999 3.4999 -10.5 -4.573 1.8943
4 16 -10.5 -3.4999 3.4999 -9.6077 -3.4999 3.4999 -9.4753 -1.8943 4.573 -10.5 -1.8943 4.573
4 16 -10.5 -1.8943 4.573 -9.4753 -1.8943 4.573 -9.6681 0 4.9497 -10.5 0 4.9497
4 16 -10.5 -4.573 -1.8943 -9.5247 -4.573 -1.8943 -9.6309 -4.9497 0 -10.5 -4.9497 0
4 16 -10.5 -3.4999 -3.4999 -9.6077 -3.4999 -3.4999 -9.5247 -4.573 -1.8943 -10.5 -4.573 -1.8943
4 16 -9.4753 -1.8943 -4.573 -9.6077 -3.4999 -3.4999 -10.5 -3.4999 -3.4999 -10.5 -1.8943 -4.573
4 16 -9.6681 0 -4.9497 -9.4753 -1.8943 -4.573 -10.5 -1.8943 -4.573 -10.5 0 -4.9497
4 16 -9.3891 4.2095 3.8891 -9.4665 4.2095 3.5 -10.3038 0 3.5 -10.1627 0 4.2095
3 16 -9.657 -2.7516 4.0001 -9.6077 -3.4999 3.4999 -9.3891 -4.2095 3.8891
3 16 -9.3891 -4.2095 3.8891 -9.6077 -3.4999 3.4999 -9.6777 -4.2095 2.4382
4 16 -9.6777 -4.2095 2.4382 -9.5247 -4.573 1.8943 -7.1861 -7.5282 2.9766 -9.3891 -4.2095 3.8891
4 16 -9.5247 -4.573 1.8943 -9.6309 -4.9497 0 -7.7782 -7.5282 0 -7.1861 -7.5282 2.9766
4 16 -7.7782 -7.5282 0 -9.6309 -4.9497 0 -9.5247 -4.573 -1.8943 -7.1861 -7.5282 -2.9766
4 16 -9.5247 -4.573 -1.8943 -9.6777 -4.2095 -2.4382 -9.3891 -4.2095 -3.8891 -7.1861 -7.5282 -2.9766
3 16 -9.6077 -3.4999 -3.4999 -9.3891 -4.2095 -3.8891 -9.6777 -4.2095 -2.4382
3 16 -9.3891 -4.2095 -3.8891 -9.6077 -3.4999 -3.4999 -9.657 -2.7516 -4.0001
3 16 -10.5 0 3.5 -10.3038 0 3.5 -10.5 -1.3395 3.2337
3 16 -10.3038 0 -3.5 -10.5 0 -3.5 -10.5 -1.3395 -3.2337
4 16 -10.3038 0 -3.5 -5.9186 0 -3.5 -8.4497 5.6246 -3.5 -9.4665 4.2095 -3.5
4 16 -6.8364 7.5282 -3.5 -8.4497 5.6246 -3.5 -5.9186 0 -3.5 -5.9186 5.5282 -3.5
4 16 -10.5 -1.3395 -3.2337 -10.5 0 -3.5 -10.5 0 -4.9497 -10.5 -1.8943 -4.573
4 16 -10.5 -2.4749 -2.4749 -10.5 -1.3395 -3.2337 -10.5 -1.8943 -4.573 -10.5 -3.4999 -3.4999
4 16 -10.5 -4.573 -1.8943 -10.5 -3.2337 -1.3395 -10.5 -2.4749 -2.4749 -10.5 -3.4999 -3.4999
4 16 -10.5 -4.573 -1.8943 -10.5 -4.9497 0 -10.5 -3.5 0 -10.5 -3.2337 -1.3395
4 16 -10.5 -3.2337 1.3395 -10.5 -3.5 0 -10.5 -4.9497 0 -10.5 -4.573 1.8943
4 16 -10.5 -3.2337 1.3395 -10.5 -4.573 1.8943 -10.5 -3.4999 3.4999 -10.5 -2.4749 2.4749
4 16 -10.5 -3.4999 3.4999 -10.5 -1.8943 4.573 -10.5 -1.3395 3.2337 -10.5 -2.4749 2.4749
4 16 -10.5 0 4.9497 -10.5 0 3.5 -10.5 -1.3395 3.2337 -10.5 -1.8943 4.573
3 16 -9.6681 0 4.9497 -10.1627 0 4.2095 -10.5 0 4.9497
4 16 -10.5 0 4.9497 -10.1627 0 4.2095 -10.3038 0 3.5 -10.5 0 3.5
4 16 -6.8364 7.5282 3.5 -5.9186 5.5282 3.5 -9.4665 4.2095 3.5 -8.4497 5.6246 3.5
4 16 -9.4665 4.2095 3.5 -5.9186 5.5282 3.5 -5.9186 0 3.5 -10.3038 0 3.5
3 16 -10.1627 0 -4.2095 -9.6681 0 -4.9497 -10.5 0 -4.9497
4 16 -10.5 0 -4.9497 -10.5 0 -3.5 -10.3038 0 -3.5 -10.1627 0 -4.2095
4 16 12.8478 -2.2974 -11.2462 18.1774 -2.2974 -17.3074 18.6398 -2.7081 -17.0654 13.2379 -2.7081 -10.8995
4 16 14.0259 -3.1227 -10.1991 13.2379 -2.7081 -10.8995 18.6398 -2.7081 -17.0654 19.574 -3.1227 -16.5766
4 16 14.0259 -3.1227 -10.1991 19.574 -3.1227 -16.5766 20.676 -3.25 -16 14.9556 -3.25 -9.3728
4 16 14.9556 -3.25 -9.3728 20.676 -3.25 -16 21.778 -3.0027 -15.4234 15.8853 -3.0027 -8.5465
4 16 16.6733 -2.2981 -7.8461 15.8853 -3.0027 -8.5465 21.778 -3.0027 -15.4234 22.7122 -2.2981 -14.9346
4 16 16.6733 -2.2981 -7.8461 22.7122 -2.2981 -14.9346 23.3365 -1.2438 -14.6079 17.1999 -1.2438 -7.3781
4 16 23.5556 0 -14.4933 17.3848 0 -7.2138 17.1999 -1.2438 -7.3781 23.3365 -1.2438 -14.6079
4 16 23.5556 0 -14.4933 23.3365 -1.2438 -14.6079 27.1933 -1.2438 -23.0225 27.4339 0 -22.9652
4 16 23.3365 -1.2438 -14.6079 22.7122 -2.2981 -14.9346 26.5079 -2.2981 -23.1858 27.1933 -1.2438 -23.0225
4 16 21.778 -3.0027 -15.4234 25.4823 -3.0027 -23.4302 26.5079 -2.2981 -23.1858 22.7122 -2.2981 -14.9346
4 16 21.778 -3.0027 -15.4234 20.676 -3.25 -16 24.2724 -3.25 -23.7184 25.4823 -3.0027 -23.4302
4 16 20.676 -3.25 -16 19.574 -3.1227 -16.5766 23.0625 -3.1227 -24.0066 24.2724 -3.25 -23.7184
4 16 18.6398 -2.7081 -17.0654 22.0369 -2.7081 -24.251 23.0625 -3.1227 -24.0066 19.574 -3.1227 -16.5766
4 16 18.6398 -2.7081 -17.0654 18.1774 -2.2974 -17.3074 21.5292 -2.2974 -24.3719 22.0369 -2.7081 -24.251
4 16 21.5292 -2.2974 -24.3719 22.68 -2.2974 -32 23.2019 -2.7081 -32 22.0369 -2.7081 -24.251
4 16 23.0625 -3.1227 -24.0066 22.0369 -2.7081 -24.251 23.2019 -2.7081 -32 24.2562 -3.1227 -32
4 16 23.0625 -3.1227 -24.0066 24.2562 -3.1227 -32 25.5 -3.25 -32 24.2724 -3.25 -23.7184
4 16 25.4823 -3.0027 -23.4302 24.2724 -3.25 -23.7184 25.5 -3.25 -32 26.7438 -3.0027 -32
4 16 25.4823 -3.0027 -23.4302 26.7438 -3.0027 -32 27.7981 -2.2981 -32 26.5079 -2.2981 -23.1858
4 16 26.5079 -2.2981 -23.1858 27.7981 -2.2981 -32 28.5027 -1.2438 -32 27.1933 -1.2438 -23.0225
4 16 27.4339 0 -22.9652 27.1933 -1.2438 -23.0225 28.5027 -1.2438 -32 28.75 0 -32
4 16 5.9637 -2.2974 -6.6528 12.8478 -2.2974 -11.2462 13.2379 -2.7081 -10.8995 6.248 -2.7081 -6.2151
4 16 6.8224 -3.1227 -5.331 6.248 -2.7081 -6.2151 13.2379 -2.7081 -10.8995 14.0259 -3.1227 -10.1991
4 16 6.8224 -3.1227 -5.331 14.0259 -3.1227 -10.1991 14.9556 -3.25 -9.3728 7.5 -3.25 -4.288
4 16 8.1776 -3.0027 -3.245 7.5 -3.25 -4.288 14.9556 -3.25 -9.3728 15.8853 -3.0027 -8.5465
4 16 8.1776 -3.0027 -3.245 15.8853 -3.0027 -8.5465 16.6733 -2.2981 -7.8461 8.752 -2.2981 -2.3609
4 16 9.1358 -1.2438 -1.77 8.752 -2.2981 -2.3609 16.6733 -2.2981 -7.8461 17.1999 -1.2438 -7.3781
4 16 9.1358 -1.2438 -1.77 17.1999 -1.2438 -7.3781 17.3848 0 -7.2138 9.2706 0 -1.5626
4 16 12.8478 -2.2974 -11.2462 12.8478 2.2974 -11.2462 18.1774 2.2974 -17.3074 18.1774 -2.2974 -17.3074
4 16 18.6398 2.7081 -17.0654 18.1774 2.2974 -17.3074 12.8478 2.2974 -11.2462 13.2379 2.7081 -10.8995
4 16 18.6398 2.7081 -17.0654 13.2379 2.7081 -10.8995 14.0259 3.1227 -10.1991 19.574 3.1227 -16.5766
4 16 20.676 3.25 -16 19.574 3.1227 -16.5766 14.0259 3.1227 -10.1991 14.9556 3.25 -9.3728
4 16 21.778 3.0027 -15.4234 20.676 3.25 -16 14.9556 3.25 -9.3728 15.8853 3.0027 -8.5465
4 16 21.778 3.0027 -15.4234 15.8853 3.0027 -8.5465 16.6733 2.2981 -7.8461 22.7122 2.2981 -14.9346
4 16 23.3365 1.2438 -14.6079 22.7122 2.2981 -14.9346 16.6733 2.2981 -7.8461 17.1999 1.2438 -7.3781
4 16 17.1999 1.2438 -7.3781 17.3848 0 -7.2138 23.5556 0 -14.4933 23.3365 1.2438 -14.6079
4 16 27.1933 1.2438 -23.0225 23.3365 1.2438 -14.6079 23.5556 0 -14.4933 27.4339 0 -22.9652
4 16 26.5079 2.2981 -23.1858 22.7122 2.2981 -14.9346 23.3365 1.2438 -14.6079 27.1933 1.2438 -23.0225
4 16 26.5079 2.2981 -23.1858 25.4823 3.0027 -23.4302 21.778 3.0027 -15.4234 22.7122 2.2981 -14.9346
4 16 24.2724 3.25 -23.7184 20.676 3.25 -16 21.778 3.0027 -15.4234 25.4823 3.0027 -23.4302
4 16 23.0625 3.1227 -24.0066 19.574 3.1227 -16.5766 20.676 3.25 -16 24.2724 3.25 -23.7184
4 16 23.0625 3.1227 -24.0066 22.0369 2.7081 -24.251 18.6398 2.7081 -17.0654 19.574 3.1227 -16.5766
4 16 21.5292 2.2974 -24.3719 18.1774 2.2974 -17.3074 18.6398 2.7081 -17.0654 22.0369 2.7081 -24.251
4 16 18.1774 2.2974 -17.3074 21.5292 2.2974 -24.3719 21.5292 -2.2974 -24.3719 18.1774 -2.2974 -17.3074
4 16 21.5292 -2.2974 -24.3719 21.5292 2.2974 -24.3719 22.68 2.2974 -32 22.68 -2.2974 -32
4 16 23.2019 2.7081 -32 22.68 2.2974 -32 21.5292 2.2974 -24.3719 22.0369 2.7081 -24.251
4 16 23.2019 2.7081 -32 22.0369 2.7081 -24.251 23.0625 3.1227 -24.0066 24.2562 3.1227 -32
4 16 25.5 3.25 -32 24.2562 3.1227 -32 23.0625 3.1227 -24.0066 24.2724 3.25 -23.7184
4 16 25.5 3.25 -32 24.2724 3.25 -23.7184 25.4823 3.0027 -23.4302 26.7438 3.0027 -32
4 16 27.7981 2.2981 -32 26.7438 3.0027 -32 25.4823 3.0027 -23.4302 26.5079 2.2981 -23.1858
4 16 28.5027 1.2438 -32 27.7981 2.2981 -32 26.5079 2.2981 -23.1858 27.1933 1.2438 -23.0225
4 16 28.5027 1.2438 -32 27.1933 1.2438 -23.0225 27.4339 0 -22.9652 28.75 0 -32
4 16 5.9637 -2.2974 -6.6528 5.9637 2.2974 -6.6528 12.8478 2.2974 -11.2462 12.8478 -2.2974 -11.2462
4 16 13.2379 2.7081 -10.8995 12.8478 2.2974 -11.2462 5.9637 2.2974 -6.6528 6.248 2.7081 -6.2151
4 16 13.2379 2.7081 -10.8995 6.248 2.7081 -6.2151 6.8224 3.1227 -5.331 14.0259 3.1227 -10.1991
4 16 14.9556 3.25 -9.3728 14.0259 3.1227 -10.1991 6.8224 3.1227 -5.331 7.5 3.25 -4.288
4 16 14.9556 3.25 -9.3728 7.5 3.25 -4.288 8.1776 3.0027 -3.245 15.8853 3.0027 -8.5465
4 16 16.6733 2.2981 -7.8461 15.8853 3.0027 -8.5465 8.1776 3.0027 -3.245 8.752 2.2981 -2.3609
4 16 16.6733 2.2981 -7.8461 8.752 2.2981 -2.3609 9.1358 1.2438 -1.77 17.1999 1.2438 -7.3781
4 16 17.3848 0 -7.2138 17.1999 1.2438 -7.3781 9.1358 1.2438 -1.77 9.2706 0 -1.5626
4 16 18.6398 -2.7081 -46.9346 18.1774 -2.2974 -46.6926 12.8478 -2.2974 -52.7538 13.2379 -2.7081 -53.1005
4 16 18.6398 -2.7081 -46.9346 13.2379 -2.7081 -53.1005 14.0259 -3.1227 -53.8009 19.574 -3.1227 -47.4234
4 16 20.676 -3.25 -48 19.574 -3.1227 -47.4234 14.0259 -3.1227 -53.8009 14.9556 -3.25 -54.6272
4 16 21.778 -3.0027 -48.5766 20.676 -3.25 -48 14.9556 -3.25 -54.6272 15.8853 -3.0027 -55.4535
4 16 21.778 -3.0027 -48.5766 15.8853 -3.0027 -55.4535 16.6733 -2.2981 -56.1539 22.7122 -2.2981 -49.0654
4 16 23.3365 -1.2438 -49.3921 22.7122 -2.2981 -49.0654 16.6733 -2.2981 -56.1539 17.1999 -1.2438 -56.6219
4 16 17.1999 -1.2438 -56.6219 17.3848 0 -56.7862 23.5556 0 -49.5067 23.3365 -1.2438 -49.3921
4 16 27.1933 -1.2438 -40.9775 23.3365 -1.2438 -49.3921 23.5556 0 -49.5067 27.4339 0 -41.0348
4 16 26.5079 -2.2981 -40.8142 22.7122 -2.2981 -49.0654 23.3365 -1.2438 -49.3921 27.1933 -1.2438 -40.9775
4 16 26.5079 -2.2981 -40.8142 25.4823 -3.0027 -40.5698 21.778 -3.0027 -48.5766 22.7122 -2.2981 -49.0654
4 16 24.2724 -3.25 -40.2816 20.676 -3.25 -48 21.778 -3.0027 -48.5766 25.4823 -3.0027 -40.5698
4 16 23.0625 -3.1227 -39.9934 19.574 -3.1227 -47.4234 20.676 -3.25 -48 24.2724 -3.25 -40.2816
4 16 23.0625 -3.1227 -39.9934 22.0369 -2.7081 -39.749 18.6398 -2.7081 -46.9346 19.574 -3.1227 -47.4234
4 16 21.5292 -2.2974 -39.6281 18.1774 -2.2974 -46.6926 18.6398 -2.7081 -46.9346 22.0369 -2.7081 -39.749
4 16 23.2019 -2.7081 -32 22.68 -2.2974 -32 21.5292 -2.2974 -39.6281 22.0369 -2.7081 -39.749
4 16 23.2019 -2.7081 -32 22.0369 -2.7081 -39.749 23.0625 -3.1227 -39.9934 24.2562 -3.1227 -32
4 16 25.5 -3.25 -32 24.2562 -3.1227 -32 23.0625 -3.1227 -39.9934 24.2724 -3.25 -40.2816
4 16 25.5 -3.25 -32 24.2724 -3.25 -40.2816 25.4823 -3.0027 -40.5698 26.7438 -3.0027 -32
4 16 27.7981 -2.2981 -32 26.7438 -3.0027 -32 25.4823 -3.0027 -40.5698 26.5079 -2.2981 -40.8142
4 16 28.5027 -1.2438 -32 27.7981 -2.2981 -32 26.5079 -2.2981 -40.8142 27.1933 -1.2438 -40.9775
4 16 28.5027 -1.2438 -32 27.1933 -1.2438 -40.9775 27.4339 0 -41.0348 28.75 0 -32
4 16 -10.5 -2.7081 -61.7019 -1.8463 -2.7081 -60.7085 -1.9969 -2.2974 -60.2087 -10.5 -2.2974 -61.18
4 16 -10.5 -3.1227 -62.7562 -1.5421 -3.1227 -61.7179 -1.8463 -2.7081 -60.7085 -10.5 -2.7081 -61.7019
4 16 -1.5421 -3.1227 -61.7179 -10.5 -3.1227 -62.7562 -10.5 -3.25 -64 -1.1832 -3.25 -62.9088
4 16 -1.1832 -3.25 -62.9088 -10.5 -3.25 -64 -10.5 -3.0027 -65.2438 -.8243 -3.0027 -64.0997
4 16 -.5201 -2.2981 -65.1091 -.8243 -3.0027 -64.0997 -10.5 -3.0027 -65.2438 -10.5 -2.2981 -66.2981
4 16 -.3168 -1.2438 -65.7838 -.5201 -2.2981 -65.1091 -10.5 -2.2981 -66.2981 -10.5 -1.2438 -67.0027
4 16 -.3168 -1.2438 -65.7838 -10.5 -1.2438 -67.0027 -10.5 0 -67.25 -.2455 0 -66.0206
4 16 9.1358 -1.2438 -62.23 -.3168 -1.2438 -65.7838 -.2455 0 -66.0206 9.2706 0 -62.4374
4 16 8.752 -2.2981 -61.6391 -.5201 -2.2981 -65.1091 -.3168 -1.2438 -65.7838 9.1358 -1.2438 -62.23
4 16 8.752 -2.2981 -61.6391 8.1776 -3.0027 -60.755 -.8243 -3.0027 -64.0997 -.5201 -2.2981 -65.1091
4 16 7.5 -3.25 -59.712 -1.1832 -3.25 -62.9088 -.8243 -3.0027 -64.0997 8.1776 -3.0027 -60.755
4 16 6.8224 -3.1227 -58.669 -1.5421 -3.1227 -61.7179 -1.1832 -3.25 -62.9088 7.5 -3.25 -59.712
4 16 6.248 -2.7081 -57.7849 -1.8463 -2.7081 -60.7085 -1.5421 -3.1227 -61.7179 6.8224 -3.1227 -58.669
4 16 5.9637 -2.2974 -57.3472 -1.9969 -2.2974 -60.2087 -1.8463 -2.7081 -60.7085 6.248 -2.7081 -57.7849
4 16 13.2379 -2.7081 -53.1005 12.8478 -2.2974 -52.7538 5.9637 -2.2974 -57.3472 6.248 -2.7081 -57.7849
4 16 13.2379 -2.7081 -53.1005 6.248 -2.7081 -57.7849 6.8224 -3.1227 -58.669 14.0259 -3.1227 -53.8009
4 16 14.9556 -3.25 -54.6272 14.0259 -3.1227 -53.8009 6.8224 -3.1227 -58.669 7.5 -3.25 -59.712
4 16 14.9556 -3.25 -54.6272 7.5 -3.25 -59.712 8.1776 -3.0027 -60.755 15.8853 -3.0027 -55.4535
4 16 16.6733 -2.2981 -56.1539 15.8853 -3.0027 -55.4535 8.1776 -3.0027 -60.755 8.752 -2.2981 -61.6391
4 16 16.6733 -2.2981 -56.1539 8.752 -2.2981 -61.6391 9.1358 -1.2438 -62.23 17.1999 -1.2438 -56.6219
4 16 17.3848 0 -56.7862 17.1999 -1.2438 -56.6219 9.1358 -1.2438 -62.23 9.2706 0 -62.4374
4 16 18.1774 2.2974 -46.6926 12.8478 2.2974 -52.7538 12.8478 -2.2974 -52.7538 18.1774 -2.2974 -46.6926
4 16 12.8478 2.2974 -52.7538 18.1774 2.2974 -46.6926 18.6398 2.7081 -46.9346 13.2379 2.7081 -53.1005
4 16 14.0259 3.1227 -53.8009 13.2379 2.7081 -53.1005 18.6398 2.7081 -46.9346 19.574 3.1227 -47.4234
4 16 14.0259 3.1227 -53.8009 19.574 3.1227 -47.4234 20.676 3.25 -48 14.9556 3.25 -54.6272
4 16 14.9556 3.25 -54.6272 20.676 3.25 -48 21.778 3.0027 -48.5766 15.8853 3.0027 -55.4535
4 16 16.6733 2.2981 -56.1539 15.8853 3.0027 -55.4535 21.778 3.0027 -48.5766 22.7122 2.2981 -49.0654
4 16 16.6733 2.2981 -56.1539 22.7122 2.2981 -49.0654 23.3365 1.2438 -49.3921 17.1999 1.2438 -56.6219
4 16 23.5556 0 -49.5067 17.3848 0 -56.7862 17.1999 1.2438 -56.6219 23.3365 1.2438 -49.3921
4 16 23.5556 0 -49.5067 23.3365 1.2438 -49.3921 27.1933 1.2438 -40.9775 27.4339 0 -41.0348
4 16 23.3365 1.2438 -49.3921 22.7122 2.2981 -49.0654 26.5079 2.2981 -40.8142 27.1933 1.2438 -40.9775
4 16 21.778 3.0027 -48.5766 25.4823 3.0027 -40.5698 26.5079 2.2981 -40.8142 22.7122 2.2981 -49.0654
4 16 21.778 3.0027 -48.5766 20.676 3.25 -48 24.2724 3.25 -40.2816 25.4823 3.0027 -40.5698
4 16 20.676 3.25 -48 19.574 3.1227 -47.4234 23.0625 3.1227 -39.9934 24.2724 3.25 -40.2816
4 16 18.6398 2.7081 -46.9346 22.0369 2.7081 -39.749 23.0625 3.1227 -39.9934 19.574 3.1227 -47.4234
4 16 18.6398 2.7081 -46.9346 18.1774 2.2974 -46.6926 21.5292 2.2974 -39.6281 22.0369 2.7081 -39.749
4 16 21.5292 -2.2974 -39.6281 21.5292 2.2974 -39.6281 18.1774 2.2974 -46.6926 18.1774 -2.2974 -46.6926
4 16 22.68 2.2974 -32 21.5292 2.2974 -39.6281 21.5292 -2.2974 -39.6281 22.68 -2.2974 -32
4 16 21.5292 2.2974 -39.6281 22.68 2.2974 -32 23.2019 2.7081 -32 22.0369 2.7081 -39.749
4 16 23.0625 3.1227 -39.9934 22.0369 2.7081 -39.749 23.2019 2.7081 -32 24.2562 3.1227 -32
4 16 23.0625 3.1227 -39.9934 24.2562 3.1227 -32 25.5 3.25 -32 24.2724 3.25 -40.2816
4 16 25.4823 3.0027 -40.5698 24.2724 3.25 -40.2816 25.5 3.25 -32 26.7438 3.0027 -32
4 16 25.4823 3.0027 -40.5698 26.7438 3.0027 -32 27.7981 2.2981 -32 26.5079 2.2981 -40.8142
4 16 26.5079 2.2981 -40.8142 27.7981 2.2981 -32 28.5027 1.2438 -32 27.1933 1.2438 -40.9775
4 16 27.4339 0 -41.0348 27.1933 1.2438 -40.9775 28.5027 1.2438 -32 28.75 0 -32
4 16 -1.9969 2.2974 -60.2087 -10.5 2.2974 -61.18 -10.5 -2.2974 -61.18 -1.9969 -2.2974 -60.2087
4 16 -1.9969 2.2974 -60.2087 -1.8463 2.7081 -60.7085 -10.5 2.7081 -61.7019 -10.5 2.2974 -61.18
4 16 -1.8463 2.7081 -60.7085 -1.5421 3.1227 -61.7179 -10.5 3.1227 -62.7562 -10.5 2.7081 -61.7019
4 16 -10.5 3.25 -64 -10.5 3.1227 -62.7562 -1.5421 3.1227 -61.7179 -1.1832 3.25 -62.9088
4 16 -10.5 3.0027 -65.2438 -10.5 3.25 -64 -1.1832 3.25 -62.9088 -.8243 3.0027 -64.0997
4 16 -10.5 3.0027 -65.2438 -.8243 3.0027 -64.0997 -.5201 2.2981 -65.1091 -10.5 2.2981 -66.2981
4 16 -10.5 2.2981 -66.2981 -.5201 2.2981 -65.1091 -.3168 1.2438 -65.7838 -10.5 1.2438 -67.0027
4 16 -10.5 0 -67.25 -10.5 1.2438 -67.0027 -.3168 1.2438 -65.7838 -.2455 0 -66.0206
4 16 -.2455 0 -66.0206 -.3168 1.2438 -65.7838 9.1358 1.2438 -62.23 9.2706 0 -62.4374
4 16 -.3168 1.2438 -65.7838 -.5201 2.2981 -65.1091 8.752 2.2981 -61.6391 9.1358 1.2438 -62.23
4 16 -.8243 3.0027 -64.0997 8.1776 3.0027 -60.755 8.752 2.2981 -61.6391 -.5201 2.2981 -65.1091
4 16 -.8243 3.0027 -64.0997 -1.1832 3.25 -62.9088 7.5 3.25 -59.712 8.1776 3.0027 -60.755
4 16 -1.1832 3.25 -62.9088 -1.5421 3.1227 -61.7179 6.8224 3.1227 -58.669 7.5 3.25 -59.712
4 16 -1.5421 3.1227 -61.7179 -1.8463 2.7081 -60.7085 6.248 2.7081 -57.7849 6.8224 3.1227 -58.669
4 16 -1.8463 2.7081 -60.7085 -1.9969 2.2974 -60.2087 5.9637 2.2974 -57.3472 6.248 2.7081 -57.7849
4 16 5.9637 2.2974 -57.3472 -1.9969 2.2974 -60.2087 -1.9969 -2.2974 -60.2087 5.9637 -2.2974 -57.3472
4 16 12.8478 2.2974 -52.7538 5.9637 2.2974 -57.3472 5.9637 -2.2974 -57.3472 12.8478 -2.2974 -52.7538
4 16 5.9637 2.2974 -57.3472 12.8478 2.2974 -52.7538 13.2379 2.7081 -53.1005 6.248 2.7081 -57.7849
4 16 6.8224 3.1227 -58.669 6.248 2.7081 -57.7849 13.2379 2.7081 -53.1005 14.0259 3.1227 -53.8009
4 16 6.8224 3.1227 -58.669 14.0259 3.1227 -53.8009 14.9556 3.25 -54.6272 7.5 3.25 -59.712
4 16 8.1776 3.0027 -60.755 7.5 3.25 -59.712 14.9556 3.25 -54.6272 15.8853 3.0027 -55.4535
4 16 8.1776 3.0027 -60.755 15.8853 3.0027 -55.4535 16.6733 2.2981 -56.1539 8.752 2.2981 -61.6391
4 16 9.1358 1.2438 -62.23 8.752 2.2981 -61.6391 16.6733 2.2981 -56.1539 17.1999 1.2438 -56.6219
4 16 9.1358 1.2438 -62.23 17.1999 1.2438 -56.6219 17.3848 0 -56.7862 9.2706 0 -62.4374
4 16 -38.3478 -2.2974 -52.7538 -43.6774 -2.2974 -46.6926 -44.1398 -2.7081 -46.9346 -38.7379 -2.7081 -53.1005
4 16 -39.5259 -3.1227 -53.8009 -38.7379 -2.7081 -53.1005 -44.1398 -2.7081 -46.9346 -45.074 -3.1227 -47.4234
4 16 -39.5259 -3.1227 -53.8009 -45.074 -3.1227 -47.4234 -46.176 -3.25 -48 -40.4556 -3.25 -54.6272
4 16 -40.4556 -3.25 -54.6272 -46.176 -3.25 -48 -47.278 -3.0027 -48.5766 -41.3853 -3.0027 -55.4535
4 16 -42.1733 -2.2981 -56.1539 -41.3853 -3.0027 -55.4535 -47.278 -3.0027 -48.5766 -48.2122 -2.2981 -49.0654
4 16 -42.1733 -2.2981 -56.1539 -48.2122 -2.2981 -49.0654 -48.8365 -1.2438 -49.3921 -42.6999 -1.2438 -56.6219
4 16 -49.0556 0 -49.5067 -42.8848 0 -56.7862 -42.6999 -1.2438 -56.6219 -48.8365 -1.2438 -49.3921
4 16 -49.0556 0 -49.5067 -48.8365 -1.2438 -49.3921 -52.6933 -1.2438 -40.9775 -52.9339 0 -41.0348
4 16 -48.8365 -1.2438 -49.3921 -48.2122 -2.2981 -49.0654 -52.0079 -2.2981 -40.8142 -52.6933 -1.2438 -40.9775
4 16 -47.278 -3.0027 -48.5766 -50.9823 -3.0027 -40.5698 -52.0079 -2.2981 -40.8142 -48.2122 -2.2981 -49.0654
4 16 -47.278 -3.0027 -48.5766 -46.176 -3.25 -48 -49.7724 -3.25 -40.2816 -50.9823 -3.0027 -40.5698
4 16 -46.176 -3.25 -48 -45.074 -3.1227 -47.4234 -48.5625 -3.1227 -39.9934 -49.7724 -3.25 -40.2816
4 16 -44.1398 -2.7081 -46.9346 -47.5369 -2.7081 -39.749 -48.5625 -3.1227 -39.9934 -45.074 -3.1227 -47.4234
4 16 -44.1398 -2.7081 -46.9346 -43.6774 -2.2974 -46.6926 -47.0292 -2.2974 -39.6281 -47.5369 -2.7081 -39.749
4 16 -47.0292 -2.2974 -39.6281 -48.18 -2.2974 -32 -48.7019 -2.7081 -32 -47.5369 -2.7081 -39.749
4 16 -48.5625 -3.1227 -39.9934 -47.5369 -2.7081 -39.749 -48.7019 -2.7081 -32 -49.7562 -3.1227 -32
4 16 -48.5625 -3.1227 -39.9934 -49.7562 -3.1227 -32 -51 -3.25 -32 -49.7724 -3.25 -40.2816
4 16 -50.9823 -3.0027 -40.5698 -49.7724 -3.25 -40.2816 -51 -3.25 -32 -52.2438 -3.0027 -32
4 16 -50.9823 -3.0027 -40.5698 -52.2438 -3.0027 -32 -53.2981 -2.2981 -32 -52.0079 -2.2981 -40.8142
4 16 -52.0079 -2.2981 -40.8142 -53.2981 -2.2981 -32 -54.0027 -1.2438 -32 -52.6933 -1.2438 -40.9775
4 16 -52.9339 0 -41.0348 -52.6933 -1.2438 -40.9775 -54.0027 -1.2438 -32 -54.25 0 -32
4 16 -23.5031 -2.2974 -60.2087 -23.6537 -2.7081 -60.7085 -15 -2.7081 -61.7019 -15 -2.2974 -61.18
4 16 -23.6537 -2.7081 -60.7085 -23.9579 -3.1227 -61.7179 -15 -3.1227 -62.7562 -15 -2.7081 -61.7019
4 16 -15 -3.25 -64 -15 -3.1227 -62.7562 -23.9579 -3.1227 -61.7179 -24.3168 -3.25 -62.9088
4 16 -15 -3.0027 -65.2438 -15 -3.25 -64 -24.3168 -3.25 -62.9088 -24.6757 -3.0027 -64.0997
4 16 -15 -3.0027 -65.2438 -24.6757 -3.0027 -64.0997 -24.9799 -2.2981 -65.1091 -15 -2.2981 -66.2981
4 16 -15 -2.2981 -66.2981 -24.9799 -2.2981 -65.1091 -25.1832 -1.2438 -65.7838 -15 -1.2438 -67.0027
4 16 -15 0 -67.25 -15 -1.2438 -67.0027 -25.1832 -1.2438 -65.7838 -25.2545 0 -66.0206
4 16 -25.2545 0 -66.0206 -25.1832 -1.2438 -65.7838 -34.6358 -1.2438 -62.23 -34.7706 0 -62.4374
4 16 -25.1832 -1.2438 -65.7838 -24.9799 -2.2981 -65.1091 -34.252 -2.2981 -61.6391 -34.6358 -1.2438 -62.23
4 16 -24.6757 -3.0027 -64.0997 -33.6776 -3.0027 -60.755 -34.252 -2.2981 -61.6391 -24.9799 -2.2981 -65.1091
4 16 -24.6757 -3.0027 -64.0997 -24.3168 -3.25 -62.9088 -33 -3.25 -59.712 -33.6776 -3.0027 -60.755
4 16 -24.3168 -3.25 -62.9088 -23.9579 -3.1227 -61.7179 -32.3224 -3.1227 -58.669 -33 -3.25 -59.712
4 16 -23.9579 -3.1227 -61.7179 -23.6537 -2.7081 -60.7085 -31.748 -2.7081 -57.7849 -32.3224 -3.1227 -58.669
4 16 -23.6537 -2.7081 -60.7085 -23.5031 -2.2974 -60.2087 -31.4637 -2.2974 -57.3472 -31.748 -2.7081 -57.7849
4 16 -31.4637 -2.2974 -57.3472 -38.3478 -2.2974 -52.7538 -38.7379 -2.7081 -53.1005 -31.748 -2.7081 -57.7849
4 16 -32.3224 -3.1227 -58.669 -31.748 -2.7081 -57.7849 -38.7379 -2.7081 -53.1005 -39.5259 -3.1227 -53.8009
4 16 -32.3224 -3.1227 -58.669 -39.5259 -3.1227 -53.8009 -40.4556 -3.25 -54.6272 -33 -3.25 -59.712
4 16 -33.6776 -3.0027 -60.755 -33 -3.25 -59.712 -40.4556 -3.25 -54.6272 -41.3853 -3.0027 -55.4535
4 16 -33.6776 -3.0027 -60.755 -41.3853 -3.0027 -55.4535 -42.1733 -2.2981 -56.1539 -34.252 -2.2981 -61.6391
4 16 -34.6358 -1.2438 -62.23 -34.252 -2.2981 -61.6391 -42.1733 -2.2981 -56.1539 -42.6999 -1.2438 -56.6219
4 16 -34.6358 -1.2438 -62.23 -42.6999 -1.2438 -56.6219 -42.8848 0 -56.7862 -34.7706 0 -62.4374
4 16 -38.3478 -2.2974 -52.7538 -38.3478 2.2974 -52.7538 -43.6774 2.2974 -46.6926 -43.6774 -2.2974 -46.6926
4 16 -44.1398 2.7081 -46.9346 -43.6774 2.2974 -46.6926 -38.3478 2.2974 -52.7538 -38.7379 2.7081 -53.1005
4 16 -44.1398 2.7081 -46.9346 -38.7379 2.7081 -53.1005 -39.5259 3.1227 -53.8009 -45.074 3.1227 -47.4234
4 16 -46.176 3.25 -48 -45.074 3.1227 -47.4234 -39.5259 3.1227 -53.8009 -40.4556 3.25 -54.6272
4 16 -47.278 3.0027 -48.5766 -46.176 3.25 -48 -40.4556 3.25 -54.6272 -41.3853 3.0027 -55.4535
4 16 -47.278 3.0027 -48.5766 -41.3853 3.0027 -55.4535 -42.1733 2.2981 -56.1539 -48.2122 2.2981 -49.0654
4 16 -48.8365 1.2438 -49.3921 -48.2122 2.2981 -49.0654 -42.1733 2.2981 -56.1539 -42.6999 1.2438 -56.6219
4 16 -42.6999 1.2438 -56.6219 -42.8848 0 -56.7862 -49.0556 0 -49.5067 -48.8365 1.2438 -49.3921
4 16 -52.6933 1.2438 -40.9775 -48.8365 1.2438 -49.3921 -49.0556 0 -49.5067 -52.9339 0 -41.0348
4 16 -52.0079 2.2981 -40.8142 -48.2122 2.2981 -49.0654 -48.8365 1.2438 -49.3921 -52.6933 1.2438 -40.9775
4 16 -52.0079 2.2981 -40.8142 -50.9823 3.0027 -40.5698 -47.278 3.0027 -48.5766 -48.2122 2.2981 -49.0654
4 16 -49.7724 3.25 -40.2816 -46.176 3.25 -48 -47.278 3.0027 -48.5766 -50.9823 3.0027 -40.5698
4 16 -48.5625 3.1227 -39.9934 -45.074 3.1227 -47.4234 -46.176 3.25 -48 -49.7724 3.25 -40.2816
4 16 -48.5625 3.1227 -39.9934 -47.5369 2.7081 -39.749 -44.1398 2.7081 -46.9346 -45.074 3.1227 -47.4234
4 16 -47.0292 2.2974 -39.6281 -43.6774 2.2974 -46.6926 -44.1398 2.7081 -46.9346 -47.5369 2.7081 -39.749
4 16 -43.6774 2.2974 -46.6926 -47.0292 2.2974 -39.6281 -47.0292 -2.2974 -39.6281 -43.6774 -2.2974 -46.6926
4 16 -47.0292 -2.2974 -39.6281 -47.0292 2.2974 -39.6281 -48.18 2.2974 -32 -48.18 -2.2974 -32
4 16 -48.7019 2.7081 -32 -48.18 2.2974 -32 -47.0292 2.2974 -39.6281 -47.5369 2.7081 -39.749
4 16 -48.7019 2.7081 -32 -47.5369 2.7081 -39.749 -48.5625 3.1227 -39.9934 -49.7562 3.1227 -32
4 16 -51 3.25 -32 -49.7562 3.1227 -32 -48.5625 3.1227 -39.9934 -49.7724 3.25 -40.2816
4 16 -51 3.25 -32 -49.7724 3.25 -40.2816 -50.9823 3.0027 -40.5698 -52.2438 3.0027 -32
4 16 -53.2981 2.2981 -32 -52.2438 3.0027 -32 -50.9823 3.0027 -40.5698 -52.0079 2.2981 -40.8142
4 16 -54.0027 1.2438 -32 -53.2981 2.2981 -32 -52.0079 2.2981 -40.8142 -52.6933 1.2438 -40.9775
4 16 -54.0027 1.2438 -32 -52.6933 1.2438 -40.9775 -52.9339 0 -41.0348 -54.25 0 -32
4 16 -15 -2.2974 -61.18 -15 2.2974 -61.18 -23.5031 2.2974 -60.2087 -23.5031 -2.2974 -60.2087
4 16 -15 2.7081 -61.7019 -23.6537 2.7081 -60.7085 -23.5031 2.2974 -60.2087 -15 2.2974 -61.18
4 16 -15 3.1227 -62.7562 -23.9579 3.1227 -61.7179 -23.6537 2.7081 -60.7085 -15 2.7081 -61.7019
4 16 -23.9579 3.1227 -61.7179 -15 3.1227 -62.7562 -15 3.25 -64 -24.3168 3.25 -62.9088
4 16 -24.3168 3.25 -62.9088 -15 3.25 -64 -15 3.0027 -65.2438 -24.6757 3.0027 -64.0997
4 16 -24.9799 2.2981 -65.1091 -24.6757 3.0027 -64.0997 -15 3.0027 -65.2438 -15 2.2981 -66.2981
4 16 -25.1832 1.2438 -65.7838 -24.9799 2.2981 -65.1091 -15 2.2981 -66.2981 -15 1.2438 -67.0027
4 16 -25.1832 1.2438 -65.7838 -15 1.2438 -67.0027 -15 0 -67.25 -25.2545 0 -66.0206
4 16 -34.6358 1.2438 -62.23 -25.1832 1.2438 -65.7838 -25.2545 0 -66.0206 -34.7706 0 -62.4374
4 16 -34.252 2.2981 -61.6391 -24.9799 2.2981 -65.1091 -25.1832 1.2438 -65.7838 -34.6358 1.2438 -62.23
4 16 -34.252 2.2981 -61.6391 -33.6776 3.0027 -60.755 -24.6757 3.0027 -64.0997 -24.9799 2.2981 -65.1091
4 16 -33 3.25 -59.712 -24.3168 3.25 -62.9088 -24.6757 3.0027 -64.0997 -33.6776 3.0027 -60.755
4 16 -32.3224 3.1227 -58.669 -23.9579 3.1227 -61.7179 -24.3168 3.25 -62.9088 -33 3.25 -59.712
4 16 -31.748 2.7081 -57.7849 -23.6537 2.7081 -60.7085 -23.9579 3.1227 -61.7179 -32.3224 3.1227 -58.669
4 16 -31.4637 2.2974 -57.3472 -23.5031 2.2974 -60.2087 -23.6537 2.7081 -60.7085 -31.748 2.7081 -57.7849
4 16 -23.5031 -2.2974 -60.2087 -23.5031 2.2974 -60.2087 -31.4637 2.2974 -57.3472 -31.4637 -2.2974 -57.3472
4 16 -31.4637 -2.2974 -57.3472 -31.4637 2.2974 -57.3472 -38.3478 2.2974 -52.7538 -38.3478 -2.2974 -52.7538
4 16 -38.7379 2.7081 -53.1005 -38.3478 2.2974 -52.7538 -31.4637 2.2974 -57.3472 -31.748 2.7081 -57.7849
4 16 -38.7379 2.7081 -53.1005 -31.748 2.7081 -57.7849 -32.3224 3.1227 -58.669 -39.5259 3.1227 -53.8009
4 16 -40.4556 3.25 -54.6272 -39.5259 3.1227 -53.8009 -32.3224 3.1227 -58.669 -33 3.25 -59.712
4 16 -40.4556 3.25 -54.6272 -33 3.25 -59.712 -33.6776 3.0027 -60.755 -41.3853 3.0027 -55.4535
4 16 -42.1733 2.2981 -56.1539 -41.3853 3.0027 -55.4535 -33.6776 3.0027 -60.755 -34.252 2.2981 -61.6391
4 16 -42.1733 2.2981 -56.1539 -34.252 2.2981 -61.6391 -34.6358 1.2438 -62.23 -42.6999 1.2438 -56.6219
4 16 -42.8848 0 -56.7862 -42.6999 1.2438 -56.6219 -34.6358 1.2438 -62.23 -34.7706 0 -62.4374
4 16 -3.0327 -3.25 -4.9497 .4497 -3.25 -4.9497 .4497 -3.25 4.9497 -3.0327 -3.25 4.9497
4 16 1.9673 -3.25 2.6789 .4497 -3.25 4.9497 .4497 -3.25 -4.9497 1.9673 -3.25 -2.6789
4 16 -3.0327 3.25 -4.9497 -3.0327 3.25 4.9497 .4497 3.25 4.9497 .4497 3.25 -4.9497
4 16 .4497 3.25 4.9497 1.9673 3.25 2.6789 1.9673 3.25 -2.6789 .4497 3.25 -4.9497
4 16 .4497 -3.25 -4.9497 .4497 3.25 -4.9497 1.9673 3.25 -2.6789 1.9673 -3.25 -2.6789
4 16 1.9673 -3.25 -2.6789 1.9673 3.25 -2.6789 1.9673 3.25 2.6789 1.9673 -3.25 2.6789
4 16 .4497 -3.25 4.9497 1.9673 -3.25 2.6789 1.9673 3.25 2.6789 .4497 3.25 4.9497
4 16 -3.0327 -3.25 4.9497 .4497 -3.25 4.9497 .4497 3.25 4.9497 -3.0327 3.25 4.9497
4 16 .4497 3.25 -4.9497 .4497 -3.25 -4.9497 -3.0327 -3.25 -4.9497 -3.0327 3.25 -4.9497
4 16 -3.0327 3.25 4.9497 -3.0327 3.25 -4.9497 -3.0327 -3.25 -4.9497 -3.0327 -3.25 4.9497
4 16 -3.0327 -2.29735 -2.82 -3.0327 -2.708075 -2.298075 -15 -2.7081 -2.2981 -15 -2.2974 -2.82
4 16 -3.0327 -3.122675 -1.243775 -15 -3.1227 -1.2438 -15 -2.7081 -2.2981 -3.0327 -2.708075 -2.298075
4 16 -3.0327 -3.25 0 -15 -3.25 0 -15 -3.1227 -1.2438 -3.0327 -3.122675 -1.243775
4 16 -15 -3.25 0 -3.0327 -3.25 0 -3.0327 -3.002675 1.243775 -15 -3.0027 1.2438
4 16 -15 -2.2981 2.2981 -15 -3.0027 1.2438 -3.0327 -3.002675 1.243775 -3.0327 -2.298075 2.298075
4 16 -15 -2.2981 2.2981 -3.0327 -2.298075 2.298075 -3.0327 -1.243775 3.002675 -15 -1.2438 3.0027
4 16 -15 0 3.25 -15 -1.2438 3.0027 -3.0327 -1.243775 3.002675 -3.0327 0 3.25
4 16 -15 2.7081 -2.2981 -3.0327 2.708075 -2.298075 -3.0327 2.29735 -2.82 -15 2.2974 -2.82
4 16 -15 2.7081 -2.2981 -15 3.1227 -1.2438 -3.0327 3.122675 -1.243775 -3.0327 2.708075 -2.298075
4 16 -15 3.1227 -1.2438 -15 3.25 0 -3.0327 3.25 0 -3.0327 3.122675 -1.243775
4 16 -3.0327 3.002675 1.243775 -3.0327 3.25 0 -15 3.25 0 -15 3.0027 1.2438
4 16 -3.0327 3.002675 1.243775 -15 3.0027 1.2438 -15 2.2981 2.2981 -3.0327 2.298075 2.298075
4 16 -3.0327 1.243775 3.002675 -3.0327 2.298075 2.298075 -15 2.2981 2.2981 -15 1.2438 3.0027
4 16 -3.0327 1.243775 3.002675 -15 1.2438 3.0027 -15 0 3.25 -3.0327 0 3.25
4 16 -15 -2.2974 -2.82 -15 2.2974 -2.82 -3.0327 2.29735 -2.82 -3.0327 -2.29735 -2.82
4 16 -44.1398 -2.7081 -17.0654 -43.6774 -2.2974 -17.3074 -38.3478 -2.2974 -11.2462 -38.7379 -2.7081 -10.8995
4 16 -44.1398 -2.7081 -17.0654 -38.7379 -2.7081 -10.8995 -39.5259 -3.1227 -10.1991 -45.074 -3.1227 -16.5766
4 16 -46.176 -3.25 -16 -45.074 -3.1227 -16.5766 -39.5259 -3.1227 -10.1991 -40.4556 -3.25 -9.3728
4 16 -47.278 -3.0027 -15.4234 -46.176 -3.25 -16 -40.4556 -3.25 -9.3728 -41.3853 -3.0027 -8.5465
4 16 -47.278 -3.0027 -15.4234 -41.3853 -3.0027 -8.5465 -42.1733 -2.2981 -7.8461 -48.2122 -2.2981 -14.9346
4 16 -48.8365 -1.2438 -14.6079 -48.2122 -2.2981 -14.9346 -42.1733 -2.2981 -7.8461 -42.6999 -1.2438 -7.3781
4 16 -42.6999 -1.2438 -7.3781 -42.8848 0 -7.2138 -49.0556 0 -14.4933 -48.8365 -1.2438 -14.6079
4 16 -52.6933 -1.2438 -23.0225 -48.8365 -1.2438 -14.6079 -49.0556 0 -14.4933 -52.9339 0 -22.9652
4 16 -52.0079 -2.2981 -23.1858 -48.2122 -2.2981 -14.9346 -48.8365 -1.2438 -14.6079 -52.6933 -1.2438 -23.0225
4 16 -52.0079 -2.2981 -23.1858 -50.9823 -3.0027 -23.4302 -47.278 -3.0027 -15.4234 -48.2122 -2.2981 -14.9346
4 16 -49.7724 -3.25 -23.7184 -46.176 -3.25 -16 -47.278 -3.0027 -15.4234 -50.9823 -3.0027 -23.4302
4 16 -48.5625 -3.1227 -24.0066 -45.074 -3.1227 -16.5766 -46.176 -3.25 -16 -49.7724 -3.25 -23.7184
4 16 -48.5625 -3.1227 -24.0066 -47.5369 -2.7081 -24.251 -44.1398 -2.7081 -17.0654 -45.074 -3.1227 -16.5766
4 16 -47.0292 -2.2974 -24.3719 -43.6774 -2.2974 -17.3074 -44.1398 -2.7081 -17.0654 -47.5369 -2.7081 -24.251
4 16 -48.7019 -2.7081 -32 -48.18 -2.2974 -32 -47.0292 -2.2974 -24.3719 -47.5369 -2.7081 -24.251
4 16 -48.7019 -2.7081 -32 -47.5369 -2.7081 -24.251 -48.5625 -3.1227 -24.0066 -49.7562 -3.1227 -32
4 16 -51 -3.25 -32 -49.7562 -3.1227 -32 -48.5625 -3.1227 -24.0066 -49.7724 -3.25 -23.7184
4 16 -51 -3.25 -32 -49.7724 -3.25 -23.7184 -50.9823 -3.0027 -23.4302 -52.2438 -3.0027 -32
4 16 -53.2981 -2.2981 -32 -52.2438 -3.0027 -32 -50.9823 -3.0027 -23.4302 -52.0079 -2.2981 -23.1858
4 16 -54.0027 -1.2438 -32 -53.2981 -2.2981 -32 -52.0079 -2.2981 -23.1858 -52.6933 -1.2438 -23.0225
4 16 -54.0027 -1.2438 -32 -52.6933 -1.2438 -23.0225 -52.9339 0 -22.9652 -54.25 0 -32
4 16 -15 -2.7081 -2.2981 -23.6537 -2.7081 -3.2915 -23.5031 -2.2974 -3.7913 -15 -2.2974 -2.82
4 16 -15 -3.1227 -1.2438 -23.9579 -3.1227 -2.2821 -23.6537 -2.7081 -3.2915 -15 -2.7081 -2.2981
4 16 -23.9579 -3.1227 -2.2821 -15 -3.1227 -1.2438 -15 -3.25 0 -24.3168 -3.25 -1.0912
4 16 -24.3168 -3.25 -1.0912 -15 -3.25 0 -15 -3.0027 1.2438 -24.6757 -3.0027 .0997
4 16 -24.9799 -2.2981 1.1091 -24.6757 -3.0027 .0997 -15 -3.0027 1.2438 -15 -2.2981 2.2981
4 16 -25.1832 -1.2438 1.7838 -24.9799 -2.2981 1.1091 -15 -2.2981 2.2981 -15 -1.2438 3.0027
4 16 -25.1832 -1.2438 1.7838 -15 -1.2438 3.0027 -15 0 3.25 -25.2545 0 2.0206
4 16 -34.6358 -1.2438 -1.77 -25.1832 -1.2438 1.7838 -25.2545 0 2.0206 -34.7706 0 -1.5626
4 16 -34.252 -2.2981 -2.3609 -24.9799 -2.2981 1.1091 -25.1832 -1.2438 1.7838 -34.6358 -1.2438 -1.77
4 16 -34.252 -2.2981 -2.3609 -33.6776 -3.0027 -3.245 -24.6757 -3.0027 .0997 -24.9799 -2.2981 1.1091
4 16 -33 -3.25 -4.288 -24.3168 -3.25 -1.0912 -24.6757 -3.0027 .0997 -33.6776 -3.0027 -3.245
4 16 -32.3224 -3.1227 -5.331 -23.9579 -3.1227 -2.2821 -24.3168 -3.25 -1.0912 -33 -3.25 -4.288
4 16 -31.748 -2.7081 -6.2151 -23.6537 -2.7081 -3.2915 -23.9579 -3.1227 -2.2821 -32.3224 -3.1227 -5.331
4 16 -31.4637 -2.2974 -6.6528 -23.5031 -2.2974 -3.7913 -23.6537 -2.7081 -3.2915 -31.748 -2.7081 -6.2151
4 16 -38.7379 -2.7081 -10.8995 -38.3478 -2.2974 -11.2462 -31.4637 -2.2974 -6.6528 -31.748 -2.7081 -6.2151
4 16 -38.7379 -2.7081 -10.8995 -31.748 -2.7081 -6.2151 -32.3224 -3.1227 -5.331 -39.5259 -3.1227 -10.1991
4 16 -40.4556 -3.25 -9.3728 -39.5259 -3.1227 -10.1991 -32.3224 -3.1227 -5.331 -33 -3.25 -4.288
4 16 -40.4556 -3.25 -9.3728 -33 -3.25 -4.288 -33.6776 -3.0027 -3.245 -41.3853 -3.0027 -8.5465
4 16 -42.1733 -2.2981 -7.8461 -41.3853 -3.0027 -8.5465 -33.6776 -3.0027 -3.245 -34.252 -2.2981 -2.3609
4 16 -42.1733 -2.2981 -7.8461 -34.252 -2.2981 -2.3609 -34.6358 -1.2438 -1.77 -42.6999 -1.2438 -7.3781
4 16 -42.8848 0 -7.2138 -42.6999 -1.2438 -7.3781 -34.6358 -1.2438 -1.77 -34.7706 0 -1.5626
4 16 -43.6774 2.2974 -17.3074 -38.3478 2.2974 -11.2462 -38.3478 -2.2974 -11.2462 -43.6774 -2.2974 -17.3074
4 16 -38.3478 2.2974 -11.2462 -43.6774 2.2974 -17.3074 -44.1398 2.7081 -17.0654 -38.7379 2.7081 -10.8995
4 16 -39.5259 3.1227 -10.1991 -38.7379 2.7081 -10.8995 -44.1398 2.7081 -17.0654 -45.074 3.1227 -16.5766
4 16 -39.5259 3.1227 -10.1991 -45.074 3.1227 -16.5766 -46.176 3.25 -16 -40.4556 3.25 -9.3728
4 16 -40.4556 3.25 -9.3728 -46.176 3.25 -16 -47.278 3.0027 -15.4234 -41.3853 3.0027 -8.5465
4 16 -42.1733 2.2981 -7.8461 -41.3853 3.0027 -8.5465 -47.278 3.0027 -15.4234 -48.2122 2.2981 -14.9346
4 16 -42.1733 2.2981 -7.8461 -48.2122 2.2981 -14.9346 -48.8365 1.2438 -14.6079 -42.6999 1.2438 -7.3781
4 16 -49.0556 0 -14.4933 -42.8848 0 -7.2138 -42.6999 1.2438 -7.3781 -48.8365 1.2438 -14.6079
4 16 -49.0556 0 -14.4933 -48.8365 1.2438 -14.6079 -52.6933 1.2438 -23.0225 -52.9339 0 -22.9652
4 16 -48.8365 1.2438 -14.6079 -48.2122 2.2981 -14.9346 -52.0079 2.2981 -23.1858 -52.6933 1.2438 -23.0225
4 16 -47.278 3.0027 -15.4234 -50.9823 3.0027 -23.4302 -52.0079 2.2981 -23.1858 -48.2122 2.2981 -14.9346
4 16 -47.278 3.0027 -15.4234 -46.176 3.25 -16 -49.7724 3.25 -23.7184 -50.9823 3.0027 -23.4302
4 16 -46.176 3.25 -16 -45.074 3.1227 -16.5766 -48.5625 3.1227 -24.0066 -49.7724 3.25 -23.7184
4 16 -44.1398 2.7081 -17.0654 -47.5369 2.7081 -24.251 -48.5625 3.1227 -24.0066 -45.074 3.1227 -16.5766
4 16 -44.1398 2.7081 -17.0654 -43.6774 2.2974 -17.3074 -47.0292 2.2974 -24.3719 -47.5369 2.7081 -24.251
4 16 -47.0292 -2.2974 -24.3719 -47.0292 2.2974 -24.3719 -43.6774 2.2974 -17.3074 -43.6774 -2.2974 -17.3074
4 16 -48.18 2.2974 -32 -47.0292 2.2974 -24.3719 -47.0292 -2.2974 -24.3719 -48.18 -2.2974 -32
4 16 -47.0292 2.2974 -24.3719 -48.18 2.2974 -32 -48.7019 2.7081 -32 -47.5369 2.7081 -24.251
4 16 -48.5625 3.1227 -24.0066 -47.5369 2.7081 -24.251 -48.7019 2.7081 -32 -49.7562 3.1227 -32
4 16 -48.5625 3.1227 -24.0066 -49.7562 3.1227 -32 -51 3.25 -32 -49.7724 3.25 -23.7184
4 16 -50.9823 3.0027 -23.4302 -49.7724 3.25 -23.7184 -51 3.25 -32 -52.2438 3.0027 -32
4 16 -50.9823 3.0027 -23.4302 -52.2438 3.0027 -32 -53.2981 2.2981 -32 -52.0079 2.2981 -23.1858
4 16 -52.0079 2.2981 -23.1858 -53.2981 2.2981 -32 -54.0027 1.2438 -32 -52.6933 1.2438 -23.0225
4 16 -52.9339 0 -22.9652 -52.6933 1.2438 -23.0225 -54.0027 1.2438 -32 -54.25 0 -32
4 16 -23.5031 2.2974 -3.7913 -15 2.2974 -2.82 -15 -2.2974 -2.82 -23.5031 -2.2974 -3.7913
4 16 -23.5031 2.2974 -3.7913 -23.6537 2.7081 -3.2915 -15 2.7081 -2.2981 -15 2.2974 -2.82
4 16 -23.6537 2.7081 -3.2915 -23.9579 3.1227 -2.2821 -15 3.1227 -1.2438 -15 2.7081 -2.2981
4 16 -15 3.25 0 -15 3.1227 -1.2438 -23.9579 3.1227 -2.2821 -24.3168 3.25 -1.0912
4 16 -15 3.0027 1.2438 -15 3.25 0 -24.3168 3.25 -1.0912 -24.6757 3.0027 .0997
4 16 -15 3.0027 1.2438 -24.6757 3.0027 .0997 -24.9799 2.2981 1.1091 -15 2.2981 2.2981
4 16 -15 2.2981 2.2981 -24.9799 2.2981 1.1091 -25.1832 1.2438 1.7838 -15 1.2438 3.0027
4 16 -15 0 3.25 -15 1.2438 3.0027 -25.1832 1.2438 1.7838 -25.2545 0 2.0206
4 16 -25.2545 0 2.0206 -25.1832 1.2438 1.7838 -34.6358 1.2438 -1.77 -34.7706 0 -1.5626
4 16 -25.1832 1.2438 1.7838 -24.9799 2.2981 1.1091 -34.252 2.2981 -2.3609 -34.6358 1.2438 -1.77
4 16 -24.6757 3.0027 .0997 -33.6776 3.0027 -3.245 -34.252 2.2981 -2.3609 -24.9799 2.2981 1.1091
4 16 -24.6757 3.0027 .0997 -24.3168 3.25 -1.0912 -33 3.25 -4.288 -33.6776 3.0027 -3.245
4 16 -24.3168 3.25 -1.0912 -23.9579 3.1227 -2.2821 -32.3224 3.1227 -5.331 -33 3.25 -4.288
4 16 -23.9579 3.1227 -2.2821 -23.6537 2.7081 -3.2915 -31.748 2.7081 -6.2151 -32.3224 3.1227 -5.331
4 16 -23.6537 2.7081 -3.2915 -23.5031 2.2974 -3.7913 -31.4637 2.2974 -6.6528 -31.748 2.7081 -6.2151
4 16 -31.4637 2.2974 -6.6528 -23.5031 2.2974 -3.7913 -23.5031 -2.2974 -3.7913 -31.4637 -2.2974 -6.6528
4 16 -38.3478 2.2974 -11.2462 -31.4637 2.2974 -6.6528 -31.4637 -2.2974 -6.6528 -38.3478 -2.2974 -11.2462
4 16 -31.4637 2.2974 -6.6528 -38.3478 2.2974 -11.2462 -38.7379 2.7081 -10.8995 -31.748 2.7081 -6.2151
4 16 -32.3224 3.1227 -5.331 -31.748 2.7081 -6.2151 -38.7379 2.7081 -10.8995 -39.5259 3.1227 -10.1991
4 16 -32.3224 3.1227 -5.331 -39.5259 3.1227 -10.1991 -40.4556 3.25 -9.3728 -33 3.25 -4.288
4 16 -33.6776 3.0027 -3.245 -33 3.25 -4.288 -40.4556 3.25 -9.3728 -41.3853 3.0027 -8.5465
4 16 -33.6776 3.0027 -3.245 -41.3853 3.0027 -8.5465 -42.1733 2.2981 -7.8461 -34.252 2.2981 -2.3609
4 16 -34.6358 1.2438 -1.77 -34.252 2.2981 -2.3609 -42.1733 2.2981 -7.8461 -42.6999 1.2438 -7.3781
4 16 -34.6358 1.2438 -1.77 -42.6999 1.2438 -7.3781 -42.8848 0 -7.2138 -34.7706 0 -1.5626
4 16 -15 2.2974 -61.18 -10.5 2.2974 -61.18 -10.5 2.7081 -61.7019 -15 2.7081 -61.7019
4 16 -15 3.1227 -62.7562 -15 2.7081 -61.7019 -10.5 2.7081 -61.7019 -10.5 3.1227 -62.7562
4 16 -15 3.1227 -62.7562 -10.5 3.1227 -62.7562 -10.5 3.25 -64 -15 3.25 -64
4 16 -10.5 3.25 -64 -10.5 3.0027 -65.2438 -15 3.0027 -65.2438 -15 3.25 -64
4 16 -10.5 3.0027 -65.2438 -10.5 2.2981 -66.2981 -15 2.2981 -66.2981 -15 3.0027 -65.2438
4 16 -10.5 2.2981 -66.2981 -10.5 1.2438 -67.0027 -15 1.2438 -67.0027 -15 2.2981 -66.2981
4 16 -10.5 1.2438 -67.0027 -10.5 0 -67.25 -15 0 -67.25 -15 1.2438 -67.0027
4 16 -10.5 -2.2974 -61.18 -10.5 2.2974 -61.18 -15 2.2974 -61.18 -15 -2.2974 -61.18
4 16 -10.5 -1.2438 -67.0027 -15 -1.2438 -67.0027 -15 0 -67.25 -10.5 0 -67.25
4 16 -10.5 -1.2438 -67.0027 -10.5 -2.2981 -66.2981 -15 -2.2981 -66.2981 -15 -1.2438 -67.0027
4 16 -10.5 -3.0027 -65.2438 -15 -3.0027 -65.2438 -15 -2.2981 -66.2981 -10.5 -2.2981 -66.2981
4 16 -10.5 -3.0027 -65.2438 -10.5 -3.25 -64 -15 -3.25 -64 -15 -3.0027 -65.2438
4 16 -15 -3.1227 -62.7562 -15 -3.25 -64 -10.5 -3.25 -64 -10.5 -3.1227 -62.7562
4 16 -15 -2.7081 -61.7019 -15 -3.1227 -62.7562 -10.5 -3.1227 -62.7562 -10.5 -2.7081 -61.7019
4 16 -15 -2.7081 -61.7019 -10.5 -2.7081 -61.7019 -10.5 -2.2974 -61.18 -15 -2.2974 -61.18
