0 BFC CERTIFY CCW
1 16 40 0 40 0 0 1 0 1 0 1 0 0 parts/s/73832s01.dat
1 16 40 0 40 1 0 0 0 1 0 0 0 1 parts/s/73832s01.dat
3 16 44.698 16 75.6904 40 16 76 40 16 80
4 16 40 16 76 24 16 76 20 16 80 40 16 80
4 16 20 16 0 24 16 4 76 16 4 80 16 0
3 16 76 16 40 75.6904 16 44.698 80 16 40
4 16 80 16 0 76 16 4 76 16 40 80 16 40
4 16 24 16 76 24 16 4 20 16 0 20 16 80
1 16 50 14 4 26 0 0 0 0 -2 0 -1 0 p/rect.dat
4 16 24 16 76 24 4 76 24 4 44 24 12 44
4 16 24 12 44 24 12 4 24 16 4 24 16 76
4 16 76 16 40 76 12 40 75.736 12 44 75.69 16 44.698
4 16 75.69 16 44.698 75.736 12 44 75.736 4 44 75.6904 4 44.698
1 16 76 14 22 0 1 0 0 0 2 -18 0 0 p/rect2p.dat
1 16 32 10 76 0 0 -8 -6 0 0 0 1 0 p/rect3.dat
1 16 42.349 10 75.8452 2.349 1 0 0 0 -6 -.1548 0 0 p/rect2p.dat
1 16 49.868 8 44 -25.868 0 0 0 0 -4 0 -1 0 p/rect.dat
3 16 24 12 44 75.736 12 44 76 12 40
4 16 76 12 40 76 12 4 24 12 4 24 12 44
4 16 24 4 44 24 4 76 40 4 76 44.698 4 75.6904
4 16 44.698 4 75.6904 61.9153 4 68.5598 68.5598 4 61.9153 24 4 44
4 16 68.5598 4 61.9153 75.6904 4 44.698 75.736 4 44 24 4 44
1 16 50 4 60 1 0 0 0 -3 0 0 0 -1 p/stug4-1x2.dat
1 16 50 12 20 1 0 0 0 -1 0 0 0 -1 p/stug4-1x2.dat
1 16 60 12 40 1 0 0 0 -1 0 0 0 -1 p/stud4a.dat
1 16 40 12 40 1 0 0 0 -1 0 0 0 -1 p/stud4a.dat
1 16 40 12 40 0 0 -8 0 -8 0 8 0 0 p/3-16cyli.dat
1 16 40 12 40 0 0 8 0 -8 0 8 0 0 p/3-16cyli.dat
0 BFC INVERTNEXT
1 16 40 12 40 0 0 -6 0 -8 0 6 0 0 p/3-16cyli.dat
0 BFC INVERTNEXT
1 16 40 12 40 0 0 6 0 -8 0 6 0 0 p/3-16cyli.dat
1 16 40 4 40 0 0 -8 0 -1 0 8 0 0 p/3-16edge.dat
1 16 40 4 40 0 0 8 0 -1 0 8 0 0 p/3-16edge.dat
1 16 40 4 40 0 0 -6 0 1 0 6 0 0 p/3-16edge.dat
1 16 40 4 40 0 0 6 0 1 0 6 0 0 p/3-16edge.dat
1 16 40 12 40 0 0 -8 0 -1 0 -8 0 0 p/5-16edge.dat
1 16 40 12 40 0 0 8 0 -1 0 -8 0 0 p/5-16edge.dat
1 16 40 12 40 0 0 -6 0 1 0 -6 0 0 p/5-16edge.dat
1 16 40 12 40 0 0 6 0 1 0 -6 0 0 p/5-16edge.dat
1 16 60 12 40 0 0 -8 0 -8 0 8 0 0 p/3-16cyli.dat
1 16 60 12 40 0 0 8 0 -8 0 8 0 0 p/3-16cyli.dat
0 BFC INVERTNEXT
1 16 60 12 40 0 0 -6 0 -8 0 6 0 0 p/3-16cyli.dat
0 BFC INVERTNEXT
1 16 60 12 40 0 0 6 0 -8 0 6 0 0 p/3-16cyli.dat
1 16 60 4 40 0 0 -8 0 -1 0 8 0 0 p/3-16edge.dat
1 16 60 4 40 0 0 8 0 -1 0 8 0 0 p/3-16edge.dat
1 16 60 4 40 0 0 -6 0 1 0 6 0 0 p/3-16edge.dat
1 16 60 4 40 0 0 6 0 1 0 6 0 0 p/3-16edge.dat
1 16 60 12 40 0 0 -8 0 -1 0 -8 0 0 p/5-16edge.dat
1 16 60 12 40 0 0 8 0 -1 0 -8 0 0 p/5-16edge.dat
1 16 60 12 40 0 0 -6 0 1 0 -6 0 0 p/5-16edge.dat
1 16 60 12 40 0 0 6 0 1 0 -6 0 0 p/5-16edge.dat
1 16 50 12 20 30 0 0 0 -4 0 0 0 -20 p/box2-5.dat
3 16 80 8 40 80 8 0 80 11 40
4 16 80 11 40 80 8 0 80 16 0 80 16 40
4 16 20 16 0 20 8 44 20 8 76 20 16 80
3 16 20 8 76 20 8 80 20 16 80
3 16 20 16 0 20 8 0 20 8 40
3 16 20 8 40 20 8 44 20 16 0
4 16 20 8 80 40 11 80 40 16 80 20 16 80
3 16 20 8 80 40 8 80 40 11 80
3 16 40 8 80 20 8 80 40 0 80
3 16 20 8 40 80 8 40 80 0 40
1 16 -40 0 40 0 0 -1 0 1 0 1 0 0 parts/s/73832s01.dat
1 16 -40 0 40 -1 0 0 0 1 0 0 0 1 parts/s/73832s01.dat
3 16 -40 16 76 -44.698 16 75.6904 -40 16 80
4 16 -20 16 80 -24 16 76 -40 16 76 -40 16 80
4 16 -76 16 4 -24 16 4 -20 16 0 -80 16 0
3 16 -75.6904 16 44.698 -76 16 40 -80 16 40
4 16 -76 16 40 -76 16 4 -80 16 0 -80 16 40
4 16 -20 16 0 -24 16 4 -24 16 76 -20 16 80
1 16 -50 14 4 -26 0 0 0 0 -2 0 -1 0 p/rect.dat
4 16 -24 4 44 -24 4 76 -24 16 76 -24 12 44
4 16 -24 16 4 -24 12 4 -24 12 44 -24 16 76
4 16 -75.736 12 44 -76 12 40 -76 16 40 -75.69 16 44.698
4 16 -75.736 4 44 -75.736 12 44 -75.69 16 44.698 -75.6904 4 44.698
1 16 -76 14 22 0 -1 0 0 0 2 -18 0 0 p/rect2p.dat
1 16 -32 10 76 0 0 8 -6 0 0 0 1 0 p/rect3.dat
1 16 -42.349 10 75.8452 -2.349 -1 0 0 0 -6 -.1548 0 0 p/rect2p.dat
1 16 -49.868 8 44 25.868 0 0 0 0 -4 0 -1 0 p/rect.dat
3 16 -75.736 12 44 -24 12 44 -76 12 40
4 16 -24 12 4 -76 12 4 -76 12 40 -24 12 44
4 16 -40 4 76 -24 4 76 -24 4 44 -44.698 4 75.6904
4 16 -68.5598 4 61.9153 -61.9153 4 68.5598 -44.698 4 75.6904 -24 4 44
4 16 -75.736 4 44 -75.6904 4 44.698 -68.5598 4 61.9153 -24 4 44
1 16 -50 4 60 -1 0 0 0 -3 0 0 0 -1 p/stug4-1x2.dat
1 16 -50 12 20 -1 0 0 0 -1 0 0 0 -1 p/stug4-1x2.dat
1 16 -60 12 40 -1 0 0 0 -1 0 0 0 -1 p/stud4a.dat
1 16 -40 12 40 -1 0 0 0 -1 0 0 0 -1 p/stud4a.dat
1 16 -40 12 40 0 0 8 0 -8 0 8 0 0 p/3-16cyli.dat
1 16 -40 12 40 0 0 -8 0 -8 0 8 0 0 p/3-16cyli.dat
0 BFC INVERTNEXT
1 16 -40 12 40 0 0 6 0 -8 0 6 0 0 p/3-16cyli.dat
0 BFC INVERTNEXT
1 16 -40 12 40 0 0 -6 0 -8 0 6 0 0 p/3-16cyli.dat
1 16 -40 4 40 0 0 8 0 -1 0 8 0 0 p/3-16edge.dat
1 16 -40 4 40 0 0 -8 0 -1 0 8 0 0 p/3-16edge.dat
1 16 -40 4 40 0 0 6 0 1 0 6 0 0 p/3-16edge.dat
1 16 -40 4 40 0 0 -6 0 1 0 6 0 0 p/3-16edge.dat
1 16 -40 12 40 0 0 8 0 -1 0 -8 0 0 p/5-16edge.dat
1 16 -40 12 40 0 0 -8 0 -1 0 -8 0 0 p/5-16edge.dat
1 16 -40 12 40 0 0 6 0 1 0 -6 0 0 p/5-16edge.dat
1 16 -40 12 40 0 0 -6 0 1 0 -6 0 0 p/5-16edge.dat
1 16 -60 12 40 0 0 8 0 -8 0 8 0 0 p/3-16cyli.dat
1 16 -60 12 40 0 0 -8 0 -8 0 8 0 0 p/3-16cyli.dat
0 BFC INVERTNEXT
1 16 -60 12 40 0 0 6 0 -8 0 6 0 0 p/3-16cyli.dat
0 BFC INVERTNEXT
1 16 -60 12 40 0 0 -6 0 -8 0 6 0 0 p/3-16cyli.dat
1 16 -60 4 40 0 0 8 0 -1 0 8 0 0 p/3-16edge.dat
1 16 -60 4 40 0 0 -8 0 -1 0 8 0 0 p/3-16edge.dat
1 16 -60 4 40 0 0 6 0 1 0 6 0 0 p/3-16edge.dat
1 16 -60 4 40 0 0 -6 0 1 0 6 0 0 p/3-16edge.dat
1 16 -60 12 40 0 0 8 0 -1 0 -8 0 0 p/5-16edge.dat
1 16 -60 12 40 0 0 -8 0 -1 0 -8 0 0 p/5-16edge.dat
1 16 -60 12 40 0 0 6 0 1 0 -6 0 0 p/5-16edge.dat
1 16 -60 12 40 0 0 -6 0 1 0 -6 0 0 p/5-16edge.dat
1 16 -50 12 20 -30 0 0 0 -4 0 0 0 -20 p/box2-5.dat
3 16 -80 8 0 -80 8 40 -80 11 40
4 16 -80 16 0 -80 8 0 -80 11 40 -80 16 40
4 16 -20 8 76 -20 8 44 -20 16 0 -20 16 80
3 16 -20 8 80 -20 8 76 -20 16 80
3 16 -20 8 0 -20 16 0 -20 8 40
3 16 -20 8 44 -20 8 40 -20 16 0
4 16 -40 16 80 -40 11 80 -20 8 80 -20 16 80
3 16 -40 8 80 -20 8 80 -40 11 80
3 16 -20 8 80 -40 8 80 -40 0 80
3 16 -80 8 40 -20 8 40 -80 0 40
1 16 0 8 78 -20 0 0 0 -1 0 0 0 2 p/rect3.dat
0 BFC INVERTNEXT
1 16 0 8 60 0 0 -20 0 -4 0 16 0 0 p/box5-2p.dat
1 16 0 8 42 20 0 0 0 -1 0 0 0 -2 p/rect3.dat
1 16 -20 4 60 0 0 1 0 -1 0 1 0 0 p/2-4stud4.dat
1 16 20 4 60 0 0 -1 0 -1 0 1 0 0 p/2-4stud4.dat
1 16 20 6 53 0 1 0 0 0 2 1 0 0 p/recte3.dat
1 16 20 6 67 0 1 0 0 0 2 1 0 0 p/recte3.dat
1 16 -20 6 53 0 1 0 0 0 2 1 0 0 p/recte3.dat
1 16 -20 6 67 0 1 0 0 0 2 1 0 0 p/recte3.dat
1 16 0 6 60 1 0 0 0 -1 0 0 0 1 p/stud4.dat
4 16 -20 8 40 20 8 40 80 0 40 -80 0 40
1 16 0 4 40 80 0 0 0 0 -4 0 1 0 p/recte3.dat
4 16 68.284 0 68.284 40 0 80 -40 0 80 -68.284 0 68.284
4 16 80 0 40 68.284 0 68.284 -68.284 0 68.284 -80 0 40
4 16 40 0 80 20 8 80 -20 8 80 -40 0 80
1 16 0 0 60 0 0 1 0 1 0 -1 0 0 p/stug-2x2.dat
1 16 50 0 70 0 0 1 0 1 0 -1 0 0 p/stud.dat
1 16 70 0 50 0 0 1 0 1 0 -1 0 0 p/stud.dat
1 16 -50 0 70 0 0 1 0 1 0 -1 0 0 p/stud.dat
1 16 -70 0 50 0 0 1 0 1 0 -1 0 0 p/stud.dat
1 16 50 8 30 0 0 1 0 1 0 -1 0 0 p/stug-3x1.dat
1 16 50 8 10 0 0 1 0 1 0 -1 0 0 p/stug-3x1.dat
1 16 -50 8 30 0 0 1 0 1 0 -1 0 0 p/stug-3x1.dat
1 16 -50 8 10 0 0 1 0 1 0 -1 0 0 p/stug-3x1.dat
