0 BFC CERTIFY CCW
4 16 -160 8 -60 -160 8 -57 -124 8 -57 -124 8 -60
4 16 -160 8 -43.50 -156 8 -40.50 -124 8 -40.50 -124 8 -43.50
4 16 -144 8 -57 -144 8 -43.50 -140 8 -43.50 -140 8 -57
4 16 -81 8 -57 -81 8 -43.50 -79 8 -43.50 -79 8 -57
4 16 -1 8 -57 -1 8 -43.50 1 8 -43.50 1 8 -57
4 16 79 8 -57 79 8 -43.50 81 8 -43.50 81 8 -57
4 16 140 8 -57 140 8 -43.50 144 8 -43.50 144 8 -57
4 16 -116 8 -60 -116 8 -57 160 8 -57 160 8 -60
4 16 -116 8 -43.50 -116 8 -40.50 156 8 -40.50 160 8 -43.50
1 16 -132 5.5 -57 8 0 0 0 0 -2.5 0 -1 0 p/rect.dat
1 16 -132 5.50 -43.50 8 0 0 0 0 -2.50 0 1 0 p/rect.dat
0 BFC INVERTNEXT
1 16 -120 8 -58.50 0 0 4 0 -5 0 1.50 0 0 p/box3u8p.dat
0 BFC INVERTNEXT
1 16 -120 8 -42 0 0 4 0 -5 0 1.50 0 0 p/box3u8p.dat
1 16 -98.5 5.5 -57 17.5 0 0 0 0 -2.5 0 -1 0 p/rect.dat
1 16 -98.50 5.50 -43.50 17.50 0 0 0 0 -2.50 0 1 0 p/rect.dat
1 16 -110.5 1.5 -55.25 29.5 0 0 0 0 -1.5 0 -1 0 p/rect.dat
1 16 -110.50 1.50 -45.25 29.50 0 0 0 0 -1.50 0 1 0 p/rect.dat
1 16 -126.5 -2.9 -53.75 7.5 0 0 0 0 -2.6 0 -1 0 p/rect.dat
1 16 -126.50 -2.90 -46.75 7.50 0 0 0 0 -2.60 0 1 0 p/rect.dat
4 16 -140 8 -60 -124 8 -60 -124 3 -60 -140 0 -60
4 16 -124 3 -60 -116 3 -60 -100 0 -60 -140 0 -60
4 16 -116 8 -60 -100 8 -60 -100 0 -60 -116 3 -60
4 16 -124 3 -40.5 -124 8 -40.5 -140 8 -40.5 -140 0 -40.5
4 16 -100 0 -40.5 -116 3 -40.5 -124 3 -40.5 -140 0 -40.5
4 16 -100 0 -40.5 -100 8 -40.5 -116 8 -40.5 -116 3 -40.5
4 16 -140 8 -57 -140 8 -43.50 -140 3 -43.50 -140 3 -57
4 16 -81 3 -43.5 -81 8 -43.5 -81 8 -57 -81 3 -57
4 16 -140 3 -57 -140 3 -55.25 -81 3 -55.25 -81 3 -57
4 16 -140 3 -45.25 -140 3 -43.50 -81 3 -43.50 -81 3 -45.25
4 16 -140 3 -55.25 -140 3 -45.25 -140 0 -45.25 -140 0 -55.25
4 16 -81 0 -45.25 -81 3 -45.25 -81 3 -55.25 -81 0 -55.25
3 16 -140 0 -55.25 -140 0 -45.25 -140 -1 -50.25
3 16 -81 0 -45.25 -81 0 -55.25 -81 -1 -50.25
4 16 -140 0 -55.25 -140 -1 -50.25 -134 -1 -50.25 -134 0 -55.25
4 16 -140 -1 -50.25 -140 0 -45.25 -134 0 -45.25 -134 -1 -50.25
4 16 -134 0 -55.25 -134 -0.30 -53.75 -119 -0.30 -53.75 -119 0 -55.25
4 16 -134 -0.30 -46.75 -134 0 -45.25 -119 0 -45.25 -119 -0.30 -46.75
4 16 -119 0 -55.25 -119 -1 -50.25 -81 -1 -50.25 -81 0 -55.25
4 16 -119 -1 -50.25 -119 0 -45.25 -81 0 -45.25 -81 -1 -50.25
3 16 -134 -0.30 -53.75 -134 -1 -50.25 -134 -11 -53.75
4 16 -134 -1 -50.25 -134 -0.30 -46.75 -134 -11 -46.75 -134 -11 -53.75
3 16 -119 -1 -50.25 -119 -.3 -53.75 -119 -11 -53.75
4 16 -119 -11 -46.75 -119 -.3 -46.75 -119 -1 -50.25 -119 -11 -53.75
3 16 -134 -3.5 -53.75 -134 -3.13 -55.25 -134 -5.5 -53.75
3 16 -134 -3.13 -45.25 -134 -3.5 -46.75 -134 -5.5 -46.75
4 16 -134 -3.13 -55.25 -119 -3.13 -55.25 -119 -5.50 -53.75 -134 -5.50 -53.75
4 16 -134 -5.50 -46.75 -119 -5.50 -46.75 -119 -3.13 -45.25 -134 -3.13 -45.25
3 16 -119 -3.13 -55.25 -119 -3.50 -53.75 -119 -5.50 -53.75
3 16 -119 -3.50 -46.75 -119 -3.13 -45.25 -119 -5.50 -46.75
4 16 -134 -11 -53.75 -134 -11 -46.75 -131.50 -11 -46.75 -131.50 -11 -53.75
4 16 -131.50 -11 -51.25 -131.50 -11 -49.25 -121.50 -11 -49.25 -121.50 -11 -51.25
4 16 -121.50 -11 -53.75 -121.50 -11 -46.75 -119 -11 -46.75 -119 -11 -53.75
1 16 -40 4 -60 20 0 0 0 0 -4 0 1 0 p/rect.dat
1 16 -40 5.5 -57 39 0 0 0 0 -2.5 0 -1 0 p/rect.dat
1 16 -40 5.50 -43.50 39 0 0 0 0 -2.50 0 1 0 p/rect.dat
1 16 -40 4 -40.5 20 0 0 0 0 -4 0 -1 0 p/rect.dat
1 16 -40 1.5 -55.25 39 0 0 0 0 -1.5 0 -1 0 p/rect.dat
1 16 -40 1.50 -45.25 39 0 0 0 0 -1.50 0 1 0 p/rect.dat
1 16 -40 -2.9 -53.75 7.5 0 0 0 0 -2.6 0 -1 0 p/rect.dat
1 16 -40 -2.90 -46.75 7.50 0 0 0 0 -2.60 0 1 0 p/rect.dat
4 16 -79 8 -57 -79 8 -43.50 -79 3 -43.50 -79 3 -57
4 16 -1 3 -43.5 -1 8 -43.5 -1 8 -57 -1 3 -57
4 16 -79 3 -57 -79 3 -55.25 -1 3 -55.25 -1 3 -57
4 16 -79 3 -45.25 -79 3 -43.50 -1 3 -43.50 -1 3 -45.25
4 16 -79 3 -55.25 -79 3 -45.25 -79 0 -45.25 -79 0 -55.25
4 16 -1 0 -45.25 -1 3 -45.25 -1 3 -55.25 -1 0 -55.25
3 16 -79 0 -55.25 -79 0 -45.25 -79 -1 -50.25
3 16 -1 0 -45.25 -1 0 -55.25 -1 -1 -50.25
4 16 -79 0 -55.25 -79 -1 -50.25 -47.50 -1 -50.25 -47.50 0 -55.25
4 16 -79 -1 -50.25 -79 0 -45.25 -47.50 0 -45.25 -47.50 -1 -50.25
4 16 -47.50 0 -55.25 -47.50 -0.30 -53.75 -32.50 -0.30 -53.75 -32.50 0 -55.25
4 16 -47.50 -0.30 -46.75 -47.50 0 -45.25 -32.50 0 -45.25 -32.50 -0.30 -46.75
4 16 -32.50 0 -55.25 -32.50 -1 -50.25 -1 -1 -50.25 -1 0 -55.25
4 16 -32.50 -1 -50.25 -32.50 0 -45.25 -1 0 -45.25 -1 -1 -50.25
3 16 -47.50 -0.30 -53.75 -47.50 -1 -50.25 -47.50 -11 -53.75
4 16 -47.50 -1 -50.25 -47.50 -0.30 -46.75 -47.50 -11 -46.75 -47.50 -11 -53.75
3 16 -32.5 -1 -50.25 -32.5 -.3 -53.75 -32.5 -11 -53.75
4 16 -32.5 -11 -46.75 -32.5 -.3 -46.75 -32.5 -1 -50.25 -32.5 -11 -53.75
3 16 -47.5 -3.5 -53.75 -47.5 -3.13 -55.25 -47.5 -5.5 -53.75
3 16 -47.5 -3.13 -45.25 -47.5 -3.5 -46.75 -47.5 -5.5 -46.75
4 16 -47.50 -3.13 -55.25 -32.50 -3.13 -55.25 -32.50 -5.50 -53.75 -47.50 -5.50 -53.75
4 16 -47.50 -5.50 -46.75 -32.50 -5.50 -46.75 -32.50 -3.13 -45.25 -47.50 -3.13 -45.25
3 16 -32.50 -3.13 -55.25 -32.50 -3.50 -53.75 -32.50 -5.50 -53.75
3 16 -32.50 -3.50 -46.75 -32.50 -3.13 -45.25 -32.50 -5.50 -46.75
4 16 -47.50 -11 -53.75 -47.50 -11 -46.75 -45 -11 -46.75 -45 -11 -53.75
4 16 -45 -11 -51.25 -45 -11 -49.25 -35 -11 -49.25 -35 -11 -51.25
4 16 -35 -11 -53.75 -35 -11 -46.75 -32.50 -11 -46.75 -32.50 -11 -53.75
1 16 40 4 -60 20 0 0 0 0 -4 0 1 0 p/rect.dat
1 16 40 5.5 -57 39 0 0 0 0 -2.5 0 -1 0 p/rect.dat
1 16 40 5.50 -43.50 39 0 0 0 0 -2.50 0 1 0 p/rect.dat
1 16 40 4 -40.5 20 0 0 0 0 -4 0 -1 0 p/rect.dat
1 16 40 1.5 -55.25 39 0 0 0 0 -1.5 0 -1 0 p/rect.dat
1 16 40 1.50 -45.25 39 0 0 0 0 -1.50 0 1 0 p/rect.dat
1 16 40 -2.9 -53.75 7.5 0 0 0 0 -2.6 0 -1 0 p/rect.dat
1 16 40 -2.90 -46.75 7.50 0 0 0 0 -2.60 0 1 0 p/rect.dat
4 16 1 8 -57 1 8 -43.50 1 3 -43.50 1 3 -57
4 16 79 3 -43.5 79 8 -43.5 79 8 -57 79 3 -57
4 16 1 3 -57 1 3 -55.25 79 3 -55.25 79 3 -57
4 16 1 3 -45.25 1 3 -43.50 79 3 -43.50 79 3 -45.25
4 16 1 3 -55.25 1 3 -45.25 1 0 -45.25 1 0 -55.25
4 16 79 0 -45.25 79 3 -45.25 79 3 -55.25 79 0 -55.25
3 16 1 0 -55.25 1 0 -45.25 1 -1 -50.25
3 16 79 0 -45.25 79 0 -55.25 79 -1 -50.25
4 16 1 0 -55.25 1 -1 -50.25 32.50 -1 -50.25 32.50 0 -55.25
4 16 1 -1 -50.25 1 0 -45.25 32.50 0 -45.25 32.50 -1 -50.25
4 16 32.50 0 -55.25 32.50 -0.30 -53.75 47.50 -0.30 -53.75 47.50 0 -55.25
4 16 32.50 -0.30 -46.75 32.50 0 -45.25 47.50 0 -45.25 47.50 -0.30 -46.75
4 16 47.50 0 -55.25 47.50 -1 -50.25 79 -1 -50.25 79 0 -55.25
4 16 47.50 -1 -50.25 47.50 0 -45.25 79 0 -45.25 79 -1 -50.25
3 16 32.50 -0.30 -53.75 32.50 -1 -50.25 32.50 -11 -53.75
4 16 32.50 -1 -50.25 32.50 -0.30 -46.75 32.50 -11 -46.75 32.50 -11 -53.75
3 16 47.5 -1 -50.25 47.5 -.3 -53.75 47.5 -11 -53.75
4 16 47.5 -11 -46.75 47.5 -.3 -46.75 47.5 -1 -50.25 47.5 -11 -53.75
3 16 32.5 -3.5 -53.75 32.5 -3.13 -55.25 32.5 -5.5 -53.75
3 16 32.5 -3.13 -45.25 32.5 -3.5 -46.75 32.5 -5.5 -46.75
4 16 32.50 -3.13 -55.25 47.50 -3.13 -55.25 47.50 -5.50 -53.75 32.50 -5.50 -53.75
4 16 32.50 -5.50 -46.75 47.50 -5.50 -46.75 47.50 -3.13 -45.25 32.50 -3.13 -45.25
3 16 47.50 -3.13 -55.25 47.50 -3.50 -53.75 47.50 -5.50 -53.75
3 16 47.50 -3.50 -46.75 47.50 -3.13 -45.25 47.50 -5.50 -46.75
4 16 32.50 -11 -53.75 32.50 -11 -46.75 35 -11 -46.75 35 -11 -53.75
4 16 35 -11 -51.25 35 -11 -49.25 45 -11 -49.25 45 -11 -51.25
4 16 45 -11 -53.75 45 -11 -46.75 47.50 -11 -46.75 47.50 -11 -53.75
1 16 120 4 -60 20 0 0 0 0 -4 0 1 0 p/rect.dat
1 16 110.5 5.5 -57 29.5 0 0 0 0 -2.5 0 -1 0 p/rect.dat
1 16 110.50 5.50 -43.50 29.50 0 0 0 0 -2.50 0 1 0 p/rect.dat
1 16 120 4 -40.5 20 0 0 0 0 -4 0 -1 0 p/rect.dat
1 16 110.5 1.5 -55.25 29.5 0 0 0 0 -1.5 0 -1 0 p/rect.dat
1 16 110.50 1.50 -45.25 29.50 0 0 0 0 -1.50 0 1 0 p/rect.dat
1 16 126.5 -2.9 -53.75 7.5 0 0 0 0 -2.6 0 -1 0 p/rect.dat
1 16 126.50 -2.90 -46.75 7.50 0 0 0 0 -2.60 0 1 0 p/rect.dat
4 16 81 8 -57 81 8 -43.50 81 3 -43.50 81 3 -57
4 16 140 3 -43.5 140 8 -43.5 140 8 -57 140 3 -57
4 16 81 3 -57 81 3 -55.25 140 3 -55.25 140 3 -57
4 16 81 3 -45.25 81 3 -43.50 140 3 -43.50 140 3 -45.25
4 16 81 3 -55.25 81 3 -45.25 81 0 -45.25 81 0 -55.25
4 16 140 0 -45.25 140 3 -45.25 140 3 -55.25 140 0 -55.25
3 16 81 0 -55.25 81 0 -45.25 81 -1 -50.25
3 16 140 0 -45.25 140 0 -55.25 140 -1 -50.25
4 16 81 0 -55.25 81 -1 -50.25 119 -1 -50.25 119 0 -55.25
4 16 81 -1 -50.25 81 0 -45.25 119 0 -45.25 119 -1 -50.25
4 16 119 0 -55.25 119 -0.30 -53.75 134 -0.30 -53.75 134 0 -55.25
4 16 119 -0.30 -46.75 119 0 -45.25 134 0 -45.25 134 -0.30 -46.75
4 16 134 0 -55.25 134 -1 -50.25 140 -1 -50.25 140 0 -55.25
4 16 134 -1 -50.25 134 0 -45.25 140 0 -45.25 140 -1 -50.25
3 16 119 -0.30 -53.75 119 -1 -50.25 119 -11 -53.75
4 16 119 -1 -50.25 119 -0.30 -46.75 119 -11 -46.75 119 -11 -53.75
3 16 134 -1 -50.25 134 -.3 -53.75 134 -11 -53.75
4 16 134 -11 -46.75 134 -.3 -46.75 134 -1 -50.25 134 -11 -53.75
3 16 119 -3.5 -53.75 119 -3.13 -55.25 119 -5.5 -53.75
3 16 119 -3.13 -45.25 119 -3.5 -46.75 119 -5.5 -46.75
4 16 119 -3.13 -55.25 134 -3.13 -55.25 134 -5.50 -53.75 119 -5.50 -53.75
4 16 119 -5.50 -46.75 134 -5.50 -46.75 134 -3.13 -45.25 119 -3.13 -45.25
3 16 134 -3.13 -55.25 134 -3.50 -53.75 134 -5.50 -53.75
3 16 134 -3.50 -46.75 134 -3.13 -45.25 134 -5.50 -46.75
4 16 119 -11 -53.75 119 -11 -46.75 121.50 -11 -46.75 121.50 -11 -53.75
4 16 121.50 -11 -51.25 121.50 -11 -49.25 131.50 -11 -49.25 131.50 -11 -51.25
4 16 131.50 -11 -53.75 131.50 -11 -46.75 134 -11 -46.75 134 -11 -53.75
4 16 -156 8 40.50 -160 8 43.50 -124 8 43.50 -124 8 40.50
4 16 -160 8 57 -160 8 60 -124 8 60 -124 8 57
4 16 -144 8 43.50 -144 8 57 -140 8 57 -140 8 43.50
4 16 -81 8 43.50 -81 8 57 -79 8 57 -79 8 43.50
4 16 -1 8 43.50 -1 8 57 1 8 57 1 8 43.50
4 16 79 8 43.50 79 8 57 81 8 57 81 8 43.50
4 16 140 8 43.50 140 8 57 144 8 57 144 8 43.50
4 16 -116 8 40.50 -116 8 43.50 160 8 43.50 156 8 40.50
4 16 -116 8 57 -116 8 60 160 8 60 160 8 57
1 16 -132 5.5 43.5 8 0 0 0 0 -2.5 0 -1 0 p/rect.dat
1 16 -132 5.50 57 8 0 0 0 0 -2.50 0 1 0 p/rect.dat
0 BFC INVERTNEXT
1 16 -120 8 42 0 0 4 0 -5 0 1.50 0 0 p/box3u8p.dat
0 BFC INVERTNEXT
1 16 -120 8 58.50 0 0 4 0 -5 0 1.50 0 0 p/box3u8p.dat
1 16 -98.5 5.5 43.5 17.5 0 0 0 0 -2.5 0 -1 0 p/rect.dat
1 16 -98.50 5.50 57 17.50 0 0 0 0 -2.50 0 1 0 p/rect.dat
1 16 -110.5 1.5 45.25 29.5 0 0 0 0 -1.5 0 -1 0 p/rect.dat
1 16 -110.50 1.50 55.25 29.50 0 0 0 0 -1.50 0 1 0 p/rect.dat
1 16 -126.5 -2.9 46.75 7.5 0 0 0 0 -2.6 0 -1 0 p/rect.dat
1 16 -126.50 -2.90 53.75 7.50 0 0 0 0 -2.60 0 1 0 p/rect.dat
4 16 -140 8 40.50 -124 8 40.50 -124 3 40.50 -140 0 40.50
4 16 -124 3 40.50 -116 3 40.50 -100 0 40.50 -140 0 40.50
4 16 -116 8 40.50 -100 8 40.50 -100 0 40.50 -116 3 40.50
4 16 -124 3 60 -124 8 60 -140 8 60 -140 0 60
4 16 -100 0 60 -116 3 60 -124 3 60 -140 0 60
4 16 -100 0 60 -100 8 60 -116 8 60 -116 3 60
4 16 -140 8 43.50 -140 8 57 -140 3 57 -140 3 43.50
4 16 -81 3 57 -81 8 57 -81 8 43.5 -81 3 43.5
4 16 -140 3 43.50 -140 3 45.25 -81 3 45.25 -81 3 43.50
4 16 -140 3 55.25 -140 3 57 -81 3 57 -81 3 55.25
4 16 -140 3 45.25 -140 3 55.25 -140 0 55.25 -140 0 45.25
4 16 -81 0 55.25 -81 3 55.25 -81 3 45.25 -81 0 45.25
3 16 -140 0 45.25 -140 0 55.25 -140 -1 50.25
3 16 -81 0 55.25 -81 0 45.25 -81 -1 50.25
4 16 -140 0 45.25 -140 -1 50.25 -134 -1 50.25 -134 0 45.25
4 16 -140 -1 50.25 -140 0 55.25 -134 0 55.25 -134 -1 50.25
4 16 -134 0 45.25 -134 -0.30 46.75 -119 -0.30 46.75 -119 0 45.25
4 16 -134 -0.30 53.75 -134 0 55.25 -119 0 55.25 -119 -0.30 53.75
4 16 -119 0 45.25 -119 -1 50.25 -81 -1 50.25 -81 0 45.25
4 16 -119 -1 50.25 -119 0 55.25 -81 0 55.25 -81 -1 50.25
3 16 -134 -0.30 46.75 -134 -1 50.25 -134 -11 46.75
4 16 -134 -1 50.25 -134 -0.30 53.75 -134 -11 53.75 -134 -11 46.75
3 16 -119 -1 50.25 -119 -.3 46.75 -119 -11 46.75
4 16 -119 -11 53.75 -119 -.3 53.75 -119 -1 50.25 -119 -11 46.75
3 16 -134 -3.5 46.75 -134 -3.13 45.25 -134 -5.5 46.75
3 16 -134 -3.13 55.25 -134 -3.5 53.75 -134 -5.5 53.75
4 16 -134 -3.13 45.25 -119 -3.13 45.25 -119 -5.50 46.75 -134 -5.50 46.75
4 16 -134 -5.50 53.75 -119 -5.50 53.75 -119 -3.13 55.25 -134 -3.13 55.25
3 16 -119 -3.13 45.25 -119 -3.50 46.75 -119 -5.50 46.75
3 16 -119 -3.50 53.75 -119 -3.13 55.25 -119 -5.50 53.75
4 16 -134 -11 46.75 -134 -11 53.75 -131.50 -11 53.75 -131.50 -11 46.75
4 16 -131.50 -11 49.25 -131.50 -11 51.25 -121.50 -11 51.25 -121.50 -11 49.25
4 16 -121.50 -11 46.75 -121.50 -11 53.75 -119 -11 53.75 -119 -11 46.75
1 16 -40 4 40.50 20 0 0 0 0 -4 0 1 0 p/rect.dat
1 16 -40 5.5 43.5 39 0 0 0 0 -2.5 0 -1 0 p/rect.dat
1 16 -40 5.50 57 39 0 0 0 0 -2.50 0 1 0 p/rect.dat
1 16 -40 4 60 20 0 0 0 0 -4 0 -1 0 p/rect.dat
1 16 -40 1.5 45.25 39 0 0 0 0 -1.5 0 -1 0 p/rect.dat
1 16 -40 1.50 55.25 39 0 0 0 0 -1.50 0 1 0 p/rect.dat
1 16 -40 -2.9 46.75 7.5 0 0 0 0 -2.6 0 -1 0 p/rect.dat
1 16 -40 -2.90 53.75 7.50 0 0 0 0 -2.60 0 1 0 p/rect.dat
4 16 -79 8 43.50 -79 8 57 -79 3 57 -79 3 43.50
4 16 -1 3 57 -1 8 57 -1 8 43.5 -1 3 43.5
4 16 -79 3 43.50 -79 3 45.25 -1 3 45.25 -1 3 43.50
4 16 -79 3 55.25 -79 3 57 -1 3 57 -1 3 55.25
4 16 -79 3 45.25 -79 3 55.25 -79 0 55.25 -79 0 45.25
4 16 -1 0 55.25 -1 3 55.25 -1 3 45.25 -1 0 45.25
3 16 -79 0 45.25 -79 0 55.25 -79 -1 50.25
3 16 -1 0 55.25 -1 0 45.25 -1 -1 50.25
4 16 -79 0 45.25 -79 -1 50.25 -47.50 -1 50.25 -47.50 0 45.25
4 16 -79 -1 50.25 -79 0 55.25 -47.50 0 55.25 -47.50 -1 50.25
4 16 -47.50 0 45.25 -47.50 -0.30 46.75 -32.50 -0.30 46.75 -32.50 0 45.25
4 16 -47.50 -0.30 53.75 -47.50 0 55.25 -32.50 0 55.25 -32.50 -0.30 53.75
4 16 -32.50 0 45.25 -32.50 -1 50.25 -1 -1 50.25 -1 0 45.25
4 16 -32.50 -1 50.25 -32.50 0 55.25 -1 0 55.25 -1 -1 50.25
3 16 -47.50 -0.30 46.75 -47.50 -1 50.25 -47.50 -11 46.75
4 16 -47.50 -1 50.25 -47.50 -0.30 53.75 -47.50 -11 53.75 -47.50 -11 46.75
3 16 -32.5 -1 50.25 -32.5 -.3 46.75 -32.5 -11 46.75
4 16 -32.5 -11 53.75 -32.5 -.3 53.75 -32.5 -1 50.25 -32.5 -11 46.75
3 16 -47.5 -3.5 46.75 -47.5 -3.13 45.25 -47.5 -5.5 46.75
3 16 -47.5 -3.13 55.25 -47.5 -3.5 53.75 -47.5 -5.5 53.75
4 16 -47.50 -3.13 45.25 -32.50 -3.13 45.25 -32.50 -5.50 46.75 -47.50 -5.50 46.75
4 16 -47.50 -5.50 53.75 -32.50 -5.50 53.75 -32.50 -3.13 55.25 -47.50 -3.13 55.25
3 16 -32.50 -3.13 45.25 -32.50 -3.50 46.75 -32.50 -5.50 46.75
3 16 -32.50 -3.50 53.75 -32.50 -3.13 55.25 -32.50 -5.50 53.75
4 16 -47.50 -11 46.75 -47.50 -11 53.75 -45 -11 53.75 -45 -11 46.75
4 16 -45 -11 49.25 -45 -11 51.25 -35 -11 51.25 -35 -11 49.25
4 16 -35 -11 46.75 -35 -11 53.75 -32.50 -11 53.75 -32.50 -11 46.75
1 16 40 4 40.50 20 0 0 0 0 -4 0 1 0 p/rect.dat
1 16 40 5.5 43.5 39 0 0 0 0 -2.5 0 -1 0 p/rect.dat
1 16 40 5.50 57 39 0 0 0 0 -2.50 0 1 0 p/rect.dat
1 16 40 4 60 20 0 0 0 0 -4 0 -1 0 p/rect.dat
1 16 40 1.5 45.25 39 0 0 0 0 -1.5 0 -1 0 p/rect.dat
1 16 40 1.50 55.25 39 0 0 0 0 -1.50 0 1 0 p/rect.dat
1 16 40 -2.9 46.75 7.5 0 0 0 0 -2.6 0 -1 0 p/rect.dat
1 16 40 -2.90 53.75 7.50 0 0 0 0 -2.60 0 1 0 p/rect.dat
4 16 1 8 43.50 1 8 57 1 3 57 1 3 43.50
4 16 79 3 57 79 8 57 79 8 43.5 79 3 43.5
4 16 1 3 43.50 1 3 45.25 79 3 45.25 79 3 43.50
4 16 1 3 55.25 1 3 57 79 3 57 79 3 55.25
4 16 1 3 45.25 1 3 55.25 1 0 55.25 1 0 45.25
4 16 79 0 55.25 79 3 55.25 79 3 45.25 79 0 45.25
3 16 1 0 45.25 1 0 55.25 1 -1 50.25
3 16 79 0 55.25 79 0 45.25 79 -1 50.25
4 16 1 0 45.25 1 -1 50.25 32.50 -1 50.25 32.50 0 45.25
4 16 1 -1 50.25 1 0 55.25 32.50 0 55.25 32.50 -1 50.25
4 16 32.50 0 45.25 32.50 -0.30 46.75 47.50 -0.30 46.75 47.50 0 45.25
4 16 32.50 -0.30 53.75 32.50 0 55.25 47.50 0 55.25 47.50 -0.30 53.75
4 16 47.50 0 45.25 47.50 -1 50.25 79 -1 50.25 79 0 45.25
4 16 47.50 -1 50.25 47.50 0 55.25 79 0 55.25 79 -1 50.25
3 16 32.50 -0.30 46.75 32.50 -1 50.25 32.50 -11 46.75
4 16 32.50 -1 50.25 32.50 -0.30 53.75 32.50 -11 53.75 32.50 -11 46.75
3 16 47.5 -1 50.25 47.5 -.3 46.75 47.5 -11 46.75
4 16 47.5 -11 53.75 47.5 -.3 53.75 47.5 -1 50.25 47.5 -11 46.75
3 16 32.5 -3.5 46.75 32.5 -3.13 45.25 32.5 -5.5 46.75
3 16 32.5 -3.13 55.25 32.5 -3.5 53.75 32.5 -5.5 53.75
4 16 32.50 -3.13 45.25 47.50 -3.13 45.25 47.50 -5.50 46.75 32.50 -5.50 46.75
4 16 32.50 -5.50 53.75 47.50 -5.50 53.75 47.50 -3.13 55.25 32.50 -3.13 55.25
3 16 47.50 -3.13 45.25 47.50 -3.50 46.75 47.50 -5.50 46.75
3 16 47.50 -3.50 53.75 47.50 -3.13 55.25 47.50 -5.50 53.75
4 16 32.50 -11 46.75 32.50 -11 53.75 35 -11 53.75 35 -11 46.75
4 16 35 -11 49.25 35 -11 51.25 45 -11 51.25 45 -11 49.25
4 16 45 -11 46.75 45 -11 53.75 47.50 -11 53.75 47.50 -11 46.75
1 16 120 4 40.50 20 0 0 0 0 -4 0 1 0 p/rect.dat
1 16 110.5 5.5 43.5 29.5 0 0 0 0 -2.5 0 -1 0 p/rect.dat
1 16 110.50 5.50 57 29.50 0 0 0 0 -2.50 0 1 0 p/rect.dat
1 16 120 4 60 20 0 0 0 0 -4 0 -1 0 p/rect.dat
1 16 110.5 1.5 45.25 29.5 0 0 0 0 -1.5 0 -1 0 p/rect.dat
1 16 110.50 1.50 55.25 29.50 0 0 0 0 -1.50 0 1 0 p/rect.dat
1 16 126.5 -2.9 46.75 7.5 0 0 0 0 -2.6 0 -1 0 p/rect.dat
1 16 126.50 -2.90 53.75 7.50 0 0 0 0 -2.60 0 1 0 p/rect.dat
4 16 81 8 43.50 81 8 57 81 3 57 81 3 43.50
4 16 140 3 57 140 8 57 140 8 43.5 140 3 43.5
4 16 81 3 43.50 81 3 45.25 140 3 45.25 140 3 43.50
4 16 81 3 55.25 81 3 57 140 3 57 140 3 55.25
4 16 81 3 45.25 81 3 55.25 81 0 55.25 81 0 45.25
4 16 140 0 55.25 140 3 55.25 140 3 45.25 140 0 45.25
3 16 81 0 45.25 81 0 55.25 81 -1 50.25
3 16 140 0 55.25 140 0 45.25 140 -1 50.25
4 16 81 0 45.25 81 -1 50.25 119 -1 50.25 119 0 45.25
4 16 81 -1 50.25 81 0 55.25 119 0 55.25 119 -1 50.25
4 16 119 0 45.25 119 -0.30 46.75 134 -0.30 46.75 134 0 45.25
4 16 119 -0.30 53.75 119 0 55.25 134 0 55.25 134 -0.30 53.75
4 16 134 0 45.25 134 -1 50.25 140 -1 50.25 140 0 45.25
4 16 134 -1 50.25 134 0 55.25 140 0 55.25 140 -1 50.25
3 16 119 -0.30 46.75 119 -1 50.25 119 -11 46.75
4 16 119 -1 50.25 119 -0.30 53.75 119 -11 53.75 119 -11 46.75
3 16 134 -1 50.25 134 -.3 46.75 134 -11 46.75
4 16 134 -11 53.75 134 -.3 53.75 134 -1 50.25 134 -11 46.75
3 16 119 -3.5 46.75 119 -3.13 45.25 119 -5.5 46.75
3 16 119 -3.13 55.25 119 -3.5 53.75 119 -5.5 53.75
4 16 119 -3.13 45.25 134 -3.13 45.25 134 -5.50 46.75 119 -5.50 46.75
4 16 119 -5.50 53.75 134 -5.50 53.75 134 -3.13 55.25 119 -3.13 55.25
3 16 134 -3.13 45.25 134 -3.50 46.75 134 -5.50 46.75
3 16 134 -3.50 53.75 134 -3.13 55.25 134 -5.50 53.75
4 16 119 -11 46.75 119 -11 53.75 121.50 -11 53.75 121.50 -11 46.75
4 16 121.50 -11 49.25 121.50 -11 51.25 131.50 -11 51.25 131.50 -11 49.25
4 16 131.50 -11 46.75 131.50 -11 53.75 134 -11 53.75 134 -11 46.75
1 16 -80 0 0 1 0 0 0 1 0 0 0 1 parts/s/2865s02.dat
1 16 0 0 0 1 0 0 0 1 0 0 0 1 parts/s/2865s01.dat
1 16 80 0 0 1 0 0 0 1 0 0 0 1 parts/s/2865s02.dat
1 16 -80 0 -70 -1 0 0 0 1 0 0 0 -1 parts/s/2865s03.dat
1 16 0 0 -70 -1 0 0 0 1 0 0 0 -1 parts/s/2865s03.dat
1 16 80 0 -70 -1 0 0 0 1 0 0 0 -1 parts/s/2865s03.dat
1 16 -80 0 70 1 0 0 0 1 0 0 0 1 parts/s/2865s03.dat
1 16 0 0 70 1 0 0 0 1 0 0 0 1 parts/s/2865s03.dat
1 16 80 0 70 1 0 0 0 1 0 0 0 1 parts/s/2865s03.dat
4 16 -150 0 42.75 -150 0 40.5 150 0 40.5 150 0 42.75
4 16 -150 -2.5 42.75 -150 0 42.75 150 0 42.75 150 -2.5 42.75
4 16 -150 -3.5 46.75 -150 -2.5 42.75 150 -2.5 42.75 150 -3.5 46.75
4 16 -150 -3.5 46.75 -150 0 46.75 -150 0 42.75 -150 -2.5 42.75
4 16 -150 -16 50.25 -150 0 50.25 -150 0 46.75 -150 -16 46.75
4 16 -150 0 60 -150 0 57.75 150 0 57.75 150 0 60
4 16 150 0 57.75 -150 0 57.75 -150 -2.50 57.75 150 -2.50 57.75
4 16 150 -2.50 57.75 -150 -2.50 57.75 -150 -3.50 53.75 150 -3.50 53.75
4 16 150 -3.5 53.75 150 0 53.75 150 0 57.75 150 -2.5 57.75
4 16 150 -16 50.25 150 0 50.25 150 0 53.75 150 -16 53.75
1 16 83.25 -7.25 46.75 35.75 0 0 0 0 -3.75 0 1 0 p/rect.dat
1 16 83.25 -7.25 53.75 35.75 0 0 0 0 -3.75 0 -1 0 p/rect.dat
1 16 0 -7.25 46.75 32.50 0 0 0 0 -3.75 0 1 0 p/rect.dat
1 16 0 -7.25 53.75 32.5 0 0 0 0 -3.75 0 -1 0 p/rect.dat
1 16 -83.25 -7.25 46.75 35.75 0 0 0 0 -3.75 0 1 0 p/rect.dat
1 16 -60 -7.25 53.75 12.5 0 0 0 0 -3.75 0 -1 0 p/rect.dat
1 16 -103.25 -7.25 53.75 15.75 0 0 0 0 -3.75 0 -1 0 p/rect.dat
1 16 -80 -7.69 50.35 7.55 0 0 0 0 -3.31 0 -1 0 p/rect.dat
4 16 -72.5 -11 53.75 -72.5 -3.5 53.75 -72.5 -4.38 50 -72.5 -11 50
4 16 -87.50 -4.38 50 -87.50 -3.50 53.75 -87.50 -11 53.75 -87.50 -11 50
4 16 -87.5 -3.5 53.75 -87.5 -4.38 50.35 -72.5 -4.38 50.35 -72.5 -3.5 53.75
1 16 142 -7.25 46.75 8 0 0 0 0 -3.75 0 1 0 p/rect.dat
4 16 150 -11 53.75 150 -3.5 53.75 134 -3.5 53.75 134 -11 53.75
4 16 150 -11 53.75 146.50 -11 53.75 146.50 -16 53.75 150 -16 53.75
1 16 -142 -7.25 53.75 8 0 0 0 0 -3.75 0 -1 0 p/rect.dat
4 16 -150 -3.50 46.75 -134 -3.50 46.75 -134 -11 46.75 -150 -11 46.75
4 16 -150 -11 46.75 -146.50 -11 46.75 -146.50 -16 46.75 -150 -16 46.75
1 16 -148 -16 48.50 1.75 0 0 0 1 0 0 0 1.75 p/rect.dat
1 16 148 -16 52 1.75 0 0 0 1 0 0 0 1.75 p/rect.dat
4 16 150 0 -40.50 -150 0 -40.50 -150 0 -42.75 150 0 -42.75
4 16 150 0 -42.75 -150 0 -42.75 -150 -2.50 -42.75 150 -2.50 -42.75
4 16 150 -2.50 -42.75 -150 -2.50 -42.75 -150 -3.50 -46.75 150 -3.50 -46.75
4 16 150 -3.5 -46.75 150 0 -46.75 150 0 -42.75 150 -2.5 -42.75
4 16 150 -16 -50.25 150 0 -50.25 150 0 -46.75 150 -16 -46.75
4 16 150 0 -57.75 -150 0 -57.75 -150 0 -60 150 0 -60
4 16 -150 -2.5 -57.75 -150 0 -57.75 150 0 -57.75 150 -2.5 -57.75
4 16 -150 -3.5 -53.75 -150 -2.5 -57.75 150 -2.5 -57.75 150 -3.5 -53.75
4 16 -150 -3.5 -53.75 -150 0 -53.75 -150 0 -57.75 -150 -2.5 -57.75
4 16 -150 -16 -50.25 -150 0 -50.25 -150 0 -53.75 -150 -16 -53.75
1 16 83.25 -7.25 -46.75 35.75 0 0 0 0 -3.75 0 -1 0 p/rect.dat
1 16 83.25 -7.25 -53.75 35.75 0 0 0 0 -3.75 0 1 0 p/rect.dat
1 16 0 -7.25 -46.75 32.5 0 0 0 0 -3.75 0 -1 0 p/rect.dat
1 16 0 -7.25 -53.75 32.50 0 0 0 0 -3.75 0 1 0 p/rect.dat
1 16 -83.25 -7.25 -46.75 35.75 0 0 0 0 -3.75 0 -1 0 p/rect.dat
1 16 -60 -7.25 -53.75 12.50 0 0 0 0 -3.75 0 1 0 p/rect.dat
1 16 -103.25 -7.25 -53.75 15.75 0 0 0 0 -3.75 0 1 0 p/rect.dat
1 16 -80 -7.69 -50.35 7.55 0 0 0 0 -3.31 0 1 0 p/rect.dat
4 16 -72.50 -4.38 -50 -72.50 -3.50 -53.75 -72.50 -11 -53.75 -72.50 -11 -50
4 16 -87.5 -11 -53.75 -87.5 -3.5 -53.75 -87.5 -4.38 -50 -87.5 -11 -50
4 16 -72.50 -4.38 -50.35 -87.50 -4.38 -50.35 -87.50 -3.50 -53.75 -72.50 -3.50 -53.75
1 16 142 -7.25 -53.75 8 0 0 0 0 -3.75 0 1 0 p/rect.dat
4 16 150 -11 -46.75 150 -3.5 -46.75 134 -3.5 -46.75 134 -11 -46.75
4 16 150 -11 -46.75 146.50 -11 -46.75 146.50 -16 -46.75 150 -16 -46.75
1 16 -142 -7.25 -46.75 8 0 0 0 0 -3.75 0 -1 0 p/rect.dat
4 16 -150 -3.50 -53.75 -134 -3.50 -53.75 -134 -11 -53.75 -150 -11 -53.75
4 16 -150 -11 -53.75 -146.50 -11 -53.75 -146.50 -16 -53.75 -150 -16 -53.75
1 16 -148 -16 -52 1.75 0 0 0 1 0 0 0 1.75 p/rect.dat
1 16 148 -16 -48.50 1.75 0 0 0 1 0 0 0 1.75 p/rect.dat
1 494 0 0 0 1 0 0 0 1 0 0 0 1 parts/s/2865s05.dat
1 494 -160 0 0 1 0 0 0 1 0 0 0 1 parts/s/2865s06.dat
1 494 -160 0 -100.5 1 0 0 0 1 0 0 0 1 parts/s/2865s06.dat
1 494 160 0 0 -1 0 0 0 1 0 0 0 -1 parts/s/2865s06.dat
1 494 160 0 100.5 -1 0 0 0 1 0 0 0 -1 parts/s/2865s06.dat
1 16 -160 0 0 1 0 0 0 1 0 0 0 1 parts/s/2865s04.dat
1 16 160 0 0 -1 0 0 0 1 0 -0 0 -1 parts/s/2865s04.dat
1 16 150 0 -70 0 0 1 0 1 0 -1 0 0 p/stud.dat
1 16 90 0 -70 0 0 1 0 1 0 -1 0 0 p/stud.dat
1 16 70 0 -70 0 0 1 0 1 0 -1 0 0 p/stud.dat
1 16 10 0 -70 0 0 1 0 1 0 -1 0 0 p/stud.dat
1 16 -10 0 -70 0 0 1 0 1 0 -1 0 0 p/stud.dat
1 16 -70 0 -70 0 0 1 0 1 0 -1 0 0 p/stud.dat
1 16 -90 0 -70 0 0 1 0 1 0 -1 0 0 p/stud.dat
1 16 -150 0 -70 0 0 1 0 1 0 -1 0 0 p/stud.dat
1 16 -150 0 -10 0 0 1 0 1 0 -1 0 0 p/stud.dat
1 16 -150 0 30 0 0 1 0 1 0 -1 0 0 p/stud.dat
1 16 -150 0 10 0 0 1 0 1 0 -1 0 0 p/stud.dat
1 16 -150 0 -30 0 0 1 0 1 0 -1 0 0 p/stud.dat
1 16 150 0 70 0 0 1 0 1 0 -1 0 0 p/stud.dat
1 16 90 0 70 0 0 1 0 1 0 -1 0 0 p/stud.dat
1 16 70 0 70 0 0 1 0 1 0 -1 0 0 p/stud.dat
1 16 10 0 70 0 0 1 0 1 0 -1 0 0 p/stud.dat
1 16 -10 0 70 0 0 1 0 1 0 -1 0 0 p/stud.dat
1 16 -70 0 70 0 0 1 0 1 0 -1 0 0 p/stud.dat
1 16 -90 0 70 0 0 1 0 1 0 -1 0 0 p/stud.dat
1 16 -150 0 70 0 0 1 0 1 0 -1 0 0 p/stud.dat
1 16 150 0 10 0 0 1 0 1 0 -1 0 0 p/stud.dat
1 16 150 0 30 0 0 1 0 1 0 -1 0 0 p/stud.dat
1 16 150 0 -10 0 0 1 0 1 0 -1 0 0 p/stud.dat
1 16 150 0 -30 0 0 1 0 1 0 -1 0 0 p/stud.dat
