0 BFC CERTIFY CCW
1 16 0 0 0 1 0 0 0 1 0 0 0 1 parts/s/75937s01.dat
1 16 0 0 0 0 0 -1 0 1 0 -1 0 0 parts/s/75937s01.dat
1 16 0 0 0 -1 0 0 0 1 0 0 0 1 parts/s/75937s01.dat
1 16 0 0 0 0 0 -1 0 1 0 1 0 0 parts/s/75937s01.dat
1 16 0 0 0 1 0 0 0 1 0 0 0 -1 parts/s/75937s01.dat
1 16 0 0 0 -1 0 0 0 1 0 0 0 -1 parts/s/75937s01.dat
1 16 0 0 0 0 0 1 0 1 0 1 0 0 parts/s/75937s01.dat
1 16 0 0 0 0 0 1 0 1 0 -1 0 0 parts/s/75937s01.dat
1 16 10 0 10 1 0 0 0 1 0 0 0 1 p/stud.dat
1 16 10 0 10 5.54328 0 -2.2961 0 -1 0 2.2961 0 5.54328 p/1-8disc.dat
1 16 10 0 -10 1 0 0 0 1 0 0 0 1 p/stud.dat
1 16 10 0 -10 2.2961 0 5.54328 0 -1 0 -5.54328 0 2.2961 p/1-8disc.dat
1 16 -10 0 -10 1 0 0 0 1 0 0 0 1 p/stud.dat
1 16 -10 0 -10 -5.54328 0 2.2961 0 -1 0 -2.2961 0 -5.54328 p/1-8disc.dat
1 16 -10 0 10 1 0 0 0 1 0 0 0 1 p/stud.dat
1 16 -10 0 10 -2.2961 0 -5.54328 0 -1 0 5.54328 0 -2.2961 p/1-8disc.dat
1 16 0 4 0 1 0 0 0 -1 0 0 0 1 p/stud4a.dat
1 16 0 4 0 8 0 0 0 1 0 0 0 8 p/4-4edge.dat
1 16 0 4 0 1 0 0 0 1 0 0 0 1 p/axlehol3.dat
1 16 0 0 0 1 0 0 0 4 0 0 0 1 p/axlehole.dat
1 16 0 0 0 1 0 0 0 1 0 0 0 1 p/axlehol2.dat
1 16 0 4 0 -8 0 0 0 -1 0 0 0 8 p/4-4ndis.dat
1 16 0 0 0 6 0 0 0 1 0 0 0 6 p/4-4ndis.dat
