0 BFC CERTIFY CCW
1 16 16 0 0 0 -2 0 13 0 0 0 0 13 p/4-4cyli.dat
1 16 -14 0 0 0 -2 0 13 0 0 0 0 13 p/4-4cyli.dat
1 16 14 0 0 0 -28 0 6 0 0 0 0 6 p/4-4cyli.dat
0 BFC INVERTNEXT
1 16 16 0 0 0 -32 0 4 0 0 0 0 4 p/4-4cyli.dat
1 16 16 0 0 0 -1 0 -4 0 0 0 0 -4 p/ring1.dat
1 16 16 0 0 0 -1 0 -4 0 0 0 0 -4 p/4-4ring2.dat
1 16 16 0 0 0 -1 0 -1 0 0 0 0 -1 p/4-4rin12.dat
1 16 -16 0 0 0 1 0 0 0 4 4 0 0 p/ring1.dat
1 16 -16 0 0 0 1 0 0 0 4 4 0 0 p/4-4ring2.dat
1 16 -16 0 0 0 1 0 -1 0 0 0 0 1 p/4-4rin12.dat
1 16 -14 0 0 0 -1 0 0 0 6 -6 0 0 p/ring1.dat
1 16 -14 0 0 0 -1 0 -1 0 0 0 0 -1 p/4-4rin12.dat
1 16 14 0 0 0 1 0 0 0 6 6 0 0 p/ring1.dat
1 16 14 0 0 0 1 0 -1 0 0 0 0 1 p/4-4rin12.dat
1 16 16 0 0 0 -4 0 0 0 -4 4 0 0 p/4-4edge.dat
1 16 -16 0 0 0 -4 0 0 0 -4 4 0 0 p/4-4edge.dat
1 16 -14 0 0 0 -6 0 0 0 -6 6 0 0 p/4-4edge.dat
1 16 14 0 0 0 -6 0 0 0 -6 6 0 0 p/4-4edge.dat
1 16 14 0 0 0 -13 0 0 0 -13 13 0 0 p/4-4edge.dat
1 16 16 0 0 0 -13 0 0 0 -13 13 0 0 p/4-4edge.dat
1 16 -14 0 0 0 -13 0 0 0 -13 13 0 0 p/4-4edge.dat
1 16 -16 0 0 0 -13 0 0 0 -13 13 0 0 p/4-4edge.dat
1 16 -14 -6 1 0 0 6 -6 0 0 0 -2 0 p/1-4cyli.dat
0 BFC INVERTNEXT
1 16 -14 -6 1 0 0 3 -3 0 0 0 -2 0 p/1-4cyli.dat
1 16 -14 -6 1 0 0 6 -6 0 0 0 -2 0 p/1-4edge.dat
1 16 -14 -6 -1 0 0 6 -6 0 0 0 -2 0 p/1-4edge.dat
1 16 -14 -6 -1 0 0 3 -3 0 0 0 -2 0 p/1-4edge.dat
1 16 -14 -6 1 0 0 3 -3 0 0 0 -2 0 p/1-4edge.dat
1 16 -14 -6 -1 1 0 0 0 0 -1 0 1 0 p/1-4ring3.dat
1 16 -14 -6 1 0 0 1 -1 0 0 0 -1 0 p/1-4ring3.dat
1 16 -14 -6 1 0 0 1 -1 0 0 0 -1 0 p/1-4ring4.dat
1 16 -14 -6 -1 1 0 0 0 0 -1 0 1 0 p/1-4ring4.dat
1 16 -14 -6 -1 1 0 0 0 0 -1 0 1 0 p/1-4ring5.dat
1 16 -14 -6 1 0 0 1 -1 0 0 0 -1 0 p/1-4ring5.dat
