0 BFC CERTIFY CCW
1 16 0 -86 90 1 0 0 0 -1 0 0 0 1 p/stug3-1x7.dat
0 BFC INVERTNEXT
1 16 0 -82 90 76 0 0 0 -4 0 0 0 6 p/box5.dat
4 16 80 -82 100 76 -82 96 -76 -82 96 -80 -82 100
4 16 -80 -82 100 -76 -82 96 -76 -82 84 -80 -82 80
3 16 76 -82 84 80 -82 80 44 -82 80
3 16 76 -82 84 44 -82 80 40 -82 80
3 16 -80 -82 80 -76 -82 84 -44 -82 80
3 16 -44 -82 80 -76 -82 84 -40 -82 80
4 16 40 -82 80 -40 -82 80 -76 -82 84 76 -82 84
4 16 80 -82 80 76 -82 84 76 -82 96 80 -82 100
1 16 0 -86 90 80 0 0 0 -4 0 0 0 10 p/box2-7.dat
4 16 -80 -90 80 -80 -90 100 -80 -82 100 -80 -86 80
4 16 80 -90 80 80 -86 80 80 -82 100 80 -90 100
3 16 80 -86 80 80 -82 80 80 -82 100
3 16 -80 -82 80 -80 -86 80 -80 -82 100
1 16 0 -84 80 40 0 0 0 0 -2 0 1 0 p/rect.dat
1 16 -62 -84 80 18 0 0 0 0 -2 0 1 0 p/rect.dat
1 16 62 -84 80 18 0 0 0 0 -2 0 1 0 p/rect.dat
1 16 0 -82 90 80 0 0 0 -1 0 0 0 10 p/recte3.dat
1 16 0 -90 90 0 0 1 0 1 0 -1 0 0 p/stug-8x1.dat
1 16 -80 -10 80 0 160 0 -80 0 0 0 0 -80 p/48/1-4cylo.dat
0 BFC INVERTNEXT
1 16 -80 -10 80 0 160 0 -76 0 0 0 0 -76 p/48/1-4cylo.dat
1 16 -80 -10 80 0 1 0 -4 0 0 0 0 -4 p/48/1-4rin19.dat
1 16 80 -10 80 0 -1 0 -4 0 0 0 0 -4 p/48/1-4rin19.dat
0 BFC INVERTNEXT
1 16 40 -10 80 0 4 0 -72 0 0 0 0 -71 p/48/1-4cylo.dat
1 16 40 -10 80 0 1 0 -76 0 0 0 0 -76 p/48/1-4edge.dat
1 16 44 -10 80 0 1 0 -76 0 0 0 0 -76 p/48/1-4edge.dat
1 16 44 -10 80 0 -1 0 -5.14285 0 0 0 0 -5.07143 p/48/1-4rin14.dat
1 16 40 -10 80 0 1 0 -5.14285 0 0 0 0 -5.07143 p/48/1-4rin14.dat
0 BFC INVERTNEXT
1 16 -40 -10 80 0 -4 0 -72 0 0 0 0 -71 p/48/1-4cylo.dat
1 16 -40 -10 80 0 -1 0 -76 0 0 0 0 -76 p/48/1-4edge.dat
1 16 -44 -10 80 0 -1 0 -76 0 0 0 0 -76 p/48/1-4edge.dat
1 16 -44 -10 80 0 1 0 -5.14285 0 0 0 0 -5.07143 p/48/1-4rin14.dat
1 16 -40 -10 80 0 -1 0 -5.14285 0 0 0 0 -5.07143 p/48/1-4rin14.dat
1 16 -40 0 0 0 -20 0 0 0 -1 -1 0 0 p/axl3hol8.dat
1 16 -60 0 0 0 -1 0 0 0 1 1 0 0 p/axl3hol2.dat
1 16 -60 0 0 0 -1 0 0 0 -1 -1 0 0 p/axl3hol9.dat
1 16 -40 0 0 0 -1 0 0 0 1 1 0 0 p/axl3hol2.dat
1 16 -40 0 0 0 -1 0 0 0 -1 -1 0 0 p/axl3hol9.dat
1 16 -60 0 0 0 1 0 0 0 -9 -9 0 0 p/1-4chrd.dat
1 16 -60 0 0 0 1 0 0 0 9 -9 0 0 p/1-4chrd.dat
1 16 -60 0 0 0 1 0 0 0 9 9 0 0 p/1-4chrd.dat
1 16 -60 0 0 0 1 0 0 0 -9 9 0 0 p/1-8chrd.dat
1 16 -60 0 0 0 -1 0 -9 0 0 0 0 -9 p/7-8edge.dat
3 16 -60 2.5 2.5 -60 2 4 -60 4 2
4 16 -60 4 2 -60 2 4 -60 2 5.602 -60 5.602 2
3 16 -60 2.791 -5.213 -60 2.5 -2.5 -60 5.213 -2.791
3 16 -60 -2.5 -2.5 -60 -2 -4 -60 -4 -2
4 16 -60 -4 -2 -60 -2 -4 -60 -2 -5.602 -60 -5.602 -2
4 16 -60 -9 0 -60 -10 0 -60 -10 4 -60 -7.9437 4
4 16 -60 -6 0 -60 -9 0 -60 -7.9437 4 -60 -5.543 2.296
4 16 -60 -5.543 2.296 -60 -7.9437 4 -60 -6.3639 6.3639 -60 -5.213 2.791
4 16 -60 -2.5 2.5 -60 -5.213 2.791 -60 -6.3639 6.3639 -60 -2.791 5.213
3 16 -60 -2.791 5.213 -60 -6.3639 6.3639 -60 -2.296 5.543
4 16 -60 -2.296 5.543 -60 -6.3639 6.3639 -60 0 9 -60 0 6
3 16 -60 0 6 -60 0 9 -60 2 5.602
4 16 -60 0 9 -60 9 0 -60 5.602 2 -60 2 5.602
3 16 -60 6 0 -60 5.602 2 -60 9 0
3 16 -60 6 0 -60 9 0 -60 5.543 -2.296
3 16 -60 5.543 -2.296 -60 9 0 -60 5.213 -2.791
4 16 -60 0 -9 -60 2.791 -5.213 -60 5.213 -2.791 -60 9 0
3 16 -60 2.791 -5.213 -60 0 -9 -60 2.296 -5.543
3 16 -60 2.296 -5.543 -60 0 -9 -60 0 -6
3 16 -60 0 -6 -60 0 -9 -60 -2 -5.602
4 16 -60 0 -9 -60 -9 0 -60 -5.602 -2 -60 -2 -5.602
3 16 -60 -5.602 -2 -60 -9 0 -60 -6 0
1 16 -52 -8.97185 4 8 0 0 0 0 1.02815 0 -1 0 p/rect3.dat
1 16 -44 0 0 0 -16 0 -9 0 0 0 0 -9 p/7-8cyli.dat
1 16 -52 -7.1538 5.18195 0 0 -8 .7899 1 0 1.18195 0 0 p/rect2p.dat
3 16 -60 -10 0 -60 -9 0 -40 -9 0
4 16 -44 -7.9437 4 -44 -10 4 -44 -10 8.99998 -44 0 9
1 16 -44 0 0 0 -1 0 0 0 -9 9 0 0 p/1-8edge.dat
1 16 -42 -5 9 0 0 -2 5 0 0 0 -1 0 p/rect2p.dat
1 16 -40 0 0 0 -1 0 0 0 9 9 0 0 p/3-4edge.dat
1 16 -40 0 0 0 -4 0 0 0 9 9 0 0 p/3-4cyli.dat
1 16 -40 0 0 0 -1 0 0 0 -9 -9 0 0 p/1-4chrd.dat
1 16 -40 0 0 0 -1 0 0 0 9 -9 0 0 p/1-4chrd.dat
1 16 -40 0 0 0 -1 0 0 0 9 9 0 0 p/1-4chrd.dat
4 16 -40 2.5 2.5 -40 4 2 -40 5.602 2 -40 2 4
3 16 -40 2 4 -40 5.602 2 -40 2 5.602
3 16 -40 2.5 -2.5 -40 2.791 -5.213 -40 5.213 -2.791
4 16 -40 -2.5 -2.5 -40 -4 -2 -40 -5.602 -2 -40 -2 -4
3 16 -40 -2 -4 -40 -5.602 -2 -40 -2 -5.602
3 16 -40 5.602 2 -40 6 0 -40 9 0
3 16 -40 9 0 -40 6 0 -40 5.543 -2.296
3 16 -40 9 0 -40 5.543 -2.296 -40 5.213 -2.791
4 16 -40 0 -9 -40 9 0 -40 5.213 -2.791 -40 2.791 -5.213
3 16 -40 0 -9 -40 2.791 -5.213 -40 2.296 -5.543
3 16 -40 0 -9 -40 2.296 -5.543 -40 0 -6
3 16 -40 0 -9 -40 0 -6 -40 -2 -5.602
4 16 -40 -9 0 -40 0 -9 -40 -2 -5.602 -40 -5.602 -2
3 16 -40 -9 0 -40 -5.602 -2 -40 -6 0
3 16 -40 -10 4 -40 -2.6609 4 -40 -2.791 5.213
3 16 -40 -10 4 -40 -2.791 5.213 -40 -2.296 5.543
4 16 -40 -10 9 -40 -10 4 -40 -2.296 5.543 -40 0 9
3 16 -40 0 9 -40 -2.296 5.543 -40 0 6
3 16 -40 0 9 -40 0 6 -40 2 5.602
4 16 -40 9 0 -40 0 9 -40 2 5.602 -40 5.602 2
1 16 40 0 0 0 20 0 0 0 -1 -1 0 0 p/axl3hol8.dat
1 16 60 0 0 0 1 0 0 0 1 1 0 0 p/axl3hol2.dat
1 16 60 0 0 0 1 0 0 0 -1 -1 0 0 p/axl3hol9.dat
1 16 40 0 0 0 1 0 0 0 1 1 0 0 p/axl3hol2.dat
1 16 40 0 0 0 1 0 0 0 -1 -1 0 0 p/axl3hol9.dat
1 16 60 0 0 0 -1 0 0 0 -9 -9 0 0 p/1-4chrd.dat
1 16 60 0 0 0 -1 0 0 0 9 -9 0 0 p/1-4chrd.dat
1 16 60 0 0 0 -1 0 0 0 9 9 0 0 p/1-4chrd.dat
1 16 60 0 0 0 -1 0 0 0 -9 9 0 0 p/1-8chrd.dat
1 16 60 0 0 0 1 0 -9 0 0 0 0 -9 p/7-8edge.dat
3 16 60 2 4 60 2.5 2.5 60 4 2
4 16 60 2 5.602 60 2 4 60 4 2 60 5.602 2
3 16 60 2.5 -2.5 60 2.791 -5.213 60 5.213 -2.791
3 16 60 -2 -4 60 -2.5 -2.5 60 -4 -2
4 16 60 -2 -5.602 60 -2 -4 60 -4 -2 60 -5.602 -2
4 16 60 -10 4 60 -10 0 60 -9 0 60 -7.9437 4
4 16 60 -7.9437 4 60 -9 0 60 -6 0 60 -5.543 2.296
4 16 60 -6.3639 6.3639 60 -7.9437 4 60 -5.543 2.296 60 -5.213 2.791
4 16 60 -6.3639 6.3639 60 -5.213 2.791 60 -2.5 2.5 60 -2.791 5.213
3 16 60 -6.3639 6.3639 60 -2.791 5.213 60 -2.296 5.543
4 16 60 0 9 60 -6.3639 6.3639 60 -2.296 5.543 60 0 6
3 16 60 0 9 60 0 6 60 2 5.602
4 16 60 5.602 2 60 9 0 60 0 9 60 2 5.602
3 16 60 5.602 2 60 6 0 60 9 0
3 16 60 9 0 60 6 0 60 5.543 -2.296
3 16 60 9 0 60 5.543 -2.296 60 5.213 -2.791
4 16 60 5.213 -2.791 60 2.791 -5.213 60 0 -9 60 9 0
3 16 60 0 -9 60 2.791 -5.213 60 2.296 -5.543
3 16 60 0 -9 60 2.296 -5.543 60 0 -6
3 16 60 0 -9 60 0 -6 60 -2 -5.602
4 16 60 -5.602 -2 60 -9 0 60 0 -9 60 -2 -5.602
3 16 60 -9 0 60 -5.602 -2 60 -6 0
1 16 52 -8.97185 4 -8 0 0 0 0 1.02815 0 -1 0 p/rect3.dat
1 16 44 0 0 0 16 0 -9 0 0 0 0 -9 p/7-8cyli.dat
1 16 52 -7.1538 5.18195 0 0 8 .7899 1 0 1.18195 0 0 p/rect2p.dat
3 16 60 -9 0 60 -10 0 40 -9 0
4 16 44 -10 9 44 -10 4 44 -7.9437 4 44 0 9
1 16 44 0 0 0 1 0 0 0 -9 9 0 0 p/1-8edge.dat
1 16 42 -5 9 0 0 2 5 0 0 0 -1 0 p/rect2p.dat
1 16 40 0 0 0 1 0 0 0 9 9 0 0 p/3-4edge.dat
1 16 40 0 0 0 4 0 0 0 9 9 0 0 p/3-4cyli.dat
1 16 40 0 0 0 1 0 0 0 -9 -9 0 0 p/1-4chrd.dat
1 16 40 0 0 0 1 0 0 0 9 -9 0 0 p/1-4chrd.dat
1 16 40 0 0 0 1 0 0 0 9 9 0 0 p/1-4chrd.dat
4 16 40 5.602 2 40 4 2 40 2.5 2.5 40 2 4
3 16 40 5.602 2 40 2 4 40 2 5.602
3 16 40 2.791 -5.213 40 2.5 -2.5 40 5.213 -2.791
4 16 40 -5.602 -2 40 -4 -2 40 -2.5 -2.5 40 -2 -4
3 16 40 -5.602 -2 40 -2 -4 40 -2 -5.602
3 16 40 6 0 40 5.602 2 40 9 0
3 16 40 6 0 40 9 0 40 5.543 -2.296
3 16 40 5.543 -2.296 40 9 0 40 5.213 -2.791
4 16 40 5.213 -2.791 40 9 0 40 0 -9 40 2.791 -5.213
3 16 40 2.791 -5.213 40 0 -9 40 2.296 -5.543
3 16 40 2.296 -5.543 40 0 -9 40 0 -6
3 16 40 0 -6 40 0 -9 40 -2 -5.602
4 16 40 -2 -5.602 40 0 -9 40 -9 0 40 -5.602 -2
3 16 40 -5.602 -2 40 -9 0 40 -6 0
3 16 40 -2.6609 4 40 -10 4 40 -2.791 5.213
3 16 40 -2.791 5.213 40 -10 4 40 -2.296 5.543
4 16 40 -2.296 5.543 40 -10 4 40 -10 9 40 0 9
3 16 40 -2.296 5.543 40 0 9 40 0 6
3 16 40 0 6 40 0 9 40 2 5.602
4 16 40 2 5.602 40 0 9 40 9 0 40 5.602 2
1 16 70 -10 2 10 0 0 0 -1 0 0 0 -2 p/rect.dat
1 16 -70 -10 2 10 0 0 0 -1 0 0 0 -2 p/rect.dat
1 16 0 -5.5 2 40 0 0 0 3.5 0 0 0 -2 p/box2-7.dat
4 16 -40 -2 0 -40 -2.5 2.5 -40 -2.6609 4 -40 -2 4
4 16 -40 -2.5 2.5 -40 -2 0 -40 -6 0 -40 -5.543 2.296
3 16 -40 -2.5 2.5 -40 -5.543 2.296 -40 -5.213 2.791
4 16 40 -2.6609 4 40 -2.5 2.5 40 -2 0 40 -2 4
4 16 40 -6 0 40 -2 0 40 -2.5 2.5 40 -5.543 2.296
3 16 40 -5.543 2.296 40 -2.5 2.5 40 -5.213 2.791
1 16 0 -6 4 40 0 0 0 0 4 0 -1 0 p/rect3.dat
4 16 -40 -9 0 40 -9 0 60 -10 0 -60 -10 0
