0 BFC CERTIFY CCW
1 16 0 0 0 1 0 0 0 1 0 0 0 1 parts/s/52731s02.dat
1 16 0 0 0 1 0 0 0 -1 0 0 0 1 parts/s/52731s02.dat
1 16 0 0 0 -1 0 0 0 1 0 0 0 1 parts/s/52731s02.dat
1 16 0 0 0 -1 0 0 0 -1 0 0 0 1 parts/s/52731s02.dat
1 16 0 0 90 -1 0 0 0 0 -1 0 -70 0 p/axlehol6.dat
1 16 0 0 90 1 0 0 0 0 1 0 -70 0 p/axlehol6.dat
0 BFC INVERTNEXT
1 16 0 0 90 6 0 0 0 0 -6 0 -70 0 p/1-4cylo.dat
0 BFC INVERTNEXT
1 16 0 0 90 -6 0 0 0 0 6 0 -70 0 p/1-4cylo.dat
1 16 0 0 90 10 0 0 0 0 10 0 -70 0 p/4-4cyli.dat
1 16 0 0 20 10 0 0 0 0 10 0 -1 0 p/4-4edge.dat
1 16 0 0 20 10 0 0 0 0 10 0 -6 0 p/4-4con0.dat
1 16 0 0 90 -6 0 0 0 0 6 0 -1 0 p/1-4ndis.dat
1 16 -5.80115 -1 55 0.19885 -1 0 -1 0 0 0 0 -35 p/rect2p.dat
1 16 1 5.80115 55 1 0 0 -0.19885 1 0 0 0 35 p/rect2p.dat
1 16 0 0 90 -7.07107 0 -7.07107 7.07107 0 -7.07107 0 -1 0 p/1-4chrd.dat
3 16 -4.2426 -4.2426 90 -5.5434 -2.2962 90 -7.0711 -7.0711 90
3 16 -7.0711 -7.0711 90 -5.5434 -2.2962 90 -5.6023 -2 90
3 16 -7.0711 -7.0711 90 -5.6023 -2 90 -6 0 90
4 16 -7.0711 7.0711 90 -7.0711 -7.0711 90 -6 0 90 -6 6 90
3 16 -7.0711 -7.0711 90 -2.2962 -5.5434 90 -4.2426 -4.2426 90
3 16 -2.2962 -5.5434 90 -7.0711 -7.0711 90 -2 -5.6023 90
1 16 5.80115 1 55 -0.19885 1 0 1 0 0 0 0 -35 p/rect2p.dat
1 16 -1 -5.80115 55 -1 0 0 0.19885 -1 0 0 0 35 p/rect2p.dat
1 16 0 0 90 7.07107 0 7.07107 -7.07107 0 7.07107 0 -1 0 p/1-4chrd.dat
3 16 4.2426 4.2426 90 5.5434 2.2962 90 7.0711 7.0711 90
3 16 7.0711 7.0711 90 5.5434 2.2962 90 5.6023 2 90
3 16 7.0711 7.0711 90 5.6023 2 90 6 0 90
4 16 7.0711 -7.0711 90 7.0711 7.0711 90 6 0 90 6 -6 90
3 16 7.0711 7.0711 90 2.2962 5.5434 90 4.2426 4.2426 90
3 16 2.2962 5.5434 90 7.0711 7.0711 90 2 5.6023 90
1 16 0 0 90 -7.07107 0 7.07107 -7.07107 0 -7.07107 0 -1 0 p/1-4chrd.dat
1 16 0 0 90 7.07107 0 -7.07107 7.07107 0 7.07107 0 -1 0 p/1-4chrd.dat
3 16 0 6 90 2 5.6023 90 7.071 7.071 90
3 16 0 -6 90 -2 -5.6023 90 -7.0711 -7.0711 90
1 16 0 0 90 6 0 0 0 0 -6 0 -1 0 p/1-4ndis.dat
4 16 7.071 -7.071 90 6 -6 90 0 -6 90 -7.0711 -7.0711 90
4 16 -7.0711 7.0711 90 -6 6 90 0 6 90 7.071 7.071 90
1 16 0 0 90 10 0 0 0 0 10 0 -1 0 p/4-4edge.dat
1 16 0 0 20 6 0 0 0 0 6 0 -1 0 p/4-4disc.dat
