0 BFC CERTIFY CCW
1 16 0 0 0 1 0 0 0 1 0 0 0 1 parts/98138.dat
1 16 7.25 0 0 2.5 0 0 0 1 0 0 0 2.5 p/4-4edge.dat
1 16 0.9702 -7.5 0 0 -1.9404 0 2.5 0 0 0 0 2.5 p/4-4cyli.dat
1 16 3.9166 -2.9466 0 3.3333 0 0 0 0 -3.3333 0 3.3333 0 p/t08q7500.dat
1 16 0.9702 0 0 0 0 7.5 -7.5 0 0 0 7.5 0 p/t08q3333.dat
1 16 7.25 0 0 2.5 0 0 0 -2.9466 0 0 0 2.5 p/4-4cyli.dat
1 16 -3.9166 -2.9466 0 -3.3333 0 0 0 0 -3.3333 0 3.3333 0 p/t08q7500.dat
1 16 -0.9702 0 0 0 0 -7.5 -7.5 0 0 0 7.5 0 p/t08q3333.dat
1 16 -7.25 0 0 2.5 0 0 0 -2.9466 0 0 0 2.5 p/4-4cyli.dat
1 16 -7.25 0 0 2.5 0 0 0 1 0 0 0 2.5 p/4-4edge.dat
