0 BFC CERTIFY CCW
1 16 0 4 20 0 0 1 0 -1 0 -1 0 0 p/stug3-1x2.dat
1 16 20 4 0 1 0 0 0 -1 0 0 0 1 p/stug3-1x2.dat
4 16 10 8 50 6 8 46 -6 8 46 -10 8 50
4 16 -10 8 50 -6 8 46 -6 8 -6 -10 8 -10
4 16 -10 8 -10 -6 8 -6 46 8 -6 50 8 -10
4 16 50 8 -10 46 8 -6 46 8 6 50 8 10
4 16 50 8 10 46 8 6 6 8 6 10 8 10
4 16 10 8 10 6 8 6 6 8 46 10 8 50
4 16 46 4 -6 -6 4 -6 6 4 6 46 4 6
4 16 6 4 46 6 4 6 -6 4 -6 -6 4 46
4 16 50 0 10 10 0 10 -10 0 -10 50 0 -10
4 16 10 0 10 10 0 50 -10 0 50 -10 0 -10
1 16 30 4 0 0 20 0 4 0 0 0 0 10 p/box2-5.dat
1 16 0 4 30 0 10 0 4 0 0 0 0 20 p/box2-5.dat
1 16 20 4 20 0 -30 0 4 0 0 0 0 -30 p/box2-5.dat
1 16 20 0 0 1 0 0 0 1 0 0 0 1 p/stug-1x3.dat
1 16 0 0 30 1 0 0 0 1 0 0 0 1 p/stug-2x1.dat
0 BFC INVERTNEXT
1 16 0 6 26 0 6 0 2 0 0 0 0 20 p/box2-5.dat
0 BFC INVERTNEXT
1 16 26 6 0 0 20 0 2 0 0 0 0 6 p/box2-5.dat
0 BFC INVERTNEXT
1 16 20 6 20 0 -26 0 2 0 0 0 0 -26 p/box2-5.dat
