0 BFC CERTIFY CCW
1 16 0 6 -10 -1.5 0 0 0 0 2 0 4 0 p/box4-1.dat
0 BFC INVERTNEXT
1 16 0 8 -2 6 0 0 0 -4 0 0 0 8 p/box5-1.dat
1 16 0 8 0 10 0 0 0 1 0 0 0 10 p/recte3.dat
4 16 10 8 10 6 8 6 -6 8 6 -10 8 10
4 16 -10 8 10 -6 8 6 -6 8 -10 -10 8 -10
4 16 10 8 -10 6 8 -10 6 8 6 10 8 10
4 16 8 40 -10 6 8 -10 10 8 -10 10 38 -10
4 16 8 40 -10 -8 40 -10 -6 8 -10 6 8 -10
4 16 -10 38 -14 -10 0 -14 -10 8 -10 -10 38 -10
1 16 0 4 10 -10 0 0 0 0 -4 0 -1 0 p/rect3.dat
4 16 10 38 -10 10 8 -10 10 0 -14 10 38 -14
4 16 10 8 10 10 0 10 10 0 -14 10 8 -10
4 16 -10 8 10 -10 8 -10 -10 0 -14 -10 0 10
1 16 0 19 -2 -10 0 0 0 -19 0 0 0 -12 p/box2-7.dat
1 16 -8 38 -14 -2 0 0 0 0 2 0 4 0 p/1-4cylo.dat
1 16 8 38 -14 0 0 2 2 0 0 0 4 0 p/1-4cylo.dat
1 16 -8 38 -10 -2 0 0 0 0 2 0 -1 0 p/1-4chrd.dat
1 16 8 38 -10 0 0 2 2 0 0 0 -1 0 p/1-4chrd.dat
1 16 -8 38 -14 -2 0 0 0 0 2 0 1 0 p/1-4chrd.dat
1 16 8 38 -14 0 0 2 2 0 0 0 1 0 p/1-4chrd.dat
1 16 0 40 -12 8 0 0 0 -1 0 0 0 -2 p/rect2p.dat
4 16 10 38 -14 -10 38 -14 -8 40 -14 8 40 -14
4 16 -10 8 -10 -6 8 -10 -8 40 -10 -10 38 -10
1 16 0 0 0 1 0 0 0 1 0 0 0 1 p/stud.dat
1 16 0 20 -14 0 0 1 1 0 0 0 1 0 p/stug2-1x2.dat
