0 BFC CERTIFY CCW
1 16 0 0 0 0 0 41.25 -41.25 0 0 0 -41.25 0 p/t04i0462.dat
1 16 0 0 0 0 0 41.25 -41.25 0 0 0 41.25 0 p/t04i0462.dat
1 16 0 0 0 0 0 41.25 -41.25 0 0 0 -41.25 0 p/t04o0462.dat
1 16 0 0 0 0 0 41.25 -41.25 0 0 0 41.25 0 p/t04o0462.dat
1 16 0 0 0 -41.25 0 0 0 0 -41.25 0 -41.25 0 p/t04i0462.dat
1 16 0 0 0 -41.25 0 0 0 0 -41.25 0 41.25 0 p/t04i0462.dat
1 16 0 0 0 -41.25 0 0 0 0 -41.25 0 -41.25 0 p/t04o0462.dat
1 16 0 0 0 -41.25 0 0 0 0 -41.25 0 41.25 0 p/t04o0462.dat
1 16 0 0 0 41.25 0 0 0 0 41.25 0 -41.25 0 p/t04i0462.dat
1 16 0 0 0 41.25 0 0 0 0 41.25 0 41.25 0 p/t04i0462.dat
1 16 0 0 0 41.25 0 0 0 0 41.25 0 -41.25 0 p/t04o0462.dat
1 16 0 0 0 41.25 0 0 0 0 41.25 0 41.25 0 p/t04o0462.dat
1 16 0 0 0 0 0 -41.25 41.25 0 0 0 -41.25 0 p/t04i0462.dat
1 16 0 0 0 0 0 -41.25 41.25 0 0 0 41.25 0 p/t04i0462.dat
1 16 0 0 0 0 0 -41.25 41.25 0 0 0 -41.25 0 p/t04o0462.dat
1 16 0 0 0 0 0 -41.25 41.25 0 0 0 41.25 0 p/t04o0462.dat
