0 BFC CERTIFY CCW
1 16 0 18 0 4 0 0 0 2 0 0 0 -4 p/4-4cyli.dat
1 16 0 20 0 1 0 0 0 -1 0 0 0 -1 p/stud3a.dat
1 16 0 18 0 1 0 0 0 1 0 0 0 -1 p/cylj4x8.dat
0 BFC INVERTNEXT
1 16 -12 14 0 0 0 -4 0 -10 0 6 0 0 p/box2-5.dat
0 BFC INVERTNEXT
1 16 12 14 0 0 0 4 0 -10 0 -6 0 0 p/box2-5.dat
1 16 0 10 -6 -8 0 0 0 0 8 0 1 0 p/2-4edge.dat
1 16 0 10 6 -8 0 0 0 0 8 0 1 0 p/2-4edge.dat
1 16 0 10 -6 -8 0 0 0 0 8 0 12 0 p/2-4cyli.dat
1 16 -8 7 0 0 1 0 -3 0 0 0 0 6 p/rect2p.dat
1 16 8 7 0 0 -1 0 -3 0 0 0 0 -6 p/rect2p.dat
1 16 0 10 6 -8 0 0 0 0 8 0 1 0 p/2-4ndis.dat
4 16 -16 24 6 -8 18 6 -8 4 6 -16 4 6
4 16 8 18 6 16 24 6 16 4 6 8 4 6
4 16 -16 24 6 16 24 6 8 18 6 -8 18 6
1 16 0 10 -6 -8 0 0 0 0 8 0 -1 0 p/2-4ndis.dat
4 16 -16 24 -6 -16 4 -6 -8 4 -6 -8 18 -6
4 16 8 18 -6 8 4 -6 16 4 -6 16 24 -6
4 16 -16 24 -6 -8 18 -6 8 18 -6 16 24 -6
4 16 -20 24 10 20 24 10 16 24 6 -16 24 6
4 16 -20 24 -10 -20 24 10 -16 24 6 -16 24 -6
4 16 20 24 -10 16 24 -6 16 24 6 20 24 10
4 16 -8 24 -8 -16 24 -6 16 24 -6 8 24 -8
4 16 -20 24 -10 -16 24 -6 -8 24 -8 -8 24 -10
4 16 8 24 -10 8 24 -8 16 24 -6 20 24 -10
1 16 0 10 10 -1 0 0 0 0 1 0 -1 0 p/peghole.dat
1 16 0 10 10 -8 0 0 0 0 8 0 -1 0 p/4-4ndis.dat
4 16 -20 24 10 -8 18 10 8 18 10 20 24 10
4 16 -20 0 10 20 0 10 8 2 10 -8 2 10
4 16 -20 24 10 -20 0 10 -8 2 10 -8 18 10
4 16 20 24 10 8 18 10 8 2 10 20 0 10
0 BFC INVERTNEXT
1 16 0 10 -8 -6 0 0 0 0 6 0 16 0 p/4-4cyli.dat
1 16 0 10 -10 1 0 0 0 0 -1 0 1 0 p/peghole2.dat
4 16 -20 0 10 -10 0 -10 10 0 -10 20 0 10
4 16 -20 16.5 -10 -20 3.5 -10 -20 0 10 -20 24 10
3 16 -20 24 10 -20 24 -10 -20 19 -10
4 16 -20 16.5 -14 -20 16.5 -10 -20 24 10 -20 19 -10
4 16 -20 3.5 -10 -20 3.5 -14 -20 1 -10 -20 0 10
4 16 20 24 10 20 0 10 20 3.5 -10 20 16.5 -10
3 16 20 19 -10 20 24 -10 20 24 10
4 16 20 16.5 -10 20 16.5 -14 20 19 -10 20 24 10
4 16 20 0 10 20 1 -10 20 3.5 -14 20 3.5 -10
1 16 -10 0 0 -1 0 0 0 1 0 0 0 -1 p/stud2.dat
1 16 10 0 0 -1 0 0 0 1 0 0 0 -1 p/stud2.dat
1 16 0 10 -10 8 0 0 0 0 -8 0 1 0 p/2-4ndis.dat
4 16 -20 19 -10 -20 24 -10 -8 24 -10 -10 19 -10
4 16 -8 10 -10 -10 0 -10 -10 19 -10 -8 24 -10
3 16 -8 10 -10 -8 2 -10 -10 0 -10
4 16 -8 2 -10 0 2 -10 10 0 -10 -10 0 -10
3 16 0 2 -10 8 2 -10 10 0 -10
3 16 8 2 -10 8 10 -10 10 0 -10
4 16 8 24 -10 10 19 -10 10 0 -10 8 10 -10
4 16 10 19 -10 8 24 -10 20 24 -10 20 19 -10
0 BFC INVERTNEXT
1 16 -20 10 -12 0 8 0 6.5 0 0 0 0 2 p/box5.dat
1 16 -20 10 -10 0 1 0 6.364 0 -6.364 -6.364 0 -6.364 p/1-4chrd.dat
4 16 -20 3.5 -14 -20 16.5 -14 -20 16.364 -16.364 -20 3.636 -16.364
3 16 -20 1 -10 -20 3.5 -14 -20 3.636 -16.364
3 16 -20 16.5 -14 -20 19 -10 -20 16.364 -16.364
1 16 -20 10 -10 0 1 0 9 0 0 0 0 -9 p/1-8chrd.dat
1 16 -20 10 -10 0 1 0 -9 0 0 0 0 -9 p/1-8chrd.dat
1 16 -10 10 -10 0 -1 0 9 0 0 0 0 -9 p/2-4chrd.dat
1 16 -20 10 -20 0 10 0 1 0 0 0 0 1 p/npeghol4.dat
3 16 -10 0 -10 -10 1 -20 -10 1 -10
4 16 -20 0 10 -20 1 -10 -20 1 -20 -20 0 -10
3 16 -10 0 -10 -20 0 10 -20 0 -10
4 16 -10 1 -20 -10 0 -10 -20 0 -10 -20 1 -20
4 16 -10 1 -30 -10 1 -20 -20 1 -20 -20 1 -30
4 16 -20 19 -30 -20 19 -10 -10 19 -10 -10 19 -30
1 16 -10 10 -30 0 -10 0 1 0 0 0 0 1 p/axlehol4.dat
1 16 -20 10 -30 0 1 0 -3 0 0 0 0 -3 p/2-4ring2.dat
1 16 -10 10 -30 0 -1 0 -3 0 0 0 0 -3 p/2-4ring2.dat
1 16 -10 10 -30 0 -10 0 -9 0 0 0 0 -9 p/2-4cylo.dat
0 BFC INVERTNEXT
1 16 20 10 -12 0 -8 0 -6.5 0 0 0 0 2 p/box5.dat
1 16 20 10 -10 0 -1 0 6.364 0 -6.364 -6.364 0 -6.364 p/1-4chrd.dat
4 16 20 16.5 -14 20 3.5 -14 20 3.636 -16.364 20 16.364 -16.364
3 16 20 19 -10 20 16.5 -14 20 16.364 -16.364
3 16 20 3.5 -14 20 1 -10 20 3.636 -16.364
1 16 20 10 -10 0 -1 0 -9 0 0 0 0 -9 p/1-8chrd.dat
1 16 20 10 -10 0 -1 0 9 0 0 0 0 -9 p/1-8chrd.dat
1 16 10 10 -10 0 1 0 -9 0 0 0 0 -9 p/2-4chrd.dat
1 16 10 10 -20 0 10 0 1 0 0 0 0 1 p/npeghol4.dat
3 16 10 1 -10 10 1 -20 10 0 -10
4 16 20 0 -10 20 1 -20 20 1 -10 20 0 10
3 16 20 0 -10 20 0 10 10 0 -10
4 16 20 1 -20 20 0 -10 10 0 -10 10 1 -20
4 16 20 1 -30 20 1 -20 10 1 -20 10 1 -30
4 16 10 19 -30 10 19 -10 20 19 -10 20 19 -30
1 16 20 10 -30 0 -10 0 1 0 0 0 0 1 p/axlehol4.dat
1 16 10 10 -30 0 1 0 -3 0 0 0 0 -3 p/2-4ring2.dat
1 16 20 10 -30 0 -1 0 -3 0 0 0 0 -3 p/2-4ring2.dat
1 16 20 10 -30 0 -10 0 -9 0 0 0 0 -9 p/2-4cylo.dat
