0 BFC CERTIFY CCW
1 16 0 -4 0 40 0 0 0 -36 0 0 0 40 p/48/4-8sphe.dat
1 16 0 -4 0 40 0 0 0 1 0 0 0 40 p/48/4-4edge.dat
0 BFC INVERTNEXT
1 16 0 -4 0 36 0 0 0 -32 0 0 0 36 p/48/4-8sphe.dat
1 16 0 -4 0 36 0 0 0 1 0 0 0 36 p/48/4-4edge.dat
1 16 0 -4 0 4 0 0 0 -1 0 0 0 4 p/48/4-4ring9.dat
1 16 0 0 0 1 0 0 0 4 0 0 0 1 parts/s/86500s01.dat
1 16 0 0 0 -1 0 0 0 4 0 0 0 1 parts/s/86500s01.dat
1 16 0 0 0 0 0 1 0 4 0 -1 0 0 parts/s/86500s01.dat
1 16 0 0 0 0 0 1 0 4 0 1 0 0 parts/s/86500s01.dat
1 16 0 0 0 -1 0 0 0 4 0 0 0 -1 parts/s/86500s01.dat
1 16 0 0 0 1 0 0 0 4 0 0 0 -1 parts/s/86500s01.dat
1 16 0 0 0 0 0 -1 0 4 0 1 0 0 parts/s/86500s01.dat
1 16 0 0 0 0 0 -1 0 4 0 -1 0 0 parts/s/86500s01.dat
