0 BFC CERTIFY CCW
1 16 0 0 0 1 0 0 0 1 0 0 0 1 parts/s/87081s01.dat
1 16 0 0 0 0 0 1 0 1 0 1 0 0 parts/s/87081s01.dat
1 16 0 0 0 0 0 -1 0 1 0 1 0 0 parts/s/87081s01.dat
1 16 0 0 0 -1 0 0 0 1 0 0 0 1 parts/s/87081s01.dat
1 16 0 0 0 -1 0 0 0 1 0 0 0 -1 parts/s/87081s01.dat
1 16 0 0 0 0 0 -1 0 1 0 -1 0 0 parts/s/87081s01.dat
1 16 0 0 0 0 0 1 0 1 0 -1 0 0 parts/s/87081s01.dat
1 16 0 0 0 1 0 0 0 1 0 0 0 -1 parts/s/87081s01.dat
1 16 0 0 0 14 0 0 0 1 0 0 0 14 p/48/4-4aring.dat
1 16 0 4 0 20 0 0 0 -1 0 0 0 20 p/48/4-4aring.dat
1 16 36 23.5 0 0 0 -0.75 0 -19.5 0 -0.75 0 0 p/2-4cylc.dat
1 16 -36 23.5 0 0 0 0.75 0 -19.5 0 0.75 0 0 p/2-4cylc.dat
1 16 0 20 0 8 0 0 0 1 0 0 0 8 p/4-4edge.dat
1 16 0 20 0 1 0 0 0 -1 0 0 0 1 p/stud18a.dat
1 16 -20 20 0 1 0 0 0 -1 0 0 0 -1 p/stud4a.dat
1 16 20 20 0 1 0 0 0 -1 0 0 0 -1 p/stud4a.dat
1 16 0 20 20 1 0 0 0 -1 0 0 0 -1 p/stud4a.dat
1 16 0 20 -20 1 0 0 0 -1 0 0 0 -1 p/stud4a.dat
1 16 20 0 0 1 0 0 0 1 0 0 0 1 p/stug-2x2.dat
1 16 -20 0 0 1 0 0 0 1 0 0 0 1 p/stug-2x2.dat
1 16 -10 0 30 1 0 0 0 1 0 0 0 1 p/stud.dat
1 16 10 0 30 1 0 0 0 1 0 0 0 1 p/stud.dat
1 16 -10 0 -30 1 0 0 0 1 0 0 0 1 p/stud.dat
1 16 10 0 -30 1 0 0 0 1 0 0 0 1 p/stud.dat
