0 BFC CERTIFY CCW
1 16 0 0 0 1 0 0 0 1 0 0 0 1 parts/54756.dat
1 16 0 0 0 1 0 0 0 1 0 0 0 1 parts/89832.dat
1 25 0 42 -60 0 0 -1 0 -1 0 -1 0 0 parts/u9433.dat
1 25 0 42 60 0 0 1 0 1 0 -1 0 0 parts/u9433.dat
1 83 -30 49.25 -90 1 0 0 0 -1 0 0 0 -1 parts/u9434.dat
1 83 30 49.25 -90 1 0 0 0 -1 0 0 0 -1 parts/u9434.dat
1 83 -30 49.25 90 1 0 0 0 -1 0 0 0 -1 parts/u9434.dat
1 83 30 49.25 90 1 0 0 0 -1 0 0 0 -1 parts/u9434.dat
1 83 -28 49.25 -40 1 0 0 0 -1 0 0 0 -1 parts/u9434.dat
1 83 28 49.25 40 1 0 0 0 -1 0 0 0 -1 parts/u9434.dat
1 256 0 5.5 53 0 0 -1 0.7071 4.2426 0 0.7071 -4.2426 0 parts/s/58124s03.dat
1 256 0 5.5 60 0 0 -1 1 0 0 0 -8 0 parts/s/58124s03.dat
