0 BFC CERTIFY CCW
1 16 0 0 0 4 0 0 0 1 0 0 0 4 4-4edge.dat
1 16 0 0 0 4 0 0 0 1 0 0 0 4 4-4disc.dat
1 16 0 0 0 4 0 0 0 83 0 0 0 4 4-4cyli.dat
1 16 0 83 0 4 0 0 0 55 0 0 0 4 4-4con0.dat
1 16 0 130 1.5 10 0 0 0 0 9.5 0 -3 0 2-4cylo.dat
1 16 0 130 1.5 10 0 0 0 0 9.5 0 -1 0 2-4chrd.dat
1 16 0 130 -1.5 10 0 0 0 0 9.5 0 1 0 2-4chrd.dat
1 16 0 130 1.5 10 0 -0.134 0 0 -55 0 -3 0 3-16cylo.dat
1 16 0 130 1.5 10 0 -0.134 0 0 -55 0 -1 0 3-16chrd.dat
1 16 0 130 -1.5 10 0 -0.134 0 0 -55 0 1 0 3-16chrd.dat
1 16 0 130 1.5 -10 0 0.134 0 0 -55 0 -3 0 3-16cylo.dat
1 16 0 130 1.5 -10 0 0.134 0 0 -55 0 -1 0 3-16chrd.dat
1 16 0 130 -1.5 -10 0 0.134 0 0 -55 0 1 0 3-16chrd.dat
4 16 -10 130 1.5 -3.703 79.186 1.5 3.703 79.186 1.5 10 130 1.5
4 16 3.703 79.186 -1.5 -3.703 79.186 -1.5 -10 130 -1.5 10 130 -1.5
