0 BFC CERTIFY CCW
1 16 0 0 0 1 0 0 0 1 0 0 0 1 parts/s/87697s01.dat
1 16 0 0 0 0.939693 -0.342021 0 -0.342021 -0.939693 0 0 0 -1 parts/s/87697s01.dat
1 16 0 0 0 0.939693 0.342021 0 -0.342021 0.939693 0 0 0 1 parts/s/87697s01.dat
1 16 0 0 0 0.766045 -0.642788 0 -0.642788 -0.766045 0 0 0 -1 parts/s/87697s01.dat
1 16 0 0 0 0.766045 0.642788 0 -0.642788 0.766045 0 0 0 1 parts/s/87697s01.dat
1 16 0 0 0 0.5 -0.866026 0 -0.866026 -0.5 0 0 0 -1 parts/s/87697s01.dat
1 16 0 0 0 0.5 0.866026 0 -0.866026 0.5 0 0 0 1 parts/s/87697s01.dat
1 16 0 0 0 0.173648 -0.984808 0 -0.984808 -0.173648 0 0 0 -1 parts/s/87697s01.dat
1 16 0 0 0 0.173648 0.984808 0 -0.984808 0.173648 0 0 0 1 parts/s/87697s01.dat
1 16 0 0 0 -1 0 0 0 1 0 0 0 -1 parts/s/87697s01.dat
1 16 0 0 0 -0.939693 0.342021 0 -0.342021 -0.939693 0 0 0 1 parts/s/87697s01.dat
1 16 0 0 0 -0.939693 -0.342021 0 -0.342021 0.939693 0 0 0 -1 parts/s/87697s01.dat
1 16 0 0 0 -0.766045 0.642788 0 -0.642788 -0.766045 0 0 0 1 parts/s/87697s01.dat
1 16 0 0 0 -0.766045 -0.642788 0 -0.642788 0.766045 0 0 0 -1 parts/s/87697s01.dat
1 16 0 0 0 -0.5 0.866026 0 -0.866026 -0.5 0 0 0 1 parts/s/87697s01.dat
1 16 0 0 0 -0.5 -0.866026 0 -0.866026 0.5 0 0 0 -1 parts/s/87697s01.dat
1 16 0 0 0 -0.173648 0.984808 0 -0.984808 -0.173648 0 0 0 1 parts/s/87697s01.dat
1 16 0 0 0 -0.173648 -0.984808 0 -0.984808 0.173648 0 0 0 -1 parts/s/87697s01.dat
1 16 0 0 0 1 0 0 0 -1 0 0 0 -1 parts/s/87697s01.dat
1 16 0 0 0 0.939693 -0.342021 0 0.342021 0.939693 0 0 0 1 parts/s/87697s01.dat
1 16 0 0 0 0.939693 0.342021 0 0.342021 -0.939693 0 0 0 -1 parts/s/87697s01.dat
1 16 0 0 0 0.766045 -0.642788 0 0.642788 0.766045 0 0 0 1 parts/s/87697s01.dat
1 16 0 0 0 0.766045 0.642788 0 0.642788 -0.766045 0 0 0 -1 parts/s/87697s01.dat
1 16 0 0 0 0.5 -0.866026 0 0.866026 0.5 0 0 0 1 parts/s/87697s01.dat
1 16 0 0 0 0.5 0.866026 0 0.866026 -0.5 0 0 0 -1 parts/s/87697s01.dat
1 16 0 0 0 0.173648 -0.984808 0 0.984808 0.173648 0 0 0 1 parts/s/87697s01.dat
1 16 0 0 0 0.173648 0.984808 0 0.984808 -0.173648 0 0 0 -1 parts/s/87697s01.dat
1 16 0 0 0 -1 0 0 0 -1 0 0 0 1 parts/s/87697s01.dat
1 16 0 0 0 -0.939693 0.342021 0 0.342021 0.939693 0 0 0 -1 parts/s/87697s01.dat
1 16 0 0 0 -0.939693 -0.342021 0 0.342021 -0.939693 0 0 0 1 parts/s/87697s01.dat
1 16 0 0 0 -0.766045 0.642788 0 0.642788 0.766045 0 0 0 -1 parts/s/87697s01.dat
1 16 0 0 0 -0.766045 -0.642788 0 0.642788 -0.766045 0 0 0 1 parts/s/87697s01.dat
1 16 0 0 0 -0.5 0.866026 0 0.866026 0.5 0 0 0 -1 parts/s/87697s01.dat
1 16 0 0 0 -0.5 -0.866026 0 0.866026 -0.5 0 0 0 1 parts/s/87697s01.dat
1 16 0 0 0 -0.173648 0.984808 0 0.984808 0.173648 0 0 0 -1 parts/s/87697s01.dat
1 16 0 0 0 -0.173648 -0.984808 0 0.984808 -0.173648 0 0 0 1 parts/s/87697s01.dat
