0 BFC CERTIFY CCW
1 16 40 4 0 1 0 0 0 -1 0 0 0 1 p/stud4.dat
1 16 20 4 0 1 0 0 0 -1 0 0 0 1 p/stud4.dat
1 16 0 4 0 1 0 0 0 -1 0 0 0 1 p/stud4.dat
1 16 -20 4 0 1 0 0 0 -1 0 0 0 1 p/stud4.dat
1 16 -40 4 0 1 0 0 0 -1 0 0 0 1 p/stud4.dat
0 BFC INVERTNEXT
1 16 0 8 0 56 0 0 0 -4 0 0 0 16 p/box5.dat
4 16 56 8 20 56 8 16 -56 8 16 -56 8 20
4 16 -56 8 -20 -56 8 -16 56 8 -16 56 8 -20
4 16 60 8 -22 56 8 -16 56 8 16 60 8 22
4 16 -60 8 22 -56 8 16 -56 8 -16 -60 8 -22
3 16 56 8 -16 60 8 -22 56 8 -20
3 16 60 8 -22 56 8 -22 56 8 -20
1 16 58 5.5 -24.5 -2 0 0 0 -1 2.5 0 1 2.5 p/rect3.dat
4 16 56 8 -22 56 3 -27 56 3 -20 56 8 -20
3 16 -56 8 -20 -60 8 -22 -56 8 -16
3 16 -56 8 -20 -56 8 -22 -60 8 -22
1 16 -58 5.5 -24.5 -2 0 0 0 -1 2.5 0 1 2.5 p/rect3.dat
4 16 -56 8 -20 -56 3 -20 -56 3 -27 -56 8 -22
3 16 56 8 20 60 8 22 56 8 16
3 16 56 8 20 56 8 22 60 8 22
1 16 58 5.5 24.5 2 0 0 0 -1 2.5 0 -1 -2.5 p/rect3.dat
4 16 56 8 20 56 3 20 56 3 27 56 8 22
3 16 -56 8 16 -60 8 22 -56 8 20
3 16 -60 8 22 -56 8 22 -56 8 20
1 16 -58 5.5 24.5 2 0 0 0 -1 2.5 0 -1 -2.5 p/rect3.dat
4 16 -56 8 22 -56 3 27 -56 3 20 -56 8 20
1 16 40 8 -21 2 0 0 0 -1 0 0 0 -1 p/rect3.dat
1 16 40 5.5 -24.5 0 0 -2 -2.5 -1 0 -2.5 1 0 p/rect2p.dat
4 16 38 8 -22 38 3 -27 38 3 -20 38 8 -20
4 16 42 3 -20 42 3 -27 42 8 -22 42 8 -20
1 16 20 8 -21 2 0 0 0 -1 0 0 0 -1 p/rect3.dat
1 16 20 5.5 -24.5 0 0 -2 -2.5 -1 0 -2.5 1 0 p/rect2p.dat
4 16 18 8 -22 18 3 -27 18 3 -20 18 8 -20
4 16 22 3 -20 22 3 -27 22 8 -22 22 8 -20
1 16 0 8 -21 2 0 0 0 -1 0 0 0 -1 p/rect3.dat
1 16 0 5.5 -24.5 0 0 -2 -2.5 -1 0 -2.5 1 0 p/rect2p.dat
4 16 -2 8 -22 -2 3 -27 -2 3 -20 -2 8 -20
4 16 2 3 -20 2 3 -27 2 8 -22 2 8 -20
1 16 -20 8 -21 2 0 0 0 -1 0 0 0 -1 p/rect3.dat
1 16 -20 5.5 -24.5 0 0 -2 -2.5 -1 0 -2.5 1 0 p/rect2p.dat
4 16 -22 8 -22 -22 3 -27 -22 3 -20 -22 8 -20
4 16 -18 3 -20 -18 3 -27 -18 8 -22 -18 8 -20
1 16 -40 8 -21 2 0 0 0 -1 0 0 0 -1 p/rect3.dat
1 16 -40 5.5 -24.5 0 0 -2 -2.5 -1 0 -2.5 1 0 p/rect2p.dat
4 16 -42 8 -22 -42 3 -27 -42 3 -20 -42 8 -20
4 16 -38 3 -20 -38 3 -27 -38 8 -22 -38 8 -20
1 16 40 8 21 -2 0 0 0 -1 0 0 0 1 p/rect3.dat
1 16 40 5.5 24.5 0 0 2 -2.5 -1 0 2.5 -1 0 p/rect2p.dat
4 16 38 8 20 38 3 20 38 3 27 38 8 22
4 16 42 8 20 42 8 22 42 3 27 42 3 20
1 16 20 8 21 -2 0 0 0 -1 0 0 0 1 p/rect3.dat
1 16 20 5.5 24.5 0 0 2 -2.5 -1 0 2.5 -1 0 p/rect2p.dat
4 16 18 8 20 18 3 20 18 3 27 18 8 22
4 16 22 8 20 22 8 22 22 3 27 22 3 20
1 16 0 8 21 -2 0 0 0 -1 0 0 0 1 p/rect3.dat
1 16 0 5.5 24.5 0 0 2 -2.5 -1 0 2.5 -1 0 p/rect2p.dat
4 16 -2 8 20 -2 3 20 -2 3 27 -2 8 22
4 16 2 8 20 2 8 22 2 3 27 2 3 20
1 16 -20 8 21 -2 0 0 0 -1 0 0 0 1 p/rect3.dat
1 16 -20 5.5 24.5 0 0 2 -2.5 -1 0 2.5 -1 0 p/rect2p.dat
4 16 -22 8 20 -22 3 20 -22 3 27 -22 8 22
4 16 -18 8 20 -18 8 22 -18 3 27 -18 3 20
1 16 -40 8 21 -2 0 0 0 -1 0 0 0 1 p/rect3.dat
1 16 -40 5.5 24.5 0 0 2 -2.5 -1 0 2.5 -1 0 p/rect2p.dat
4 16 -42 8 20 -42 3 20 -42 3 27 -42 8 22
4 16 -38 8 20 -38 8 22 -38 3 27 -38 3 20
0 BFC INVERTNEXT
1 16 0 5.5 -23.5 56 0 0 0 0 -2.5 0 3.5 0 p/box2-7.dat
0 BFC INVERTNEXT
1 16 0 5.5 23.5 -56 0 0 0 0 -2.5 0 -3.5 0 p/box2-7.dat
4 16 -60 3 27 -60 8 22 -60 8 -22 -60 3 -27
4 16 60 3 -27 60 8 -22 60 8 22 60 3 27
4 16 -60 3 27 -60 3 -27 -60 0 -23.3 -60 0 23.3
4 16 60 0 23.3 60 0 -23.3 60 3 -27 60 3 27
1 16 0 0 0 60 0 0 0 1 0 0 0 23.3 p/rect.dat
4 16 -60 0 -23.3 -50 -2.67 -23.3 50 -2.67 -23.3 60 0 -23.3
1 16 0 -4 -23.3 -50 0 0 0 0 1.33 0 2.66 0 p/box4-4a.dat
1 16 0 -5.33 -21.97 50 0 0 0 1 0 0 0 1.33 p/rect3.dat
4 16 60 -5.33 -23.3 60 0 -23.3 50 -2.67 -23.3 50 -5.33 -23.3
4 16 -50 -5.33 -23.3 -50 -2.67 -23.3 -60 0 -23.3 -60 -5.33 -23.3
4 16 60 -5.33 -27 50 -5.33 -23.3 -50 -5.33 -23.3 -60 -5.33 -27
3 16 60 -5.33 -23.3 50 -5.33 -23.3 60 -5.33 -27
3 16 -60 -5.33 -27 -50 -5.33 -23.3 -60 -5.33 -23.3
4 16 60 3 -27 60 0 -23.3 60 -5.33 -23.3 60 -5.33 -27
4 16 -60 -5.33 -27 -60 -5.33 -23.3 -60 0 -23.3 -60 3 -27
1 16 0 -1.165 -27 60 0 0 0 0 -4.165 0 1 0 p/rect.dat
4 16 60 0 23.3 50 -2.67 23.3 -50 -2.67 23.3 -60 0 23.3
1 16 0 -4 23.3 -50 0 0 0 0 1.33 0 -2.66 0 p/box4-4a.dat
1 16 0 -5.33 21.97 -50 0 0 0 1 0 0 0 -1.33 p/rect3.dat
4 16 50 -5.33 23.3 50 -2.67 23.3 60 0 23.3 60 -5.33 23.3
4 16 -60 -5.33 23.3 -60 0 23.3 -50 -2.67 23.3 -50 -5.33 23.3
4 16 -60 -5.33 27 -50 -5.33 23.3 50 -5.33 23.3 60 -5.33 27
3 16 60 -5.33 27 50 -5.33 23.3 60 -5.33 23.3
3 16 -60 -5.33 23.3 -50 -5.33 23.3 -60 -5.33 27
4 16 60 -5.33 27 60 -5.33 23.3 60 0 23.3 60 3 27
4 16 -60 3 27 -60 0 23.3 -60 -5.33 23.3 -60 -5.33 27
1 16 0 -1.165 27 60 0 0 0 0 4.165 0 -1 0 p/rect.dat
1 16 30 0 0 6 0 0 0 1 0 0 0 6 p/4-4edge.dat
1 16 30 0 0 -6 0 0 0 -1 0 0 0 6 p/4-8sphe.dat
1 16 -30 0 0 6 0 0 0 1 0 0 0 6 p/4-4edge.dat
1 16 -30 0 0 -6 0 0 0 -1 0 0 0 6 p/4-8sphe.dat
