0 BFC CERTIFY CCW
1 16 0 0 0 1 0 0 0 1 0 0 0 1 parts/3023.dat
1 16 0 4 -10 4 0 0 0 0 4 0 1 0 p/4-4edge.dat
1 16 0 4 -10 4 0 0 0 0 4 0 -6 0 p/4-4cyli.dat
1 16 0 4 -20 4 0 0 0 1 -4 0 0 4 p/2-4edge.dat
1 16 0 4 -16 0 0 -4 -4 0 0 0 -4 0 p/1-4cyls.dat
1 16 0 4 -16 0 0 4 -4 0 0 0 -4 0 p/1-4cyls.dat
1 16 0 4 -16 -4 0 0 0 0 4 0 -4 0 p/2-4cyli.dat
1 16 0 4 -20 4 0 0 0 4 0 0 0 -4 p/2-8sphe.dat
1 16 0 0 -20 0 0 -4 0 4 0 4 0 0 p/1-4cyls.dat
1 16 0 0 -20 0 0 4 0 4 0 4 0 0 p/1-4cyls.dat
1 16 0 0 -20 4 0 0 0 4 0 0 0 -4 p/2-4cyli.dat
1 16 0 -16 -20 4 0 0 0 16 0 0 0 4 p/4-4cyli.dat
1 16 0 -16 -20 4 0 0 0 1 0 0 0 4 p/4-4edge.dat
1 16 0 -16 -20 4 0 0 0 1 0 0 0 4 p/4-4disc.dat
