0 BFC CERTIFY CCW
1 16 0 0 0 1 0 0 0 1 0 0 0 1 parts/s/88704s01.dat
1 16 0 0 0 1 0 0 0 1 0 0 0 -1 parts/s/88704s01.dat
1 16 21.145 -32.802 0 2.82843 5.65686 0 -2.82843 5.65685 0 0 0 -4 p/4-4cylc.dat
1 16 26.802 -27.145 0 2.82843 -0.70711 0 -2.82843 -0.70711 0 0 0 -4 p/4-4disc.dat
1 16 0 -13.6 0 -1 0 0 0 1 0 0 0 -1 parts/s/93247s01.dat
1 16 0 -13.6 0 -1 0 0 0 1 0 0 0 1 parts/s/93247s01.dat
1 16 0 -13.6 0 1 0 0 0 1 0 0 0 -1 parts/s/93247s01.dat
1 16 0 -13.6 0 1 0 0 0 1 0 0 0 1 parts/s/93247s01.dat
1 16 0 -13.6 0 -1 0 0 0 -1 0 0 0 -1 parts/s/93247s01.dat
1 16 0 -13.6 0 -1 0 0 0 -1 0 0 0 1 parts/s/93247s01.dat
1 16 0 -13.6 0 1 0 0 0 -1 0 0 0 -1 parts/s/93247s01.dat
1 16 0 -13.6 0 1 0 0 0 -1 0 0 0 1 parts/s/93247s01.dat
1 16 0 -7.6 0 -1 0 0 0 1 0 0 0 -1 parts/s/93247s01.dat
1 16 0 -7.6 0 -1 0 0 0 1 0 0 0 1 parts/s/93247s01.dat
1 16 0 -7.6 0 1 0 0 0 1 0 0 0 -1 parts/s/93247s01.dat
1 16 0 -7.6 0 1 0 0 0 1 0 0 0 1 parts/s/93247s01.dat
1 16 0 -7.6 0 -1 0 0 0 -1 0 0 0 -1 parts/s/93247s01.dat
1 16 0 -7.6 0 -1 0 0 0 -1 0 0 0 1 parts/s/93247s01.dat
1 16 0 -7.6 0 1 0 0 0 -1 0 0 0 -1 parts/s/93247s01.dat
1 16 0 -7.6 0 1 0 0 0 -1 0 0 0 1 parts/s/93247s01.dat
1 16 0 -19.6 0 -1 0 0 0 1 0 0 0 -1 parts/s/93247s01.dat
1 16 0 -19.6 0 -1 0 0 0 1 0 0 0 1 parts/s/93247s01.dat
1 16 0 -19.6 0 1 0 0 0 1 0 0 0 -1 parts/s/93247s01.dat
1 16 0 -19.6 0 1 0 0 0 1 0 0 0 1 parts/s/93247s01.dat
1 16 0 -19.6 0 -1 0 0 0 -1 0 0 0 -1 parts/s/93247s01.dat
1 16 0 -19.6 0 -1 0 0 0 -1 0 0 0 1 parts/s/93247s01.dat
1 16 0 -19.6 0 1 0 0 0 -1 0 0 0 -1 parts/s/93247s01.dat
1 16 0 -19.6 0 1 0 0 0 -1 0 0 0 1 parts/s/93247s01.dat
1 16 0 -4.6 0 -1.531 0 -3.696 0 -1 0 -3.696 0 1.531 p/3-8edge.dat
1 16 0 -4.6 0 -1.531 0 -3.696 0 -1 0 -3.696 0 1.531 p/3-8disc.dat
1 16 0 -4.6 0 1.531 0 3.696 0 -1 0 -3.696 0 1.531 p/3-8edge.dat
1 16 0 -4.6 0 1.531 0 3.696 0 -1 0 -3.696 0 1.531 p/3-8disc.dat
1 16 0 -4.6 0 1.33933 0 3.234 0 -1 0 3.234 0 -1.33933 p/3-8edge.dat
1 16 0 -4.6 0 -1.33933 0 -3.234 0 -1 0 3.234 0 -1.33933 p/3-8edge.dat
1 16 0 -3.6 0 -4 0 0 0 3.6 0 0 0 -4 p/4-4cylc.dat
1 16 0 0 0 -4 0 0 0 -1 0 0 0 -4 p/4-4disc.dat
1 16 0 -3.6 0 0 0 3.5 0 -20.4 0 3.5 0 0 p/4-4cylo.dat
4 16 -3.464 -24 -2 -4 -24 0 -3.464 -24 2 -2 -24 3.464
4 16 -2 -24 -3.464 -3.464 -24 -2 -2 -24 3.464 0 -24 4
1 16 0 -24 0 -1 0 1 0 -1 0 0.268 0 3.732 p/rect2p.dat
4 16 2 -24 -3.464 0 -24 -4 2 -24 3.464 3.464 -24 2
4 16 3.464 -24 -2 2 -24 -3.464 3.464 -24 2 4 -24 0
1 16 0 -22.6 0 -1.531 0 -3.696 0 1 0 -3.696 0 1.531 p/3-8edge.dat
1 16 0 -22.6 0 -1.531 0 -3.696 0 1 0 -3.696 0 1.531 p/3-8disc.dat
1 16 0 -22.6 0 1.531 0 3.696 0 1 0 -3.696 0 1.531 p/3-8edge.dat
1 16 0 -22.6 0 1.531 0 3.696 0 1 0 -3.696 0 1.531 p/3-8disc.dat
1 16 0 -22.6 0 1.33933 0 3.234 0 1 0 3.234 0 -1.33933 p/3-8edge.dat
1 16 0 -22.6 0 -1.33933 0 -3.234 0 1 0 3.234 0 -1.33933 p/3-8edge.dat
