0 BFC CERTIFY CCW
1 16 0 0 0 0 0 -1 0 1 0 1 0 0 p/connhole.dat
1 16 0 -10 0 9 0 0 0 20 0 0 0 9 p/4-4cylo.dat
1 16 0 -4.75 0 8.31492 0 3.44415 0 20 0 -3.44415 0 8.31492 p/1-8edge.dat
1 16 0 4.75 0 8.31492 0 3.44415 0 20 0 -3.44415 0 8.31492 p/1-8edge.dat
1 16 0 -4.75 0 -3.44415 0 8.31492 0 20 0 -8.31492 0 -3.44415 p/1-8edge.dat
1 16 0 4.75 0 -3.44415 0 8.31492 0 20 0 -8.31492 0 -3.44415 p/1-8edge.dat
1 16 0 -4.75 0 -8.31492 0 -3.44415 0 20 0 3.44415 0 -8.31492 p/1-8edge.dat
1 16 0 4.75 0 -8.31492 0 -3.44415 0 20 0 3.44415 0 -8.31492 p/1-8edge.dat
1 16 0 -4.75 0 3.44415 0 -8.31492 0 20 0 8.31492 0 3.44415 p/1-8edge.dat
1 16 0 4.75 0 3.44415 0 -8.31492 0 20 0 8.31492 0 3.44415 p/1-8edge.dat
1 16 10 0 0 0 -2.05628 0 4.75 0 0 0 0 4 p/box4o8a.dat
1 16 0 0 -10 0 0 4 4.75 0 0 0 2.05628 0 p/box4o8a.dat
1 16 -10 0 0 0 2.05628 0 4.75 0 0 0 0 -4 p/box4o8a.dat
1 16 0 0 10 0 0 -4 4.75 0 0 0 -2.05628 0 p/box4o8a.dat
1 16 10 0 0 0 0 -1 1 0 0 0 -1 0 p/clip2.dat
1 16 0 0 -10 0 -1 0 1 0 0 0 0 1 p/clip2.dat
1 16 -10 0 0 0 0 1 1 0 0 0 1 0 p/clip2.dat
1 16 0 0 10 0 1 0 1 0 0 0 0 -1 p/clip2.dat
