0 BFC CERTIFY CCW
1 16 -40 0 0 0 80 0 1 0 0 0 0 1 p/axlehole.dat
1 16 -40 0 0 0 1 0 1 0 0 0 0 1 p/axlehol2.dat
1 16 40 0 0 0 1 0 1 0 0 0 0 1 p/axlehol2.dat
1 16 40 0 0 0 -1 0 9 0 0 0 0 9 p/4-4edge.dat
1 16 40 0 0 0 -1 0 3 0 0 0 0 3 p/4-4ring2.dat
1 16 -40 0 0 0 -1 0 9 0 0 0 0 9 p/4-4edge.dat
1 16 -40 0 0 0 1 0 3 0 0 0 0 3 p/4-4ring2.dat
1 16 -18 0 0 0 58 0 9 0 0 0 0 9 p/4-4cyli.dat
1 16 -40 0 0 0 10 0 9 0 0 0 0 9 p/4-4cyli.dat
1 16 -18 0 0 0 -1 0 9 0 0 0 0 9 p/4-4edge.dat
1 16 -30 0 0 0 -1 0 9 0 0 0 0 9 p/4-4edge.dat
1 16 -18 0 0 0 -1 0 14 0 0 0 0 14 p/4-4edge.dat
1 16 -30 0 0 0 -1 0 14 0 0 0 0 14 p/4-4edge.dat
1 16 -18 0 0 0 -12 0 14 0 0 0 0 14 p/4-4cyli.dat
1 16 -18 0 0 0 -1 0 3 0 0 0 0 3 p/4-4ring3.dat
1 16 -18 0 0 0 -1 0 2 0 0 0 0 2 p/4-4ring6.dat
1 16 -30 0 0 0 1 0 3 0 0 0 0 3 p/4-4ring3.dat
1 16 -30 0 0 0 1 0 2 0 0 0 0 2 p/4-4ring6.dat
