0 BFC CERTIFY CCW
1 16 0 0 0 1 0 0 0 1 0 0 0 1 dsnappin.dat
1 16 0 4 0 1 0 0 0 -10 0 0 0 1 stud8.dat
0 BFC INVERTNEXT
1 16 0 48 0 36 0 0 0 -44 0 0 0 36 box5.dat
4 16 40 48 40 36 48 36 -36 48 36 -40 48 40
4 16 -40 48 40 -36 48 36 -36 48 -36 -40 48 -40
4 16 -40 48 -40 -36 48 -36 36 48 -36 40 48 -40
4 16 40 48 -40 36 48 -36 36 48 36 40 48 40
1 16 0 48 0 0 0 40 0 -48 0 -40 0 0 box5.dat
1 16 20 4 -34 1.5 0 0 0 43 0 0 0 2 box4-1.dat
1 16 -20 4 -34 1.5 0 0 0 43 0 0 0 2 box4-1.dat
1 16 20 4 34 1.5 0 0 0 43 0 0 0 -2 box4-1.dat
1 16 -20 4 34 1.5 0 0 0 43 0 0 0 -2 box4-1.dat
1 16 -34 4 -20 0 0 2 0 43 0 -1.5 0 0 box4-1.dat
1 16 34 4 -20 0 0 -2 0 43 0 1.5 0 0 box4-1.dat
1 16 -34 4 20 0 0 2 0 43 0 -1.5 0 0 box4-1.dat
1 16 34 4 20 0 0 -2 0 43 0 1.5 0 0 box4-1.dat
1 16 25.9006 4 0 10.0994 0 0 0 31 0 0 0 1 box3u4p.dat
1 16 0 4 -25.9006 0 0 1 0 31 0 -10.0994 0 0 box3u4p.dat
1 16 -25.9006 4 0 -10.0994 0 0 0 31 0 0 0 -1 box3u4p.dat
1 16 0 4 25.9006 0 0 -1 0 31 0 10.0994 0 0 box3u4p.dat
