0 BFC CERTIFY CCW
1 16 180 4 40 1 0 0 0 -1 0 0 0 1 p/stug4-1x5.dat
1 16 80 4 40 1 0 0 0 -1 0 0 0 1 p/stug4-1x5.dat
1 16 20 4 40 -1 0 0 0 -1 0 0 0 -1 p/3-4stud4.dat
1 16 0 4 40 -1 0 0 0 -1 0 0 0 -1 p/2-4stud4.dat
1 16 -20 4 40 0 0 -1 0 -1 0 1 0 0 p/3-4stud4.dat
1 16 -80 4 40 1 0 0 0 -1 0 0 0 1 p/stug4-1x5.dat
1 16 -180 4 40 1 0 0 0 -1 0 0 0 1 p/stug4-1x5.dat
1 16 120 4 20 1 0 0 0 -1 0 0 0 1 p/stug4-1x5.dat
1 16 -120 4 20 1 0 0 0 -1 0 0 0 1 p/stug4-1x5.dat
1 16 200 4 0 1 0 0 0 -1 0 0 0 1 p/stug4-3x3.dat
1 16 160 4 0 1 0 0 0 -1 0 0 0 1 p/stud4h.dat
1 16 140 4 0 1 0 0 0 -1 0 0 0 1 p/stud4h.dat
1 16 120 4 0 1 0 0 0 -1 0 0 0 1 p/stud4h.dat
1 16 90 4 0 1 0 0 0 -1 0 0 0 1 p/stug4-1x2.dat
1 16 0 4 0 0 0 -1 0 -1 0 -1 0 0 p/stug4-1x3.dat
1 16 -90 4 0 1 0 0 0 -1 0 0 0 1 p/stug4-1x2.dat
1 16 -120 4 0 1 0 0 0 -1 0 0 0 1 p/stud4h.dat
1 16 -140 4 0 1 0 0 0 -1 0 0 0 1 p/stud4h.dat
1 16 -160 4 0 1 0 0 0 -1 0 0 0 1 p/stud4h.dat
1 16 -200 4 0 1 0 0 0 -1 0 0 0 1 p/stug4-3x3.dat
1 16 120 4 -20 1 0 0 0 -1 0 0 0 1 p/stug4-1x5.dat
1 16 -120 4 -20 1 0 0 0 -1 0 0 0 1 p/stug4-1x5.dat
1 16 180 4 -40 1 0 0 0 -1 0 0 0 1 p/stug4-1x5.dat
1 16 80 4 -40 1 0 0 0 -1 0 0 0 1 p/stug4-1x5.dat
1 16 20 4 -40 0 0 1 0 -1 0 -1 0 0 p/3-4stud4.dat
1 16 0 4 -40 1 0 0 0 -1 0 0 0 1 p/2-4stud4.dat
1 16 -20 4 -40 1 0 0 0 -1 0 0 0 1 p/3-4stud4.dat
1 16 -80 4 -40 1 0 0 0 -1 0 0 0 1 p/stug4-1x5.dat
1 16 -180 4 -40 1 0 0 0 -1 0 0 0 1 p/stug4-1x5.dat
0 BFC INVERTNEXT
1 16 -20 10 0 0 -216 0 6 0 0 0 0 56 p/box3u4a.dat
0 BFC INVERTNEXT
1 16 20 10 0 0 216 0 6 0 0 0 0 56 p/box3u4a.dat
1 16 -20 6 47 0 -1 0 0 0 2 -1 0 0 p/recte3.dat
1 16 20 6 47 0 -1 0 0 0 2 -1 0 0 p/recte3.dat
1 16 -13 6 40 1 0 0 0 0 2 0 -1 0 p/recte3.dat
1 16 13 6 40 1 0 0 0 0 2 0 -1 0 p/recte3.dat
1 16 -7 6 40 1 0 0 0 0 2 0 -1 0 p/recte3.dat
1 16 7 6 40 1 0 0 0 0 2 0 -1 0 p/recte3.dat
1 16 -20 6 -47 0 -1 0 0 0 2 -1 0 0 p/recte3.dat
1 16 20 6 -47 0 -1 0 0 0 2 -1 0 0 p/recte3.dat
1 16 -13 6 -40 1 0 0 0 0 2 0 -1 0 p/recte3.dat
1 16 13 6 -40 1 0 0 0 0 2 0 -1 0 p/recte3.dat
1 16 -7 6 -40 1 0 0 0 0 2 0 -1 0 p/recte3.dat
1 16 7 6 -40 1 0 0 0 0 2 0 -1 0 p/recte3.dat
4 16 240 16 60 236 16 56 -236 16 56 -240 16 60
4 16 240 16 -60 236 16 -56 236 16 56 240 16 60
4 16 -240 16 60 -236 16 56 -236 16 -56 -240 16 -60
4 16 -240 16 -60 -236 16 -56 236 16 -56 240 16 -60
4 16 -60 8 20 -64 8 24 -16 8 24 -20 8 20
4 16 20 8 20 16 8 24 64 8 24 60 8 20
4 16 60 8 20 64 8 24 64 8 -24 60 8 -20
4 16 20 8 -20 16 8 -24 16 8 24 20 8 20
4 16 -20 8 20 -16 8 24 -16 8 -24 -20 8 -20
4 16 -60 8 -20 -64 8 -24 -64 8 24 -60 8 20
4 16 60 8 -20 64 8 -24 16 8 -24 20 8 -20
4 16 -20 8 -20 -16 8 -24 -64 8 -24 -60 8 -20
1 16 0 0 0 240 0 0 0 16 0 0 0 60 p/box4.dat
0 BFC INVERTNEXT
1 16 40 0 0 20 0 0 0 8 0 0 0 20 p/box4.dat
0 BFC INVERTNEXT
1 16 -40 0 0 20 0 0 0 8 0 0 0 20 p/box4.dat
1 16 40 8 0 24 0 0 0 -4 0 0 0 24 p/box4.dat
1 16 -40 8 0 24 0 0 0 -4 0 0 0 24 p/box4.dat
1 16 0 0 50 1 0 0 0 1 0 0 0 1 p/stug-1x12.dat
1 16 0 0 30 1 0 0 0 1 0 0 0 1 p/stug-1x12.dat
1 16 -90 0 10 1 0 0 0 1 0 0 0 1 p/stug-1x3.dat
1 16 90 0 10 1 0 0 0 1 0 0 0 1 p/stug-1x3.dat
1 16 -180 0 0 1 0 0 0 1 0 0 0 1 p/stug-6x6.dat
1 16 0 0 0 1 0 0 0 1 0 0 0 1 p/stug-2x2.dat
1 16 180 0 0 1 0 0 0 1 0 0 0 1 p/stug-6x6.dat
1 16 -90 0 -10 1 0 0 0 1 0 0 0 1 p/stug-1x3.dat
1 16 90 0 -10 1 0 0 0 1 0 0 0 1 p/stug-1x3.dat
1 16 0 0 -30 1 0 0 0 1 0 0 0 1 p/stug-1x12.dat
1 16 0 0 -50 1 0 0 0 1 0 0 0 1 p/stug-1x12.dat
0 BFC INVERTNEXT
1 16 0 4 -50 0 0 16 0 12 0 -6 0 0 p/box4.dat
1 16 0 10 -56 0 0 -20 -6 0 0 0 16 0 p/box3u5p.dat
1 16 0 10 56 0 0 20 -6 0 0 0 -16 0 p/box3u5p.dat
0 BFC INVERTNEXT
1 16 0 4 50 0 0 16 0 12 0 -6 0 0 p/box4.dat
4 16 16 16 44 20 16 40 -20 16 40 -16 16 44
4 16 -16 16 -44 -20 16 -40 20 16 -40 16 16 -44
4 16 16 16 56 20 16 56 20 16 40 16 16 44
4 16 -16 16 44 -20 16 40 -20 16 56 -16 16 56
4 16 16 16 -44 20 16 -40 20 16 -56 16 16 -56
4 16 -16 16 -56 -20 16 -56 -20 16 -40 -16 16 -44
1 16 160 4 0 8 0 0 0 -1 0 0 0 8 p/4-4ndis.dat
1 16 140 4 0 8 0 0 0 -1 0 0 0 8 p/4-4ndis.dat
1 16 120 4 0 8 0 0 0 -1 0 0 0 8 p/4-4ndis.dat
1 16 -120 4 0 8 0 0 0 -1 0 0 0 8 p/4-4ndis.dat
1 16 -140 4 0 8 0 0 0 -1 0 0 0 8 p/4-4ndis.dat
1 16 -160 4 0 8 0 0 0 -1 0 0 0 8 p/4-4ndis.dat
4 16 236 4 56 16 4 24 -16 4 24 -236 4 56
3 16 236 4 56 64 4 24 16 4 24
3 16 -236 4 56 -16 4 24 -64 4 24
4 16 236 4 56 128 4 8 112 4 8 64 4 24
4 16 -236 4 56 -64 4 24 -112 4 8 -128 4 8
3 16 236 4 56 168 4 8 152 4 8
3 16 -236 4 56 -152 4 8 -168 4 8
3 16 236 4 56 152 4 8 148 4 8
3 16 -236 4 56 -148 4 8 -152 4 8
3 16 236 4 56 148 4 8 132 4 8
3 16 -236 4 56 -132 4 8 -148 4 8
3 16 236 4 56 132 4 8 128 4 8
3 16 -236 4 56 -128 4 8 -132 4 8
4 16 236 4 -56 168 4 -8 168 4 8 236 4 56
4 16 148 4 8 152 4 8 152 4 -8 148 4 -8
4 16 128 4 8 132 4 8 132 4 -8 128 4 -8
4 16 64 4 24 112 4 8 112 4 -8 64 4 -24
4 16 16 4 24 16 4 -24 -16 4 -24 -16 4 24
4 16 -64 4 -24 -112 4 -8 -112 4 8 -64 4 24
4 16 -128 4 -8 -132 4 -8 -132 4 8 -128 4 8
4 16 -148 4 -8 -152 4 -8 -152 4 8 -148 4 8
4 16 -236 4 56 -168 4 8 -168 4 -8 -236 4 -56
3 16 236 4 -56 152 4 -8 168 4 -8
3 16 -236 4 -56 -168 4 -8 -152 4 -8
3 16 236 4 -56 148 4 -8 152 4 -8
3 16 -236 4 -56 -152 4 -8 -148 4 -8
3 16 236 4 -56 132 4 -8 148 4 -8
3 16 -236 4 -56 -148 4 -8 -132 4 -8
3 16 236 4 -56 128 4 -8 132 4 -8
3 16 -236 4 -56 -132 4 -8 -128 4 -8
4 16 236 4 -56 64 4 -24 112 4 -8 128 4 -8
4 16 -236 4 -56 -128 4 -8 -112 4 -8 -64 4 -24
3 16 236 4 -56 16 4 -24 64 4 -24
3 16 -236 4 -56 -64 4 -24 -16 4 -24
4 16 236 4 -56 -236 4 -56 -16 4 -24 16 4 -24
1 16 160 0 0 6 0 0 0 1 0 0 0 6 p/4-4ndis.dat
1 16 140 0 0 6 0 0 0 1 0 0 0 6 p/4-4ndis.dat
1 16 120 0 0 6 0 0 0 1 0 0 0 6 p/4-4ndis.dat
1 16 -120 0 0 6 0 0 0 1 0 0 0 6 p/4-4ndis.dat
1 16 -140 0 0 6 0 0 0 1 0 0 0 6 p/4-4ndis.dat
1 16 -160 0 0 6 0 0 0 1 0 0 0 6 p/4-4ndis.dat
3 16 240 0 60 20 0 20 60 0 20
4 16 240 0 60 -240 0 60 -20 0 20 20 0 20
3 16 -240 0 60 -60 0 20 -20 0 20
4 16 240 0 60 60 0 20 114 0 6 126 0 6
4 16 -240 0 60 -126 0 6 -114 0 6 -60 0 20
3 16 240 0 60 154 0 6 166 0 6
3 16 -240 0 60 -166 0 6 -154 0 6
3 16 240 0 60 146 0 6 154 0 6
3 16 -240 0 60 -154 0 6 -146 0 6
3 16 240 0 60 134 0 6 146 0 6
3 16 -240 0 60 -146 0 6 -134 0 6
3 16 240 0 60 126 0 6 134 0 6
3 16 -240 0 60 -134 0 6 -126 0 6
4 16 240 0 60 166 0 6 166 0 -6 240 0 -60
4 16 146 0 -6 154 0 -6 154 0 6 146 0 6
4 16 126 0 -6 134 0 -6 134 0 6 126 0 6
4 16 60 0 -20 114 0 -6 114 0 6 60 0 20
4 16 -20 0 20 -20 0 -20 20 0 -20 20 0 20
4 16 -60 0 20 -114 0 6 -114 0 -6 -60 0 -20
4 16 -126 0 6 -134 0 6 -134 0 -6 -126 0 -6
4 16 -146 0 6 -154 0 6 -154 0 -6 -146 0 -6
4 16 -240 0 -60 -166 0 -6 -166 0 6 -240 0 60
3 16 240 0 -60 166 0 -6 154 0 -6
3 16 -240 0 -60 -154 0 -6 -166 0 -6
3 16 240 0 -60 154 0 -6 146 0 -6
3 16 -240 0 -60 -146 0 -6 -154 0 -6
3 16 240 0 -60 146 0 -6 134 0 -6
3 16 -240 0 -60 -134 0 -6 -146 0 -6
3 16 240 0 -60 134 0 -6 126 0 -6
3 16 -240 0 -60 -126 0 -6 -134 0 -6
4 16 240 0 -60 126 0 -6 114 0 -6 60 0 -20
4 16 -240 0 -60 -60 0 -20 -114 0 -6 -126 0 -6
3 16 240 0 -60 60 0 -20 20 0 -20
4 16 240 0 -60 20 0 -20 -20 0 -20 -240 0 -60
3 16 -240 0 -60 -20 0 -20 -60 0 -20
