0 BFC CERTIFY CCW
1 16 65.5 189 -40 1 0 0 0 1 0 0 0 1 p/ddoorhinge.dat
1 16 65.5 127 -40 1 0 0 0 1 0 0 0 1 p/ddoorhinge.dat
1 16 65.5 65 -40 1 0 0 0 1 0 0 0 1 p/ddoorhinge.dat
1 16 0 0 -20 -1 0 0 0 2.75 0 0 0 -1 p/stug7-1x4.dat
1 16 0 0 20 -1 0 0 0 2.75 0 0 0 -1 p/stug7-1x4.dat
1 16 0 240 0 0 0 80 0 -240 0 40 0 0 p/box3u2p.dat
4 16 76 240 36 -76 240 36 -80 240 40 80 240 40
4 16 76 240 -36 76 240 36 80 240 40 80 240 -40
4 16 -76 240 -36 -80 240 -40 -80 240 40 -76 240 36
1 16 0 216 2 0 0 -75 0 1 0 38 0 0 p/rect1.dat
0 BFC INVERTNEXT
1 16 51.5 212 -40 0 0 4 4 0 0 0 4 0 p/1-4cylo.dat
1 16 51.5 212 -40 0 0 4 4 0 0 0 1 0 p/1-4ndis.dat
1 16 51.5 212 -36 0 0 4 4 0 0 0 -1 0 p/1-4ndis.dat
0 BFC INVERTNEXT
1 16 -51.5 212 -40 0 0 -4 4 0 0 0 4 0 p/1-4cylo.dat
1 16 -51.5 212 -40 0 0 -4 4 0 0 0 1 0 p/1-4ndis.dat
1 16 -51.5 212 -36 0 0 -4 4 0 0 0 -1 0 p/1-4ndis.dat
1 16 0 216 -38 0 0 51.5 0 1 0 -2 0 0 p/rect1.dat
4 16 80 240 -40 74 195 -40 57 195 -40 55.5 216 -40
4 16 80 0 -40 74 59 -40 74 195 -40 80 240 -40
4 16 -55.5 216 -40 -80 240 -40 80 240 -40 55.5 216 -40
4 16 76 240 -36 80 240 -40 -80 240 -40 -76 240 -36
4 16 75 216 -36 68 195 -36 68 59 -36 75 4 -36
4 16 75 216 -36 55.5 216 -36 63 195 -36 68 195 -36
4 16 68 71 -36 68 121 -36 63 121 -36 63 71 -36
0 BFC INVERTNEXT
1 16 48.5 45 -40 0 0 7 -7 0 0 0 4 0 p/1-4cylo.dat
1 16 48.5 45 -40 0 0 7 -7 0 0 0 1 0 p/1-4ndis.dat
1 16 48.5 45 -36 0 0 7 -7 0 0 0 -1 0 p/1-4ndis.dat
1 16 -48.5 45 -40 0 0 -7 -7 0 0 0 1 0 p/1-4ndis.dat
1 16 -48.5 45 -36 0 0 -7 -7 0 0 0 -1 0 p/1-4ndis.dat
0 BFC INVERTNEXT
1 16 -48.5 45 -40 0 0 -7 -7 0 0 0 4 0 p/1-4cylo.dat
1 16 -55.5 128.5 -38 0 -1 0 83.5 0 0 0 0 2 p/rect2p.dat
1 16 0 38 -38 -48.5 0 0 0 -1 0 0 0 2 p/rect2p.dat
1 16 55.5 128.5 -38 0 1 0 -83.5 0 0 0 0 2 p/rect2p.dat
4 16 55.5 216 -40 57 195 -40 57 59 -40 55.5 38 -40
4 16 80 0 -40 55.5 38 -40 57 59 -40 74 59 -40
4 16 -55.5 38 -40 55.5 38 -40 80 0 -40 -80 0 -40
4 16 -55.5 216 -40 -55.5 38 -40 -80 0 -40 -80 240 -40
4 16 63 59 -36 63 195 -36 55.5 216 -36 55.5 38 -36
4 16 63 59 -36 55.5 38 -36 75 4 -36 68 59 -36
4 16 55.5 38 -36 -55.5 38 -36 -75 4 -36 75 4 -36
4 16 -75 4 -36 -55.5 38 -36 -55.5 216 -36 -75 216 -36
0 BFC INVERTNEXT
1 16 65.5 65 -36 0 0 2.5 6 0 0 0 -4 0 p/box4o4a.dat
0 BFC INVERTNEXT
1 16 65.5 127 -36 0 0 2.5 6 0 0 0 -4 0 p/box4o4a.dat
0 BFC INVERTNEXT
1 16 65.5 189 -36 0 0 2.5 6 0 0 0 -4 0 p/box4o4a.dat
0 BFC INVERTNEXT
1 16 0 240 0 -76 0 0 0 -20 0 0 0 -36 p/box5.dat
1 16 0 220 0 -1 0 0 0 -4 0 0 0 -1 p/stug8-1x3.dat
1 16 20 220 34 -1.5 0 0 0 19 0 0 0 -2 p/box4-1.dat
1 16 60 220 34 -1.5 0 0 0 19 0 0 0 -2 p/box4-1.dat
1 16 74 220 20 0 0 -2 0 19 0 -1.5 0 0 p/box4-1.dat
1 16 -20 220 34 1.5 0 0 0 19 0 0 0 -2 p/box4-1.dat
1 16 -60 220 34 1.5 0 0 0 19 0 0 0 -2 p/box4-1.dat
1 16 -74 220 20 0 0 2 0 19 0 -1.5 0 0 p/box4-1.dat
1 16 20 220 -34 -1.5 0 0 0 19 0 0 0 2 p/box4-1.dat
1 16 60 220 -34 -1.5 0 0 0 19 0 0 0 2 p/box4-1.dat
1 16 74 220 -20 0 0 -2 0 19 0 1.5 0 0 p/box4-1.dat
1 16 -20 220 -34 1.5 0 0 0 19 0 0 0 2 p/box4-1.dat
1 16 -60 220 -34 1.5 0 0 0 19 0 0 0 2 p/box4-1.dat
1 16 -74 220 -20 0 0 2 0 19 0 1.5 0 0 p/box4-1.dat
4 16 74 71 -40 57 71 -40 57 121 -40 74 121 -40
4 16 74 133 -40 57 133 -40 57 183 -40 74 183 -40
0 BFC INVERTNEXT
1 16 0 216 2 0 0 75 0 -212 0 38 0 0 p/box3u2p.dat
4 16 -75 216 40 -80 240 40 -80 0 40 -75 4 40
4 16 75 4 40 -75 4 40 -80 0 40 80 0 40
4 16 75 216 40 75 4 40 80 0 40 80 240 40
4 16 -75 216 40 75 216 40 80 240 40 -80 240 40
1 16 65.5 158 -36 -2.5 0 0 0 0 -25 0 -1 0 p/rect2p.dat
