0 BFC CERTIFY CCW
1 16 0 4 0 1 0 0 0 -1 0 0 0 1 p/stud3.dat
0 BFC INVERTNEXT
1 16 0 8 0 16 0 0 0 -4 0 0 0 6 p/box5.dat
1 16 0 8 0 20 0 0 0 1 0 0 0 10 p/recte4.dat
4 16 20 8 10 16 8 6 -16 8 6 -20 8 10
4 16 20 8 -10 16 8 -6 16 8 6 20 8 10
4 16 -20 8 -10 -16 8 -6 16 8 -6 20 8 -10
4 16 -20 8 10 -16 8 6 -16 8 -6 -20 8 -10
1 16 19 6 0 0 0 1 0 -2 0 10 0 0 p/box2-7.dat
4 16 20 4 10 20 8 10 -20 8 10 18 4 10
4 16 18 4 -10 -20 8 -10 20 8 -10 20 4 -10
4 16 18 1 -4 18 4 -10 18 4 10 18 1 4
3 16 18 1 -10 18 4 -10 18 1 -4
3 16 18 1 4 18 4 10 18 1 10
4 16 18 1 10 18 4 10 -20 8 10 0 1 10
4 16 0 1 -10 -20 8 -10 18 4 -10 18 1 -10
1 16 -20 4 0 0 1 0 0 0 -4 -10 0 0 p/rect3.dat
4 16 -20 0 -10 0 0 -4 0 0 4 -20 0 10
3 16 -20 0 10 0 0 4 0 0 10
3 16 0 0 -10 0 0 -4 -20 0 -10
4 16 -20 8 -10 0 1 -10 0 0 -10 -20 0 -10
4 16 -20 0 10 0 0 10 0 1 10 -20 8 10
0 BFC INVERTNEXT
1 16 9 0.5 -7 0 -9 0 0 0 0.5 -3 0 0 p/box2-5.dat
0 BFC INVERTNEXT
1 16 9 0.5 7 0 -9 0 0 0 0.5 -3 0 0 p/box2-5.dat
1 16 1 0 0 0 0 1 0 1 0 -4 0 0 p/rect3.dat
1 16 18 0.5 0 0 -1 0 -0.5 0 0 0 0 -4 p/rect2p.dat
3 16 0 0 -4 0 1 -4 2 0 -4
3 16 2 0 4 0 1 4 0 0 4
4 16 18 1 -4 18 0 -4 2 0 -4 0 1 -4
4 16 0 1 4 2 0 4 18 0 4 18 1 4
1 16 -10 0 0 -1 0 0 0 1 0 0 0 -1 p/stud.dat
1 16 10 0 0 1 0 0 0 1 0 0 0 1 p/clip8.dat
1 16 2.0761 -4.07405 0 0.0761 1 0 -4.07405 0 0 0 0 4 p/rect2p.dat
1 16 17.9239 -4.07405 0 -0.0761 -1 0 -4.07405 0 0 0 0 -4 p/rect2p.dat
