0 BFC CERTIFY CCW
4 16 160 8 80 156 8 76 -156 8 76 -160 8 80
4 16 -160 8 80 -156 8 76 -156 8 -76 -160 8 -80
4 16 -160 8 -80 -156 8 -76 156 8 -76 160 8 -80
4 16 160 8 -80 156 8 -76 156 8 76 160 8 80
1 16 -80 4 0 1 0 0 0 -1 0 0 0 1 p/stug4-7x7.dat
1 16 0 4 0 0 0 -1 0 -1 0 1 0 0 p/stug4-1x7.dat
1 16 80 4 0 1 0 0 0 -1 0 0 0 1 p/stug4-7x7.dat
0 BFC INVERTNEXT
1 16 0 8 0 156 0 0 0 -4 0 0 0 76 p/box5.dat
1 16 0 8 0 160 0 0 0 -8 0 0 0 80 p/box5.dat
1 16 -80 0 0 1 0 0 0 1 0 0 0 1 p/stug-8x8.dat
1 16 80 0 0 1 0 0 0 1 0 0 0 1 p/stug-8x8.dat
