0 BFC CERTIFY CCW
1 16 0 0 0 1 0 0 0 1 0 0 0 1 parts/s/92590s01.dat
1 16 0 0 0 -1 0 0 0 1 0 0 0 1 parts/s/92590s01.dat
1 16 0 -2 0 -6 0 0 0 1 0 0 0 -6 p/4-4edge.dat
1 16 0 0 0 -6 0 0 0 1 0 0 0 -6 p/4-4edge.dat
0 BFC INVERTNEXT
1 16 0 -2 0 6 0 0 0 2 0 0 0 6 p/4-4cyli.dat
1 16 0 -2 0 -6 0 0 0 1 0 0 0 -6 p/4-4ndis.dat
1 16 0 0 0 6 0 0 0 -1 0 0 0 6 p/4-4ndis.dat
1 16 -6 -2 -6 -4 0 0 0 1 0 0 0 -4 p/1-4edge.dat
1 16 -6 0 -6 -4 0 0 0 1 0 0 0 -4 p/1-4edge.dat
1 16 -6 -2 -6 -4 0 0 0 2 0 0 0 -4 p/1-4cyli.dat
1 16 -6 -2 -6 -4 0 0 0 1 0 0 0 -4 p/1-4disc.dat
1 16 -6 0 -6 -4 0 0 0 -1 0 0 0 -4 p/1-4disc.dat
1 16 6 -2 -6 0 0 4 0 1 0 -4 0 0 p/1-4edge.dat
1 16 6 0 -6 0 0 4 0 1 0 -4 0 0 p/1-4edge.dat
1 16 6 -2 -6 0 0 4 0 2 0 -4 0 0 p/1-4cyli.dat
1 16 6 -2 -6 0 0 4 0 1 0 -4 0 0 p/1-4disc.dat
1 16 6 0 -6 0 0 4 0 -1 0 -4 0 0 p/1-4disc.dat
4 16 -6 0 -10 6 0 -10 6 -2 -10 -6 -2 -10
4 16 -10 -2 -6 -10 -2 10 -10 0 10 -10 0 -6
4 16 10 0 -6 10 0 10 10 -2 10 10 -2 -6
4 16 -6 -2 -10 6 -2 -10 6 -2 -6 -6 -2 -6
4 16 -6 0 -6 6 0 -6 6 0 -10 -6 0 -10
4 16 10 -2 -6 10 -2 10 6 -2 6 6 -2 -6
4 16 6 0 -6 6 0 6 10 0 10 10 0 -6
4 16 -6 -2 -6 -6 -2 6 -10 -2 10 -10 -2 -6
4 16 -10 0 -6 -10 0 10 -6 0 6 -6 0 -6
4 16 10 0 10 6 0 6 0 0 6 0 0 10
4 16 -10 0 10 0 0 10 0 0 6 -6 0 6
4 16 0 -2 10 0 -2 6 6 -2 6 10 -2 10
4 16 0 -2 6 0 -2 10 -10 -2 10 -6 -2 6
