0 BFC CERTIFY CCW
1 16 -10 0 -40 0 0 -1 0 1 0 -1 0 0 p/npeghol9.dat
1 16 -40 0 -70 1 0 0 0 1 0 0 0 -1 p/npeghol9.dat
1 16 -40 0 -90 1 0 0 0 1 0 0 0 1 p/npeghol11.dat
1 16 -40 0 -50 1 0 0 0 1 0 0 0 1 p/npeghol10.dat
1 16 -30 -10 -40 0 0 1 0 6.55585 0 -1 0 0 p/npeghole.dat
1 16 -30 10 -40 0 0 1 0 -6.55585 0 -1 0 0 p/npeghole.dat
1 16 -20 0 -40 1 0 0 0 1 0 0 0 1 p/connhole.dat
1 16 -40 0 -40 1 0 0 0 1 0 0 0 1 p/connhole.dat
1 16 -40 0 -80 1 0 0 0 1 0 0 0 1 p/connhole.dat
1 16 -50 0 -60 0 1 0 -1 0 0 0 0 1 p/peghole.dat
1 16 -50 0 -100 0 1 0 -1 0 0 0 0 1 p/peghole.dat
1 16 -50 0 -100 0 1 0 1 0 0 0 0 -1 p/2-4ring8.dat
1 16 -50 0 -100 0 1 0 -8 0 0 0 0 8 p/2-4ndis.dat
1 16 -30 0 -100 0 -1 0 -8 0 0 0 0 8 p/1-4ndis.dat
1 16 -50 0 -60 0 1 0 -8 0 0 0 0 8 p/4-4ndis.dat
1 16 -30 0 -100 0 -1 0 -1 0 0 0 0 -1 p/1-4ring8.dat
1 16 -32 0 -100 0 -1 0 0 0 -2 2 0 0 p/2-4ring3.dat
1 16 -32 0 -100 0 -1 0 0 0 3 -3 0 0 p/1-4ring2.dat
1 16 -30 0 -60 0 -1 0 0 0 -1 1 0 0 p/peghole5.dat
0 BFC INVERTNEXT
1 16 -48 0 -60 0 16 0 -6 0 0 0 0 6 p/4-4cyli.dat
1 16 -40 -10 -40 0 0 -10 0 20 0 10 0 0 p/1-4cylo.dat
1 16 -40 -10 -40 0.70711 0 -0.70711 0 1 0 0.70711 0 0.70711 p/2-4ring9.dat
1 16 -40 10 -40 0.70711 0 -0.70711 0 -1 0 0.70711 0 0.70711 p/2-4ring9.dat
0 BFC INVERTNEXT
1 16 -32 0 -100 0 -16 0 -6 0 0 0 0 -6 p/4-4cyli.dat
1 16 -32 0 -100 0 -16 0 -6 0 0 0 0 -6 p/4-4edge.dat
1 16 -30 0 -100 0 -20 0 -9 0 0 0 0 -9 p/1-4cylo.dat
0 BFC INVERTNEXT
1 16 -32 0 -100 0 2 0 0 0 -8 8 0 0 p/2-4cylo.dat
1 16 -32 0 -100 0 -1 0 6 0 0 0 0 6 p/1-4ndis.dat
1 16 -32 0 -100 0 -18 0 0 0 9 -9 0 0 p/1-4cylo.dat
1 16 -31 0 -108.5 1 0 0 0 -1 0 0 0 -0.5 p/rect.dat
1 16 -31 4.5 -92 1 0 0 0 0 4.5 0 1 0 p/rect3.dat
4 16 -50 -9 -80 -50 -8 -92 -50 -8 -100 -50 -9 -100
4 16 -50 -10 -80 -50 -8 -60 -50 -8 -68 -50 -9 -80
4 16 -50 9 -80 -50 8 -68 -50 8 -60 -50 10 -80
4 16 -50 10 -80 -50 8 -60 -50 8 -52 -50 10 -39
4 16 -50 -10 -39 -50 -8 -52 -50 -8 -60 -50 -10 -80
4 16 -50 9 -100 -50 8 -100 -50 8 -92 -50 9 -80
4 16 -50 9 -80 -50 8 -92 -50 -8 -92 -50 -9 -80
4 16 -50 -9 -80 -50 -8 -68 -50 8 -68 -50 9 -80
4 16 -50 10 -40 -50 8 -52 -50 -8 -52 -50 -10 -40
1 16 -40 -10 -40 -10 0 0 0 1 0 0 0 -10 p/1-8ndis.dat
4 16 -50 -10 -50 -50 -10 -60 -47.071 -10 -60 -47.071 -10 -47.071
1 16 -40 10 -40 -10 0 0 0 -1 0 0 0 -10 p/1-8ndis.dat
4 16 -47.071 10 -47.071 -47.071 10 -60 -50 10 -60 -50 10 -50
4 16 -30 -9 -100 -30 -8 -100 -30 -8 -92 -30 -9 -80
4 16 -32 0 -92 -32 0 -94 -32 6 -94 -32 9 -92
4 16 -32 9 -92 -32 6 -94 -32 6 -100 -32 9 -100
1 16 -30 0 -60 0 -1 0 0 0 -8 -8 0 0 p/2-4ndis.dat
4 16 -30 -9 -80 -30 -8 -92 -30 9 -92 -30 9 -80
4 16 -30 9 -80 -30 0 -68 -30 -8 -68 -30 -9 -80
4 16 -30 10 -80 -30 10 -68 -30 0 -68 -30 9 -80
4 16 -30 -9 -80 -30 -8 -68 -30 -8 -60 -30 -10 -80
4 16 -30 -10 -80 -30 -8 -60 -30 -8 -52 -30 -10 -50
4 16 -30 -10 -50 -30 -8 -52 -30 10 -52 -30 10 -50
3 16 -33.64 -10 -33.64 -26.36 -10 -33.64 -29 -10 -31
3 16 -33.64 -10 -33.64 -29 -10 -31 -30 -10 -30
4 16 -30 -10 -30 -29 -10 -31 -20 -10 -31 -20 -10 -30
1 16 -20 -10 -40 0 0 -9 0 1 0 9 0 0 p/1-8ndis.dat
1 16 -40 -10 -40 0 0 10 0 1 0 10 0 0 p/1-8ndis.dat
3 16 -29 10 -31 -26.36 10 -33.64 -33.64 10 -33.64
3 16 -30 10 -30 -29 10 -31 -33.64 10 -33.64
4 16 -20 10 -30 -20 10 -31 -29 10 -31 -30 10 -30
1 16 -20 10 -40 0 0 -9 0 -1 0 9 0 0 p/1-8ndis.dat
1 16 -40 10 -40 0 0 10 0 -1 0 10 0 0 p/1-8ndis.dat
3 16 -29 -10 -49 -26.36 -10 -46.36 -33.64 -10 -46.36
3 16 -30 -10 -50 -29 -10 -49 -33.64 -10 -46.36
4 16 -20 -10 -50 -20 -10 -49 -29 -10 -49 -30 -10 -50
1 16 -20 -10 -40 0 0 -9 0 1 0 -9 0 0 p/1-8ndis.dat
4 16 -32.929 -10 -47.071 -32.929 -10 -60 -30 -10 -60 -30 -10 -50
3 16 -33.64 10 -46.36 -26.36 10 -46.36 -29 10 -49
3 16 -33.64 10 -46.36 -29 10 -49 -30 10 -50
4 16 -30 10 -50 -29 10 -49 -20 10 -49 -20 10 -50
1 16 -20 10 -40 0 0 -9 0 -1 0 -9 0 0 p/1-8ndis.dat
4 16 -30 10 -50 -30 10 -52 -32 10 -52 -32.929 10 -47.071
4 16 -32.929 10 -47.071 -32 10 -52 -32 10 -60 -36.173 10 -60
3 16 -32.929 10 -47.071 -36.173 10 -60 -36.173 10 -49.239
4 16 -30 10 -50 -8 10 -50 -8 -8 -50 -30 -10 -50
4 16 -40 -10 -30 -10 -10 -30 -10 10 -30 -40 10 -30
1 16 10 0 -40 0 0 1 0 1 0 -1 0 0 p/npeghol9.dat
1 16 40 0 -70 -1 0 0 0 1 0 0 0 -1 p/npeghol9.dat
1 16 40 0 -90 -1 0 0 0 1 0 0 0 1 p/npeghol11.dat
1 16 40 0 -50 -1 0 0 0 1 0 0 0 1 p/npeghol10.dat
1 16 30 -10 -40 0 0 -1 0 6.55585 0 -1 0 0 p/npeghole.dat
1 16 30 10 -40 0 0 -1 0 -6.55585 0 -1 0 0 p/npeghole.dat
1 16 20 0 -40 -1 0 0 0 1 0 0 0 1 p/connhole.dat
1 16 40 0 -40 -1 0 0 0 1 0 0 0 1 p/connhole.dat
1 16 40 0 -80 -1 0 0 0 1 0 0 0 1 p/connhole.dat
1 16 50 0 -60 0 -1 0 -1 0 0 0 0 1 p/peghole.dat
1 16 50 0 -100 0 -1 0 -1 0 0 0 0 1 p/peghole.dat
1 16 50 0 -100 0 -1 0 1 0 0 0 0 -1 p/2-4ring8.dat
1 16 50 0 -100 0 -1 0 -8 0 0 0 0 8 p/2-4ndis.dat
1 16 30 0 -100 0 1 0 -8 0 0 0 0 8 p/1-4ndis.dat
1 16 50 0 -60 0 -1 0 -8 0 0 0 0 8 p/4-4ndis.dat
1 16 30 0 -100 0 1 0 -1 0 0 0 0 -1 p/1-4ring8.dat
1 16 32 0 -100 0 1 0 0 0 -2 2 0 0 p/2-4ring3.dat
1 16 32 0 -100 0 1 0 0 0 3 -3 0 0 p/1-4ring2.dat
1 16 30 0 -60 0 1 0 0 0 -1 1 0 0 p/peghole5.dat
0 BFC INVERTNEXT
1 16 48 0 -60 0 -16 0 -6 0 0 0 0 6 p/4-4cyli.dat
1 16 40 -10 -40 0 0 10 0 20 0 10 0 0 p/1-4cylo.dat
1 16 40 -10 -40 -0.70711 0 0.70711 0 1 0 0.70711 0 0.70711 p/2-4ring9.dat
1 16 40 10 -40 -0.70711 0 0.70711 0 -1 0 0.70711 0 0.70711 p/2-4ring9.dat
0 BFC INVERTNEXT
1 16 32 0 -100 0 16 0 -6 0 0 0 0 -6 p/4-4cyli.dat
1 16 32 0 -100 0 16 0 -6 0 0 0 0 -6 p/4-4edge.dat
1 16 30 0 -100 0 20 0 -9 0 0 0 0 -9 p/1-4cylo.dat
0 BFC INVERTNEXT
1 16 32 0 -100 0 -2 0 0 0 -8 8 0 0 p/2-4cylo.dat
1 16 32 0 -100 0 1 0 6 0 0 0 0 6 p/1-4ndis.dat
1 16 32 0 -100 0 18 0 0 0 9 -9 0 0 p/1-4cylo.dat
1 16 31 0 -108.5 -1 0 0 0 -1 0 0 0 -0.5 p/rect.dat
1 16 31 4.5 -92 -1 0 0 0 0 4.5 0 1 0 p/rect3.dat
4 16 50 -9 -100 50 -8 -100 50 -8 -92 50 -9 -80
4 16 50 -9 -80 50 -8 -68 50 -8 -60 50 -10 -80
4 16 50 10 -80 50 8 -60 50 8 -68 50 9 -80
4 16 50 10 -39 50 8 -52 50 8 -60 50 10 -80
4 16 50 -10 -80 50 -8 -60 50 -8 -52 50 -10 -39
4 16 50 9 -80 50 8 -92 50 8 -100 50 9 -100
4 16 50 -9 -80 50 -8 -92 50 8 -92 50 9 -80
4 16 50 9 -80 50 8 -68 50 -8 -68 50 -9 -80
4 16 50 -10 -40 50 -8 -52 50 8 -52 50 10 -40
1 16 40 -10 -40 10 0 0 0 1 0 0 0 -10 p/1-8ndis.dat
4 16 47.071 -10 -47.071 47.071 -10 -60 50 -10 -60 50 -10 -50
1 16 40 10 -40 10 0 0 0 -1 0 0 0 -10 p/1-8ndis.dat
4 16 50 10 -50 50 10 -60 47.071 10 -60 47.071 10 -47.071
4 16 30 -9 -80 30 -8 -92 30 -8 -100 30 -9 -100
4 16 32 9 -92 32 6 -94 32 0 -94 32 0 -92
4 16 32 9 -100 32 6 -100 32 6 -94 32 9 -92
1 16 30 0 -60 0 1 0 0 0 -8 -8 0 0 p/2-4ndis.dat
4 16 30 9 -80 30 9 -92 30 -8 -92 30 -9 -80
4 16 30 -9 -80 30 -8 -68 30 0 -68 30 9 -80
4 16 30 9 -80 30 0 -68 30 10 -68 30 10 -80
4 16 30 -10 -80 30 -8 -60 30 -8 -68 30 -9 -80
4 16 30 -10 -50 30 -8 -52 30 -8 -60 30 -10 -80
4 16 30 10 -50 30 10 -52 30 -8 -52 30 -10 -50
3 16 29 -10 -31 26.36 -10 -33.64 33.64 -10 -33.64
3 16 30 -10 -30 29 -10 -31 33.64 -10 -33.64
4 16 20 -10 -30 20 -10 -31 29 -10 -31 30 -10 -30
1 16 20 -10 -40 0 0 9 0 1 0 9 0 0 p/1-8ndis.dat
1 16 40 -10 -40 0 0 -10 0 1 0 10 0 0 p/1-8ndis.dat
3 16 33.64 10 -33.64 26.36 10 -33.64 29 10 -31
3 16 33.64 10 -33.64 29 10 -31 30 10 -30
4 16 30 10 -30 29 10 -31 20 10 -31 20 10 -30
1 16 20 10 -40 0 0 9 0 -1 0 9 0 0 p/1-8ndis.dat
1 16 40 10 -40 0 0 -10 0 -1 0 10 0 0 p/1-8ndis.dat
3 16 33.64 -10 -46.36 26.36 -10 -46.36 29 -10 -49
3 16 33.64 -10 -46.36 29 -10 -49 30 -10 -50
4 16 30 -10 -50 29 -10 -49 20 -10 -49 20 -10 -50
1 16 20 -10 -40 0 0 9 0 1 0 -9 0 0 p/1-8ndis.dat
4 16 30 -10 -50 30 -10 -60 32.929 -10 -60 32.929 -10 -47.071
3 16 29 10 -49 26.36 10 -46.36 33.64 10 -46.36
3 16 30 10 -50 29 10 -49 33.64 10 -46.36
4 16 20 10 -50 20 10 -49 29 10 -49 30 10 -50
1 16 20 10 -40 0 0 9 0 -1 0 -9 0 0 p/1-8ndis.dat
4 16 32.929 10 -47.071 32 10 -52 30 10 -52 30 10 -50
4 16 36.173 10 -60 32 10 -60 32 10 -52 32.929 10 -47.071
3 16 36.173 10 -49.239 36.173 10 -60 32.929 10 -47.071
4 16 30 -10 -50 8 -8 -50 8 10 -50 30 10 -50
4 16 40 10 -30 10 10 -30 10 -10 -30 40 -10 -30
1 16 0 -6.364 -40 0 0 6.36396 0 -3.13604 0 7.07107 0 0 p/box3u2p.dat
1 16 0 6.364 -38.378 0 0 6.36396 0 3.13604 0 5.44895 0 0 p/box3u2p.dat
1 16 0 0 -30 0 0 1 -1 0 0 0 -1 0 p/peghole.dat
1 16 0 0 -50 1 0 0 0 0 -1 0 1 0 p/peghole5.dat
4 16 -30 -10 -50 -8 -8 -50 8 -8 -50 30 -10 -50
0 BFC INVERTNEXT
1 16 0 0 -32 0 0 6 -6 0 0 0 -16 0 p/4-4cyli.dat
1 16 0 0 -50 -8 0 0 0 0 -8 0 1 0 p/2-4ndis.dat
1 16 0 0 -30 14 0 0 0 0 14 0 5 0 p/4-4cylo.dat
1 16 0 0 -18 14 0 0 0 0 14 0 5 0 p/4-4edge.dat
1 16 0 0 -22 17.5 0 0 0 0 17.5 0 1 0 p/4-4cylo.dat
1 16 0 0 -22 3.5 0 0 0 0 3.5 0 -3 0 p/4-4con4.dat
1 16 0 0 -21 3.5 0 0 0 0 3.5 0 3 0 p/4-4con4.dat
1 16 0 0 -30 9.89949 0 -9.89949 9.89949 0 9.89949 0 5 0 p/1-4chrd.dat
1 16 0 0 -30 -9.89949 0 9.89949 -9.89949 0 -9.89949 0 5 0 p/1-4chrd.dat
1 16 0 0 -13.5 4.66667 0 0 0 0 4.66667 0 -4.5 0 p/4-4con3.dat
1 16 0 0 -9.3 2.33333 0 0 0 0 2.33333 0 -4.2 0 p/4-4con8.dat
1 16 0 0 -3.1 1.90909 0 0 0 0 1.90909 0 -6.2 0 p/4-4con11.dat
1 16 0 0 -3.1 22.9091 0 0 0 0 22.9091 0 6.2 0 p/4-4cyli.dat
1 16 0 0 3.1 1.90909 0 0 0 0 1.90909 0 6.2 0 p/4-4con11.dat
1 16 0 0 9.3 21 0 0 0 0 21 0 1.7 0 p/4-4cylo.dat
1 16 0 0 11 1.90909 0 0 0 0 1.90909 0 -1 0 p/4-4rin10.dat
1 16 0 0 11 19.0909 0 0 0 0 19.0909 0 -1 0 p/4-4edge.dat
0 BFC INVERTNEXT
1 16 0 0 11 0.95454 0 0 0 0 0.95454 0 -2 0 p/4-4con19.dat
0 BFC INVERTNEXT
1 16 0 0 -8 18.1364 0 0 0 0 18.1364 0 17 0 p/4-4cylo.dat
0 BFC INVERTNEXT
1 16 0 0 -8 4.5341 0 0 0 0 4.5341 0 -6 0 p/4-4con3.dat
1 16 0 0 -14 13.6023 0 0 0 0 13.6023 0 1 0 p/4-4edge.dat
1 16 0 0 -14 1.70029 0 0 0 0 1.70029 0 -1 0 p/4-4ring7.dat
0 BFC INVERTNEXT
1 16 0 0 -30 10 0 0 0 0 -10 0 24 0 p/4-4cylo.dat
1 16 0 0 -30 2 0 0 0 0 2 0 -1 0 p/4-4ring4.dat
1 16 0 0 -6 2 0 0 0 0 2 0 -1 0 p/4-4ring5.dat
1 16 0 0 -14 12 0 0 0 0 -12 0 8 0 p/4-4cylo.dat
4 16 -1 11.8 -14 -1 18.2 9 -1 18.2 -8 -1 14 -14
3 16 -1 10 -6 -1 18.2 9 -1 11.8 -14
4 16 1 14 -14 1 18.2 -8 1 18.2 9 1 11.8 -14
3 16 1 11.8 -14 1 18.2 9 1 10 -6
4 16 1 18.2 9 -1 18.2 9 -1 10 -6 1 10 -6
4 16 1 -11.8 -14 1 -18.2 9 1 -18.2 -8 1 -14 -14
3 16 1 -10 -6 1 -18.2 9 1 -11.8 -14
4 16 -1 -14 -14 -1 -18.2 -8 -1 -18.2 9 -1 -11.8 -14
3 16 -1 -11.8 -14 -1 -18.2 9 -1 -10 -6
4 16 -1 -18.2 9 1 -18.2 9 1 -10 -6 -1 -10 -6
4 16 -10.719 5.034 -14 -16.262 8.234 9 -16.262 8.234 -8 -12.624 6.134 -14
3 16 -9.16 4.134 -6 -16.262 8.234 9 -10.719 5.034 -14
4 16 -11.624 7.866 -14 -15.262 9.966 -8 -15.262 9.966 9 -9.719 6.766 -14
3 16 -9.719 6.766 -14 -15.262 9.966 9 -8.16 5.866 -6
4 16 -15.262 9.966 9 -16.262 8.234 9 -9.16 4.134 -6 -8.16 5.866 -6
4 16 10.719 -5.034 -14 16.262 -8.234 9 16.262 -8.234 -8 12.624 -6.134 -14
3 16 9.16 -4.134 -6 16.262 -8.234 9 10.719 -5.034 -14
4 16 11.624 -7.866 -14 15.262 -9.966 -8 15.262 -9.966 9 9.719 -6.766 -14
3 16 9.719 -6.766 -14 15.262 -9.966 9 8.16 -5.866 -6
4 16 15.262 -9.966 9 16.262 -8.234 9 9.16 -4.134 -6 8.16 -5.866 -6
4 16 9.719 6.766 -14 15.262 9.966 9 15.262 9.966 -8 11.624 7.866 -14
3 16 8.16 5.866 -6 15.262 9.966 9 9.719 6.766 -14
4 16 12.624 6.134 -14 16.262 8.234 -8 16.262 8.234 9 10.719 5.034 -14
3 16 10.719 5.034 -14 16.262 8.234 9 9.16 4.134 -6
4 16 16.262 8.234 9 15.262 9.966 9 8.16 5.866 -6 9.16 4.134 -6
4 16 -9.719 -6.766 -14 -15.262 -9.966 9 -15.262 -9.966 -8 -11.624 -7.866 -14
3 16 -8.16 -5.866 -6 -15.262 -9.966 9 -9.719 -6.766 -14
4 16 -12.624 -6.134 -14 -16.262 -8.234 -8 -16.262 -8.234 9 -10.719 -5.034 -14
3 16 -10.719 -5.034 -14 -16.262 -8.234 9 -9.16 -4.134 -6
4 16 -16.262 -8.234 9 -15.262 -9.966 9 -8.16 -5.866 -6 -9.16 -4.134 -6
4 16 13.6025 -2 -25 13.6025 -2 -30 22 -2 -30 15.4319 -2 -23.4319
4 16 15.432 2 -23.432 22 2 -30 13.602 2 -30 13.602 2 -25
4 16 15.432 2 -23.432 15.432 -2 -23.432 22 -2 -30 22 2 -30
4 16 -15.432 -2 -23.432 -22 -2 -30 -13.602 -2 -30 -13.602 -2 -25
4 16 -13.602 2 -25 -13.602 2 -30 -22 2 -30 -15.432 2 -23.432
4 16 -22 2 -30 -22 -2 -30 -15.432 -2 -23.432 -15.432 2 -23.432
