0 BFC CERTIFY CCW
1 16 0 0 0 1 0 0 0 1 0 0 0 1 s\93055s01.dat
1 16 0 0 0 -1 0 0 0 1 0 0 0 1 s\93055s01.dat
1 16 0 -3 0 0 0 -1 0 -1 0 1 0 0 s\93247s01.dat
1 16 0 -3 0 0 0 1 0 -1 0 1 0 0 s\93247s01.dat
1 16 0 -3 0 0 0 -1 0 -1 0 -1 0 0 s\93247s01.dat
1 16 0 -3 0 0 0 1 0 -1 0 -1 0 0 s\93247s01.dat
1 16 0 -3 0 0 0 -1 0 1 0 1 0 0 s\93247s01.dat
1 16 0 -3 0 0 0 1 0 1 0 1 0 0 s\93247s01.dat
1 16 0 -3 0 0 0 -1 0 1 0 -1 0 0 s\93247s01.dat
1 16 0 -3 0 0 0 1 0 1 0 -1 0 0 s\93247s01.dat
1 16 0 3 0 0 0 -1 0 -1 0 1 0 0 s\93247s01.dat
1 16 0 3 0 0 0 1 0 -1 0 1 0 0 s\93247s01.dat
1 16 0 3 0 0 0 -1 0 -1 0 -1 0 0 s\93247s01.dat
1 16 0 3 0 0 0 1 0 -1 0 -1 0 0 s\93247s01.dat
1 16 0 3 0 0 0 -1 0 1 0 1 0 0 s\93247s01.dat
1 16 0 3 0 0 0 1 0 1 0 1 0 0 s\93247s01.dat
1 16 0 3 0 0 0 -1 0 1 0 -1 0 0 s\93247s01.dat
1 16 0 3 0 0 0 1 0 1 0 -1 0 0 s\93247s01.dat
1 16 0 -9 0 0 0 -1 0 -1 0 1 0 0 s\93247s02.dat
1 16 0 -9 0 0 0 1 0 -1 0 1 0 0 s\93247s02.dat
1 16 0 -9 0 0 0 -1 0 -1 0 -1 0 0 s\93247s02.dat
1 16 0 -9 0 0 0 1 0 -1 0 -1 0 0 s\93247s02.dat
1 16 0 -9 0 0 0 -1 0 1 0 1 0 0 s\93247s01.dat
1 16 0 -9 0 0 0 1 0 1 0 1 0 0 s\93247s01.dat
1 16 0 -9 0 0 0 -1 0 1 0 -1 0 0 s\93247s01.dat
1 16 0 -9 0 0 0 1 0 1 0 -1 0 0 s\93247s01.dat
1 16 0 9 0 0 0 -1 0 -1 0 1 0 0 s\93247s01.dat
1 16 0 9 0 0 0 1 0 -1 0 1 0 0 s\93247s01.dat
1 16 0 9 0 0 0 -1 0 -1 0 -1 0 0 s\93247s01.dat
1 16 0 9 0 0 0 1 0 -1 0 -1 0 0 s\93247s01.dat
1 16 0 12 0 1 0 0 0 -1 0 0 0 1 s\93247s02.dat
1 16 0 12 0 1 0 0 0 -1 0 0 0 -1 s\93247s02.dat
1 16 0 12 0 -1 0 0 0 -1 0 0 0 1 s\93247s02.dat
1 16 0 12 0 -1 0 0 0 -1 0 0 0 -1 s\93247s02.dat
1 16 0 -12 0 0 0 -1 0 -1 0 1 0 0 s\93247s03.dat
1 16 0 -12 0 0 0 -1 0 -1 0 -1 0 0 s\93247s03.dat
1 16 0 -12 0 0 0 1 0 -1 0 1 0 0 s\93247s03.dat
1 16 0 -12 0 0 0 1 0 -1 0 -1 0 0 s\93247s03.dat
1 16 0 12 0 0 0 -1 0 1 0 1 0 0 s\93247s03.dat
1 16 0 12 0 0 0 -1 0 1 0 -1 0 0 s\93247s03.dat
1 16 0 12 0 0 0 1 0 1 0 1 0 0 s\93247s03.dat
1 16 0 12 0 0 0 1 0 1 0 -1 0 0 s\93247s03.dat
1 16 0 16 0 4 0 0 0 -1 0 0 0 -4 4-4disc.dat
1 16 0 16 0 4 0 0 0 1 0 0 0 -4 4-4edge.dat
1 16 0 16 0 4 0 0 0 -3.25 0 0 0 -4 4-4cyli.dat
1 16 0 12.75 0 3.5 0 0 0 -25.5 0 0 0 -3.5 4-4cyli.dat
1 16 0 -12.75 0 4 0 0 0 -2 0 0 0 -4 4-4cyli.dat
