0 BFC CERTIFY CCW
1 16 0 30.8 -14.4 1 0 0 0 0.8 -0.6 0 0.6 0.8 p/clip7.dat
1 16 0 26.9 -9.2 -4 0 0 0 -5.7 3.2 0 7.6 2.4 p/4-4cyli.dat
1 16 0 20 0 -4 0 0 0 0.6 -2 0 -0.8 -4 p/2-4edge.dat
1 16 0 21.2 -1.6 0 0 -4 -3.2 -1.2 0 -2.4 1.6 0 p/1-4cyls.dat
1 16 0 21.2 -1.6 0 0 4 -3.2 -1.2 0 -2.4 1.6 0 p/1-4cyls.dat
1 16 0 21.2 -1.6 -4 0 0 0 -1.2 3.2 0 1.6 2.4 p/2-4cyli.dat
1 16 0 20 0 0 0 -4 -3.2 -1.41 0 -2.4 1.18 0 p/1-4cyls2.dat
1 16 0 20 0 0 0 4 -3.2 -1.41 0 -2.4 1.18 0 p/1-4cyls2.dat
1 16 0 20 0 0 0 4 0 1.79 0 -4 -0.42 0 p/1-4cyls2.dat
1 16 0 20 0 0 0 -4 0 1.79 0 -4 -0.42 0 p/1-4cyls2.dat
1 16 0 18 0 0 0 4 0 2 0 -4 0 0 p/1-4cyls.dat
1 16 0 18 0 0 0 -4 0 2 0 -4 0 0 p/1-4cyls.dat
1 16 0 18 0 4 0 0 0 2 0 0 0 4 p/2-4cyli.dat
1 16 0 6.5 0 0 0 -4 0 11.5 0 4 0 0 p/4-4cyli.dat
1 16 0 0 0 0 -1 0 0 0 1 -1 0 0 p/clip7.dat
