0 BFC CERTIFY CCW
1 16 0 0 0 1 0 0 0 1 0 0 0 1 parts/s/93086s01.dat
1 16 0 0 0 -1 0 0 0 1 0 0 0 1 parts/s/93086s01.dat
0 BFC INVERTNEXT
1 16 0 0 0 16 0 0 0 -5 0 0 0 16 p/box5.dat
1 16 0 -5 0 -1 0 0 0 -1.25 0 0 0 1 p/stud4.dat
3 16 0 -44.767 -20 -20 0 -20 20 0 -20
4 16 -20 0 -20 -16 0 -16 16 0 -16 20 0 -20
4 16 -20 0 20 20 0 20 16 0 16 -16 0 16
3 16 -1.2 -25.825 14.457 1.2 -25.825 14.457 0 -44.942 14.473
3 16 1.2 -25.865 -14.582 -1.2 -25.865 -14.582 0 -44.767 -14.582
4 16 1.2 -25.825 14.457 -1.2 -25.825 14.457 -1.2 -24.907 4.914 1.2 -24.907 4.914
4 16 -1.2 -24.907 4.914 -1.2 -24.913 -4.676 1.2 -24.913 -4.676 1.2 -24.907 4.914
4 16 -1.2 -24.913 -4.676 -1.2 -25.865 -14.582 1.2 -25.865 -14.582 1.2 -24.913 -4.676
1 16 0 -40.8 30 1 0 0 0 1 0 0 0 1 p/stud2a.dat
1 16 0 -40.8 30 6 0 0 0 1 0 0 0 6 p/4-4edge.dat
1 16 0 -32.8 30 4 0 0 0 1 0 0 0 4 p/4-4edge.dat
1 16 0 -32.8 30 4 0 0 0 -1 0 0 0 4 p/4-4ndis.dat
0 BFC INVERTNEXT
1 16 0 -32.8 30 4 0 0 0 -8 0 0 0 4 p/4-4cyli.dat
4 16 -20 0 20 -2.538 -32.8 20 2.538 -32.8 20 20 0 20
4 16 -2.591 -32.8 23.803 2.591 -32.8 23.803 2.538 -32.8 20 -2.538 -32.8 20
3 16 -2.591 -32.8 23.803 0 -32.8 26 2.591 -32.8 23.803
3 16 -10 -40.8 20 0 -44.942 20 10 -40.8 20
3 16 -10 -40.8 20 10 -40.8 20 0 -40.8 24
