0 BFC CERTIFY CCW
1 16 0 1.708 12.873 -1 0 0 0 1 0 0 0 -1 parts/s/93250s01.dat
1 16 0 1.708 12.873 1 0 0 0 1 0 0 0 -1 parts/s/93250s01.dat
1 16 0 1.708 12.873 1 0 0 0 1 0 0 0 1 parts/s/93250s01.dat
1 16 0 1.708 12.873 -1 0 0 0 1 0 0 0 1 parts/s/93250s01.dat
0 BFC INVERTNEXT
1 16 0 -2 0 -6 0 0 0 1.9 0 0 0 -6 p/4-4cylo.dat
1 16 0 -2 0 6 0 0 0 1 0 0 0 6 p/4-4ndis.dat
1 16 0 -0.1 0 -6 0 0 0 -1 0 0 0 6 p/4-4ndis.dat
1 16 -6 -2 -6 -4 0 0 0 1.9 0 0 0 -4 p/1-4cylc.dat
1 16 -6 -0.1 -6 0 0 -4 0 -1 0 -4 0 0 p/1-4disc.dat
1 16 6 -2 -6 0 0 4 0 1.9 0 -4 0 0 p/1-4cylc.dat
1 16 6 -0.1 -6 4 0 0 0 -1 0 0 0 -4 p/1-4disc.dat
1 16 0 -1.05 -10 6 0 0 0 0 -0.95 0 1 0 p/rect2p.dat
4 16 -10 -0.1 9.9976 -10 -0.1 -6 -10 -2 -6 -10 -2 10
4 16 10 -2 10 10 -2 -6 10 -0.1 -6 10 -0.1 9.9976
3 16 0 -0.1 -6 6 -0.1 -6 6 -0.1 -10
4 16 -6 -0.1 -6 0 -0.1 -6 6 -0.1 -10 -6 -0.1 -10
3 16 6 -0.1 0 6 -0.1 6 10 -0.1 10
4 16 6 -0.1 -6 6 -0.1 0 10 -0.1 10 10 -0.1 -6
3 16 -10 -0.1 10 -6 -0.1 6 -6 -0.1 0
4 16 -10 -0.1 -6 -10 -0.1 10 -6 -0.1 0 -6 -0.1 -6
4 16 10 -0.1 9.9976 6 -0.1 6 0 -0.1 6 8.6244 -0.1 10
3 16 0 -0.1 6 -8.6244 -0.1 10 8.6244 -0.1 10
4 16 -8.6244 -0.1 10 0 -0.1 6 -6 -0.1 6 -10 -0.1 9.9976
3 16 6 -2 -10 6 -2 -6 0 -2 -6
4 16 -6 -2 -10 6 -2 -10 0 -2 -6 -6 -2 -6
3 16 10 -2 10 6 -2 6 6 -2 0
4 16 10 -2 -6 10 -2 10 6 -2 0 6 -2 -6
3 16 -6 -2 0 -6 -2 6 -10 -2 10
4 16 -6 -2 -6 -6 -2 0 -10 -2 10 -10 -2 -6
4 16 -10 -2 10 -6 -2 6 0 -2 6 0 -2 10
4 16 0 -2 10 0 -2 6 6 -2 6 10 -2 10
3 16 0 11.812 15.746 -10 -2 15.746 10 -2 15.746
3 16 0 11.812 10 10 -2 10 0 -0.1 10
3 16 0 -0.1 10 -10 -2 10 0 11.812 10
