0 BFC CERTIFY CCW
1 494 0 14 0 -15 0 0 0 0 14 0 39 0 p/box5.dat
4 494 -11 17 0 -11 3 0 -15 0 0 -15 28 0
4 494 15 28 0 15 0 0 11 3 0 11 17 0
4 494 15 0 0 -15 0 0 -11 3 0 11 3 0
4 494 5 23 0 -5 23 0 -15 28 0 15 28 0
3 494 -5 23 0 -11 17 0 -15 28 0
3 494 11 17 0 5 23 0 15 28 0
0 BFC INVERTNEXT
1 16 0 17 12 -11 0 0 0 -14 0 0 0 12 p/box4-2p.dat
1 16 0 13 2 -6 0 0 0 0 3 0 39 0 p/rect.dat
1 16 0 13 3 -7 0 0 0 0 4 0 21 0 p/box4.dat
1 16 0 23 12 -5 0 0 0 21 0 0 0 -12 p/rect.dat
4 16 11 17 24 -11 17 24 -5 23 24 5 23 24
4 16 -11 17 24 -11 17 0 -5 23 0 -5 23 24
4 16 5 23 24 5 23 0 11 17 0 11 17 24
4 16 6 16 2 -6 16 2 -7 17 3 7 17 3
4 16 7 9 3 -7 9 3 -6 10 2 6 10 2
4 16 -7 9 3 -7 17 3 -6 16 2 -6 10 2
4 16 6 10 2 6 16 2 7 17 3 7 9 3
1 494 -3 17 15 -1.5 0 0 0 0.25 0 0 0 -9 p/box4-1.dat
1 494 3 17 15 -1.5 0 0 0 0.25 0 0 0 -9 p/box4-1.dat
1 494 -3 9 15 -1.5 0 0 0 -0.25 0 0 0 -9 p/box4-1.dat
1 494 3 9 15 -1.5 0 0 0 -0.25 0 0 0 -9 p/box4-1.dat
