0 BFC CERTIFY CCW
1 16 0 0 0 1 0 0 0 1 0 0 0 1 parts/s/93571s01.dat
1 16 0 0 0 -1 0 0 0 1 0 0 0 1 parts/s/93571s01.dat
1 16 0 0 0 1 0 0 0 -1 0 0 0 1 parts/s/93571s01.dat
1 16 0 0 0 -1 0 0 0 -1 0 0 0 1 parts/s/93571s01.dat
1 16 20 0 0 0 -40 0 -1 0 0 0 0 -1 p/axlehol4.dat
1 16 -2 0 9.8808 0 1 0 0 0 6.3639 3.5169 0 0 p/rect1.dat
1 16 2 0 9.8808 0 -1 0 0 0 -6.3639 3.5169 0 0 p/rect1.dat
0 BFC INVERTNEXT
1 16 -0.2 0 0 0 0.4 0 4 0 0 0 0 4 p/4-4cylo.dat
1 16 0.2 0 0 0 -1 0 1 0 0 0 0 1 p/axlehol2.dat
1 16 -0.2 0 0 0 1 0 1 0 0 0 0 1 p/axlehol2.dat
1 16 0 10 20 0 0 -1 0 -20 0 -1 0 0 p/axlehol5.dat
1 16 0 -6.3639 20 -6.46716 0 2.67878 0 12.7278 0 2.67878 0 6.46716 p/3-8cylo.dat
1 16 0 -6.3639 20 0 0 7 0 12.7278 0 -7 0 0 p/1-8cylo.dat
1 16 5.97485 0 15.0503 0 0 1.02515 6.3639 0 0 0 1 0 p/rect2p.dat
4 16 6.4671 -6.3639 22.6788 6.801 -5 21 6.801 5 21 6.4671 6.3639 22.6788
1 16 6.4005 0 19 0 0 -0.5995 4 0 0 0 -1 0 p/rect2p.dat
1 16 6.301 0 21 0 0 -0.5 -4 0 0 0 1 0 p/rect2p.dat
4 16 7 -5 19 7 -6.3639 15.0503 7 6.3639 15.0503 7 5 19
1 16 0 -6.3639 20 0 0 -7 0 12.7278 0 -7 0 0 p/1-8cylo.dat
1 16 -5.97485 0 15.0503 0 0 -1.02515 -6.3639 0 0 0 1 0 p/rect2p.dat
4 16 -6.801 5 21 -6.801 -5 21 -6.4671 -6.3639 22.6788 -6.4671 6.3639 22.6788
1 16 -6.4005 0 19 0 0 0.5995 -4 0 0 0 -1 0 p/rect2p.dat
1 16 -6.301 0 21 0 0 0.5 -4 0 0 0 1 0 p/rect2p.dat
4 16 -7 6.3639 15.0503 -7 -6.3639 15.0503 -7 -5 19 -7 5 19
4 16 5.602 -10 18 5.801 -5 19 5.801 5 19 5.602 10 18
4 16 5.602 10 22 5.801 5 21 5.801 -5 21 5.602 -10 22
4 16 -5.801 5 19 -5.801 -5 19 -5.602 -10 18 -5.602 10 18
4 16 -5.801 -5 21 -5.801 5 21 -5.602 10 22 -5.602 -10 22
