0 BFC CERTIFY CW
1 16 0 0 0 1 0 0 0 1 0 0 0 1 parts/s/93593s01.dat
4 16 -8.485 8.485 -2 8.485 8.485 -2 8.485 8.485 -5 -8.485 8.485 -5
4 16 -8.485 -8.485 -5 8.485 -8.485 -5 8.485 -8.485 -2 -8.485 -8.485 -2
4 16 -8.485 8.485 -5 8.485 8.485 -5 9.192 9.192 -5 -9.192 9.192 -5
1 16 0 0 -5 9.19239 0 -9.19239 -9.19239 0 -9.19239 0 1 0 p/1-4chrd.dat
4 16 8.485 -8.485 -5 -8.485 -8.485 -5 -9.192 -9.192 -5 9.192 -9.192 -5
1 16 0 0 -5 -9.19239 0 9.19239 9.19239 0 9.19239 0 1 0 p/1-4chrd.dat
1 16 0 0 -5 5 0 0 0 0 5 0 -1 0 p/4-4disc.dat
1 16 0 0 -5 0.707107 0 0.707107 -0.707107 0 0.707107 0 -1 0 p/1-4rin13.dat
1 16 0 0 -5 -0.707107 0 -0.707107 0.707107 0 -00.707107 0 -1 0 p/1-4rin13.dat
1 16 0 0 0 1 0 0 0 1 0 0 0 1 parts/s/93595s01.dat
1 16 0 0 0 -1 0 0 0 1 0 0 0 1 parts/s/93595s01.dat
1 16 0 0 0 0 1 0 -1 0 0 0 0 1 parts/s/93595s01.dat
1 16 0 0 0 0 1 0 1 0 0 0 0 1 parts/s/93595s01.dat
1 16 0 0 0 0 -1 0 1 0 0 0 0 1 parts/s/93595s01.dat
1 16 0 0 0 0 -1 0 -1 0 0 0 0 1 parts/s/93595s01.dat
1 16 0 0 0 1 0 0 0 -1 0 0 0 1 parts/s/93595s01.dat
1 16 0 0 0 -1 0 0 0 -1 0 0 0 1 parts/s/93595s01.dat
1 16 0 0 0 0.70711 -0.70711 0 0.70711 0.70711 0 0 0 1 parts/s/93595s01.dat
1 16 0 0 0 -0.70711 -0.70711 0 -0.70711 0.70711 0 0 0 1 parts/s/93595s01.dat
1 16 0 0 0 0.70711 0.70711 0 -0.70711 0.70711 0 0 0 1 parts/s/93595s01.dat
1 16 0 0 0 -0.70711 0.70711 0 0.70711 0.70711 0 0 0 1 parts/s/93595s01.dat
1 16 0 0 0 -0.70711 -0.70711 0 0.70711 -0.70711 0 0 0 1 parts/s/93595s01.dat
1 16 0 0 0 0.70711 -0.70711 0 -0.70711 -0.70711 0 0 0 1 parts/s/93595s01.dat
1 16 0 0 0 0.70711 0.70711 0 0.70711 -0.70711 0 0 0 1 parts/s/93595s01.dat
1 16 0 0 0 -0.70711 0.70711 0 -0.70711 -0.70711 0 0 0 1 parts/s/93595s01.dat
1 16 0 0 0 1 0 0 0 1 0 0 0 1 parts/s/93595s02.dat
1 16 0 0 0 -1 0 0 0 1 0 0 0 1 parts/s/93595s02.dat
1 16 0 0 0 0 1 0 -1 0 0 0 0 1 parts/s/93595s02.dat
1 16 0 0 0 0 1 0 1 0 0 0 0 1 parts/s/93595s02.dat
1 16 0 0 0 0 -1 0 1 0 0 0 0 1 parts/s/93595s02.dat
1 16 0 0 0 0 -1 0 -1 0 0 0 0 1 parts/s/93595s02.dat
1 16 0 0 0 1 0 0 0 -1 0 0 0 1 parts/s/93595s02.dat
1 16 0 0 0 -1 0 0 0 -1 0 0 0 1 parts/s/93595s02.dat
1 16 0 0 0 0.70711 -0.70711 0 0.70711 0.70711 0 0 0 1 parts/s/93595s02.dat
1 16 0 0 0 -0.70711 -0.70711 0 -0.70711 0.70711 0 0 0 1 parts/s/93595s02.dat
1 16 0 0 0 0.70711 0.70711 0 -0.70711 0.70711 0 0 0 1 parts/s/93595s02.dat
1 16 0 0 0 -0.70711 0.70711 0 0.70711 0.70711 0 0 0 1 parts/s/93595s02.dat
1 16 0 0 0 -0.70711 -0.70711 0 0.70711 -0.70711 0 0 0 1 parts/s/93595s02.dat
1 16 0 0 0 0.70711 -0.70711 0 -0.70711 -0.70711 0 0 0 1 parts/s/93595s02.dat
1 16 0 0 0 0.70711 0.70711 0 0.70711 -0.70711 0 0 0 1 parts/s/93595s02.dat
1 16 0 0 0 -0.70711 0.70711 0 -0.70711 -0.70711 0 0 0 1 parts/s/93595s02.dat
1 16 0 0 -8 1 0 0 0 0 1 0 1 0 p/4-4rin13.dat
1 16 0 0 -8 13 0 0 0 0 13 0 1 0 p/4-4ering.dat
1 16 0 0 -8 2.5 0 0 0 0 2.5 0 1 0 p/4-4ring1.dat
0 BFC INVERTNEXT
1 16 0 0 -8 2.5 0 0 0 0 2.5 0 -1 0 p/bump5000.dat
1 16 -1.5 9.35 5.5 0 1 0 -2.35 0 0 0 0 2.5 p/rect3.dat
1 16 1.5 9.35 5.5 0 -1 0 2.35 0 0 0 0 2.5 p/rect3.dat
4 16 1.5 7 8 -1.5 7 8 -1.5 12.2 8 1.5 12.2 8
