0 BFC CERTIFY CCW
1 16 0 27.5 0 4 0 0 0 -6 0 0 0 4 p/4-4cylc.dat
1 16 0 21.5 0 4 0 0 0 1 0 0 0 4 p/4-4disc.dat
1 16 0 18.5 -2.5 2.5 0 0 0 0 3 0 1 0 p/rect.dat
1 16 -3.125 18.5 -1.25 0 1 -0.625 -3 0 0 0 0 1.25 p/rect3.dat
1 16 -3.125 18.5 1.25 -0.625 1 0 0 0 -3 -1.25 0 0 p/rect2p.dat
1 16 3.125 18.5 -1.25 0 -1 0.625 3 0 0 0 0 1.25 p/rect3.dat
1 16 3.125 18.5 1.25 0.625 -1 0 0 0 3 -1.25 0 0 p/rect2p.dat
1 16 0 18.5 2.5 2.5 0 0 0 0 3 0 -1 0 p/rect.dat
4 16 2.5 15.5 -2.5 3.75 15.5 0 -3.75 15.5 0 -2.5 15.5 -2.5
4 16 -2.5 15.5 2.5 -3.75 15.5 0 3.75 15.5 0 2.5 15.5 2.5
1 16 0 15.5 0 2.5 0 0 0 -8 0 0 0 2.5 p/4-4cylo.dat
1 16 0 6.6666 0 1.25 0 0 0 0.8334 0 0 0 1.25 p/4-4con2.dat
1 16 0 6.5 0 0.25 0 0 0 0.1667 0 0 0 0.25 p/4-4con15.dat
1 16 0 6.5 0 4 0 0 0 -1 0 0 0 4 p/4-4cylo.dat
1 16 0 5.5 0 0.25 0 0 0 -0.5 0 0 0 0.25 p/4-4con15.dat
1 16 0 5 0 3.75 0 0 0 1 0 0 0 3.75 p/4-4edge.dat
1 16 0 4.5 0 0.25 0 0 0 0.5 0 0 0 0.25 p/4-4con15.dat
1 16 0 4.5 0 4 0 0 0 -1 0 0 0 4 p/4-4cylo.dat
1 16 0 3.5 0 0.25 0 0 0 -0.5 0 0 0 0.25 p/4-4con15.dat
1 16 0 3 0 3.75 0 0 0 1 0 0 0 3.75 p/4-4edge.dat
1 16 0 2.5 0 0.25 0 0 0 0.5 0 0 0 0.25 p/4-4con15.dat
1 16 0 2.5 0 4 0 0 0 -1 0 0 0 4 p/4-4cylo.dat
1 16 0 1.5 0 0.25 0 0 0 -0.5 0 0 0 0.25 p/4-4con15.dat
1 16 0 1 0 3.75 0 0 0 1 0 0 0 3.75 p/4-4edge.dat
1 16 0 0.5 0 0.25 0 0 0 0.5 0 0 0 0.25 p/4-4con15.dat
1 16 0 0.5 0 4 0 0 0 -1 0 0 0 4 p/4-4cylo.dat
1 16 0 -0.5 0 0.25 0 0 0 -0.5 0 0 0 0.25 p/4-4con15.dat
1 16 0 -1 0 3.75 0 0 0 1 0 0 0 3.75 p/4-4edge.dat
1 16 0 -1.5 0 0.25 0 0 0 0.5 0 0 0 0.25 p/4-4con15.dat
1 16 0 -1.5 0 4 0 0 0 -1 0 0 0 4 p/4-4cylo.dat
1 16 0 -2.5 0 0.25 0 0 0 -0.5 0 0 0 0.25 p/4-4con15.dat
1 16 0 -3 0 3.75 0 0 0 1 0 0 0 3.75 p/4-4edge.dat
1 16 0 -3.5 0 0.25 0 0 0 0.5 0 0 0 0.25 p/4-4con15.dat
1 16 0 -3.5 0 4 0 0 0 -1 0 0 0 4 p/4-4cylo.dat
1 16 0 -4.5 0 0.25 0 0 0 -0.5 0 0 0 0.25 p/4-4con15.dat
1 16 0 -5 0 3.75 0 0 0 1 0 0 0 3.75 p/4-4edge.dat
1 16 0 -5.5 0 0.25 0 0 0 0.5 0 0 0 0.25 p/4-4con15.dat
1 16 0 -5.5 0 4 0 0 0 -1 0 0 0 4 p/4-4cylo.dat
1 16 0 -6.5 0 0.25 0 0 0 -0.1667 0 0 0 0.25 p/4-4con15.dat
1 16 0 -6.6667 0 1.25 0 0 0 -0.8334 0 0 0 1.25 p/4-4con2.dat
1 16 0 -7.5 0 2.5 0 0 0 -11.5 0 0 0 2.5 p/4-4cylo.dat
1 16 0 -21.45 -2.5 2.5 0 0 0 0 2.45 0 1 0 p/rect.dat
1 16 -3.125 -21.45 -1.25 0 1 -0.625 -2.45 0 0 0 0 1.25 p/rect3.dat
1 16 -3.125 -21.45 1.25 -0.625 1 0 0 0 -2.45 -1.25 0 0 p/rect2p.dat
1 16 3.125 -21.45 -1.25 0 -1 0.625 2.45 0 0 0 0 1.25 p/rect3.dat
1 16 3.125 -21.45 1.25 0.625 -1 0 0 0 2.45 -1.25 0 0 p/rect2p.dat
1 16 0 -21.45 2.5 2.5 0 0 0 0 2.45 0 -1 0 p/rect.dat
4 16 -2.5 -19 -2.5 -3.75 -19 0 3.75 -19 0 2.5 -19 -2.5
4 16 2.5 -19 2.5 3.75 -19 0 -3.75 -19 0 -2.5 -19 2.5
1 16 0 -23.9 0 5 0 0 0 -1 0 0 0 5 p/4-4disc.dat
1 16 0 -23.9 0 5 0 0 0 -1 0 0 0 5 p/4-4edge.dat
1 16 0 -24.5 0 1 0 0 0 0.6 0 0 0 1 p/4-4con5.dat
1 16 0 -26 0 6 0 0 0 1.5 0 0 0 6 p/4-4cylc.dat
1 16 0 -31.25 0 6.25 0 0 0 6.25 0 0 0 6.25 p/8-8sphe.dat
1 16 0 -31.25 0 1 0 0 0 1 0 0 0 1 parts/s/95049s01.dat
1 16 0 -31.25 0 0 0 1 0 1 0 -1 0 0 parts/s/95049s01.dat
1 16 0 -31.25 0 -1 0 0 0 1 0 0 0 -1 parts/s/95049s01.dat
1 16 0 -31.25 0 0 0 -1 0 1 0 1 0 0 parts/s/95049s01.dat
