0 BFC CERTIFY CCW
1 16 0 25 0 4 0 0 0 -5 0 0 0 4 4-4cylc.dat
1 16 0 20 0 4 0 0 0 1 0 0 0 4 4-4disc.dat
1 16 0 20 0 2.5 0 0 0 -12.5 0 0 0 2.5 4-4cylo.dat
1 16 0 6.6666 0 1.25 0 0 0 0.8334 0 0 0 1.25 4-4con2.dat
1 16 0 6.5 0 0.25 0 0 0 0.1667 0 0 0 0.25 4-4con15.dat
1 16 0 6.5 0 4 0 0 0 -1 0 0 0 4 4-4cylo.dat
1 16 0 5.5 0 0.25 0 0 0 -0.5 0 0 0 0.25 4-4con15.dat
1 16 0 5 0 3.75 0 0 0 1 0 0 0 3.75 4-4edge.dat
1 16 0 4.5 0 0.25 0 0 0 0.5 0 0 0 0.25 4-4con15.dat
1 16 0 4.5 0 4 0 0 0 -1 0 0 0 4 4-4cylo.dat
1 16 0 3.5 0 0.25 0 0 0 -0.5 0 0 0 0.25 4-4con15.dat
1 16 0 3 0 3.75 0 0 0 1 0 0 0 3.75 4-4edge.dat
1 16 0 2.5 0 0.25 0 0 0 0.5 0 0 0 0.25 4-4con15.dat
1 16 0 2.5 0 4 0 0 0 -1 0 0 0 4 4-4cylo.dat
1 16 0 1.5 0 0.25 0 0 0 -0.5 0 0 0 0.25 4-4con15.dat
1 16 0 1 0 3.75 0 0 0 1 0 0 0 3.75 4-4edge.dat
1 16 0 0.5 0 0.25 0 0 0 0.5 0 0 0 0.25 4-4con15.dat
1 16 0 0.5 0 4 0 0 0 -1 0 0 0 4 4-4cylo.dat
1 16 0 -0.5 0 0.25 0 0 0 -0.5 0 0 0 0.25 4-4con15.dat
1 16 0 -1 0 3.75 0 0 0 1 0 0 0 3.75 4-4edge.dat
1 16 0 -1.5 0 0.25 0 0 0 0.5 0 0 0 0.25 4-4con15.dat
1 16 0 -1.5 0 4 0 0 0 -1 0 0 0 4 4-4cylo.dat
1 16 0 -2.5 0 0.25 0 0 0 -0.5 0 0 0 0.25 4-4con15.dat
1 16 0 -3 0 3.75 0 0 0 1 0 0 0 3.75 4-4edge.dat
1 16 0 -3.5 0 0.25 0 0 0 0.5 0 0 0 0.25 4-4con15.dat
1 16 0 -3.5 0 4 0 0 0 -1 0 0 0 4 4-4cylo.dat
1 16 0 -4.5 0 0.25 0 0 0 -0.5 0 0 0 0.25 4-4con15.dat
1 16 0 -5 0 3.75 0 0 0 1 0 0 0 3.75 4-4edge.dat
1 16 0 -5.5 0 0.25 0 0 0 0.5 0 0 0 0.25 4-4con15.dat
1 16 0 -5.5 0 4 0 0 0 -1 0 0 0 4 4-4cylo.dat
1 16 0 -6.5 0 0.25 0 0 0 -0.1667 0 0 0 0.25 4-4con15.dat
1 16 0 -6.6667 0 1.25 0 0 0 -0.8334 0 0 0 1.25 4-4con2.dat
1 16 0 -7.5 0 2.5 0 0 0 1 0 0 0 2.5 4-4edge.dat
1 16 0 -7.5 0 2.5 0 0 0 -2.5 0 0 0 2.5 4-4cyli.dat
1 16 0 -10 0 0 0 -2.5 0 -0.5 0 2.5 0 0 4-4cyls.dat
1 16 0 -10.5 0 0 0 -2.5 0.5 -2 0 2.5 0.5 0 4-4cylo.dat
1 16 0 -13 0.5 0 0 2.5 0 0.5 0 -2.5 0 0 4-4cyls.dat
1 16 0 -13 0.5 2.5 0 0 0 -1.5 0 0 0 2.5 4-4cyli.dat
1 16 0 -14.5 0.5 0 0 2.5 0 -0.5 0 -2.5 0 0 4-4cyls.dat
1 16 0 -17 0 2.5 0 0 0 2 -0.5 0 0.5 2.5 4-4cylo.dat
1 16 0 -17.5 0 0 0 -2.5 0 0.5 0 2.5 0 0 4-4cyls.dat
1 16 0 -17.5 0 2.5 0 0 0 -3.25 0 0 0 2.5 4-4cyli.dat
1 16 0 -20.75 0 0 0 2.5 0 -0.2 0 -2.5 0 0 4-4cylse.dat
1 16 0 -20.95 0 5 0 0 0 -3 -0.4 0 -0.4 5 4-4cylc.dat
1 16 0 -23.95 -0.4 5 0 0 0 1 -0.4 0 -0.3 5 4-4disc.dat
1 16 0 -23.95 0 1 0 0 0 1 0 0 0 1 s\95050s01.dat
1 16 0 -23.95 0 -1 0 0 0 1 0 0 0 1 s\95050s01.dat
1 16 2.625 14.5 0 0 -5.25 0 -2.5 0 0 0 0 2.5 4-4cylc.dat
1 16 -2.625 14.5 0 0 1 0 -2.5 0 0 0 0 2.5 4-4disc.dat
1 16 0 14.5 0 2.5 -1 0 2.5 1 0 0 0 2.5 4-4edge.dat
1 16 0 14.5 0 2.5 1 0 -2.5 1 0 0 0 2.5 4-4edge.dat
1 16 2.625 -17.5 0 0 -2.625 0 -2.5 0 0 0 0 2.5 4-4cylc.dat
1 16 0 -17.5 0 0 2.5 2.5 0 2.5 -2.5 -2.5 0 0 2-4edge.dat
1 16 0 -12 -4 2 0 0 0 2.4 -1.4 0 2.7 1.2 4-4cylc.dat
