0 BFC CERTIFY CCW
1 16 0 -5 0 6.5 0 0 0 1 0 0 0 6.5 p/4-4edge.dat
1 16 0 -5 0 -6.5 0 0 0 -1 0 0 0 6.5 p/4-4disc.dat
1 16 6.60105 -2.5 0 0 0 -0.60105 0 2.5 0 1.5 0 0 p/box2-7.dat
4 16 6 0 1.5 6 -5 1.5 6.2048 -5 1.5 7.2021 0 1.5
4 16 7.2021 0 -1.5 6.2048 -5 -1.5 6 -5 -1.5 6 0 -1.5
3 16 7.5 0 0 7.2021 0 -1.5 7.2021 0 1.5
4 16 6.2048 -5 1.5 6.0054 -5 2.4876 6.9291 0 2.8701 7.2021 0 1.5
4 16 7.2021 0 -1.5 6.929 0 -2.8701 6.0054 -5 -2.4876 6.2048 -5 -1.5
1 16 0 0 0 6.9291 0 -2.87013 0 1 0 2.87013 0 6.9291 p/1-8edge.dat
4 16 6.0054 -5 2.4876 4.5962 -5 4.5962 5.3034 0 5.3035 6.9291 0 2.8701
4 16 2.8701 0 6.929 5.3034 0 5.3035 4.5962 -5 4.5962 2.4876 -5 6.0054
1 16 0 -2.5 6.60105 -1.5 0 0 0 2.5 0 0 0 -0.60105 p/box2-7.dat
4 16 -1.5 0 6 -1.5 -5 6 -1.5 -5 6.2048 -1.5 0 7.2021
4 16 1.5 0 7.2021 1.5 -5 6.2048 1.5 -5 6 1.5 0 6
3 16 0 0 7.5 1.5 0 7.2021 -1.5 0 7.2021
4 16 -1.5 -5 6.2048 -2.4876 -5 6.0054 -2.8701 0 6.9291 -1.5 0 7.2021
4 16 1.5 0 7.2021 2.8701 0 6.929 2.4876 -5 6.0054 1.5 -5 6.2048
1 16 0 0 0 -2.87013 0 -6.9291 0 1 0 6.9291 0 -2.87013 p/1-8edge.dat
4 16 -2.4876 -5 6.0054 -4.5962 -5 4.5962 -5.3035 0 5.3034 -2.8701 0 6.9291
4 16 -6.929 0 2.8701 -5.3035 0 5.3034 -4.5962 -5 4.5962 -6.0054 -5 2.4876
1 16 -6.60105 -2.5 0 0 0 0.60105 0 2.5 0 -1.5 0 0 p/box2-7.dat
4 16 -6 0 -1.5 -6 -5 -1.5 -6.2048 -5 -1.5 -7.2021 0 -1.5
4 16 -7.2021 0 1.5 -6.2048 -5 1.5 -6 -5 1.5 -6 0 1.5
3 16 -7.5 0 0 -7.2021 0 1.5 -7.2021 0 -1.5
4 16 -6.2048 -5 -1.5 -6.0054 -5 -2.4876 -6.9291 0 -2.8701 -7.2021 0 -1.5
4 16 -7.2021 0 1.5 -6.929 0 2.8701 -6.0054 -5 2.4876 -6.2048 -5 1.5
1 16 0 0 0 -6.9291 0 2.87013 0 1 0 -2.87013 0 -6.9291 p/1-8edge.dat
4 16 -6.0054 -5 -2.4876 -4.5962 -5 -4.5962 -5.3034 0 -5.3035 -6.9291 0 -2.8701
4 16 -2.8701 0 -6.929 -5.3034 0 -5.3035 -4.5962 -5 -4.5962 -2.4876 -5 -6.0054
1 16 0 -2.5 -6.60105 1.5 0 0 0 2.5 0 0 0 0.60105 p/box2-7.dat
4 16 1.5 0 -6 1.5 -5 -6 1.5 -5 -6.2048 1.5 0 -7.2021
4 16 -1.5 0 -7.2021 -1.5 -5 -6.2048 -1.5 -5 -6 -1.5 0 -6
3 16 0 0 -7.5 -1.5 0 -7.2021 1.5 0 -7.2021
4 16 1.5 -5 -6.2048 2.4876 -5 -6.0054 2.8701 0 -6.9291 1.5 0 -7.2021
4 16 -1.5 0 -7.2021 -2.8701 0 -6.929 -2.4876 -5 -6.0054 -1.5 -5 -6.2048
1 16 0 0 0 2.87013 0 6.9291 0 1 0 -6.9291 0 2.87013 p/1-8edge.dat
4 16 2.4876 -5 -6.0054 4.5962 -5 -4.5962 5.3035 0 -5.3034 2.8701 0 -6.9291
4 16 6.929 0 -2.8701 5.3035 0 -5.3034 4.5962 -5 -4.5962 6.0054 -5 -2.4876
1 16 0 0 0 10 0 0 0 1 0 0 0 10 p/4-4edge.dat
1 16 0 0 0 -2.5 0 0 0 -1 0 0 0 2.5 p/4-4ring3.dat
1 16 0 -8 0 7.5 0 0 0 1 0 0 0 7.5 p/4-4edge.dat
1 16 0 -21 0 9 0 0 0 1 0 0 0 9 p/4-4edge.dat
1 16 0 -8 0 7.5 0 0 0 1 0 0 0 7.5 p/4-4disc.dat
0 BFC INVERTNEXT
1 16 0 -11 0 0.5 0 0 0 3 0 0 0 0.5 p/4-4con15.dat
0 BFC INVERTNEXT
1 16 0 -14 0 0.5 0 0 0 3 0 0 0 0.5 p/4-4con16.dat
0 BFC INVERTNEXT
1 16 0 -21 0 0.5 0 0 0 7 0 0 0 0.5 p/4-4con17.dat
1 16 0 -21 0 1 0 0 0 1 0 0 0 1 p/4-4ring9.dat
0 BFC INVERTNEXT
1 16 0 -24 0 10 0 0 0 3 0 0 0 10 p/4-4cylo.dat
1 16 0 -18 0 12 0 0 0 1 0 0 0 12 p/4-4edge.dat
1 16 0 -18 0 2 0 0 0 18 0 0 0 2 p/4-4con5.dat
1 16 0 -18 0 -1 0 0 0 -1 0 0 0 1 p/4-4rin12.dat
1 16 0 -24 0 13 0 0 0 6 0 0 0 13 p/4-4cylo.dat
1 16 0 -24 0 2 0 0 0 1 0 0 0 2 p/4-4ring5.dat
1 16 0 -24 0 1 0 0 0 1 0 0 0 1 p/4-4rin12.dat
1 16 13 -20.685 0 0 1.8 0 -1.8 0 0 0 0 1.8 p/4-8sphe.dat
1 16 13 -20.685 0 0 -1 -0.35 -1.8 0 0 0 0 1.8 p/2-4edge.dat
1 16 13 -20.685 0 0 -0.35 0 0 0 -1.8 -1.8 0 0 p/1-4cyls2.dat
1 16 13 -20.685 0 0 -0.35 0 0 0 1.8 -1.8 0 0 p/1-4cyls2.dat
1 16 13 -20.685 0 0 -1 -0.35 1.8 0 0 0 0 -1.8 p/2-4edge.dat
1 16 13 -20.685 0 0 -0.35 0 0 0 1.8 1.8 0 0 p/1-4cyls2.dat
1 16 13 -20.685 0 0 -0.35 0 0 0 -1.8 1.8 0 0 p/1-4cyls2.dat
1 16 -13 -20.685 0 0 -1.8 0 -1.8 0 0 0 0 -1.8 p/4-8sphe.dat
1 16 -13 -20.685 0 0 1 0.35 -1.8 0 0 0 0 -1.8 p/2-4edge.dat
1 16 -13 -20.685 0 0 0.35 0 0 0 -1.8 1.8 0 0 p/1-4cyls2.dat
1 16 -13 -20.685 0 0 0.35 0 0 0 1.8 1.8 0 0 p/1-4cyls2.dat
1 16 -13 -20.685 0 0 1 0.35 1.8 0 0 0 0 1.8 p/2-4edge.dat
1 16 -13 -20.685 0 0 0.35 0 0 0 1.8 -1.8 0 0 p/1-4cyls2.dat
1 16 -13 -20.685 0 0 0.35 0 0 0 -1.8 -1.8 0 0 p/1-4cyls2.dat
