0 BFC CERTIFY CW
1 16 0 24 0 20 0 0 0 -4 0 0 0 -20 p/box4o4a.dat
0 BFC INVERTNEXT
1 16 0 24 0 16 0 0 0 -4 0 0 0 -16 p/box4o4a.dat
1 16 0 12 0 1 0 0 0 -3 0 0 0 1 p/stud4a.dat
1 16 0 4 0 -6 0 0 0 1 6 0 0 -6 p/3-8edge.dat
1 16 0 4 0 0 0 6 0 1 6 6 0 0 p/3-8edge.dat
1 16 0 4 0 -8 0 0 0 1 8 0 0 -8 p/3-8edge.dat
1 16 0 4 0 0 0 8 0 1 8 8 0 0 p/3-8edge.dat
0 BFC INVERTNEXT
1 16 0 10 0 0 0 -6 0 -6 0 -6 0 0 p/1-4cyls.dat
0 BFC INVERTNEXT
1 16 0 10 0 6 0 0 0 -6 0 0 0 -6 p/1-8cyls.dat
0 BFC INVERTNEXT
1 16 0 10 0 0 0 6 0 -6 0 -6 0 0 p/1-8cyls.dat
1 16 0 12 0 0 0 8 0 -8 0 -8 0 0 p/1-8cyls.dat
1 16 0 12 0 8 0 0 0 -8 0 0 0 -8 p/1-8cyls.dat
0 BFC INVERTNEXT
1 16 0 10 0 6 0 0 0 -6 0 0 0 6 p/1-4cyls.dat
0 BFC INVERTNEXT
1 16 0 10 0 -6 0 0 0 2 0 0 0 -6 p/4-4cyli.dat
1 16 0 12 0 0 0 -8 0 -8 0 -8 0 0 p/1-4cyls.dat
1 16 0 12 0 8 0 0 0 -8 0 0 0 8 p/1-4cyls.dat
1 16 0 4 0 -6 0 0 0 1 6 0 0 6 p/1-8edge.dat
1 16 0 4 0 0 0 -6 0 1 6 6 0 0 p/1-8edge.dat
1 16 0 4 0 -8 0 0 0 1 8 0 0 8 p/1-8edge.dat
1 16 0 4 0 0 0 -8 0 1 8 8 0 0 p/1-8edge.dat
0 BFC INVERTNEXT
1 16 0 10 0 0 0 -6 0 -6 0 6 0 0 p/1-4cyls.dat
0 BFC INVERTNEXT
1 16 0 10 0 -6 0 0 0 -6 0 0 0 6 p/1-4cyls.dat
1 16 0 12 0 0 0 -8 0 -8 0 8 0 0 p/1-4cyls.dat
1 16 0 12 0 -8 0 0 0 -8 0 0 0 8 p/1-4cyls.dat
4 16 -20 24 20 -16 24 16 16 24 16 20 24 20
4 16 -20 24 -20 -16 24 -16 -16 24 16 -20 24 20
4 16 20 24 -20 16 24 -16 -16 24 -16 -20 24 -20
4 16 20 24 20 16 24 16 16 24 -16 20 24 -20
3 16 -20 20 -20 -20 20 20 -20 0 0
3 16 -20 20 20 20 20 20 0 0 20
3 16 -16 4 0 -16 20 16 -16 20 -16
3 16 0 4 16 16 20 16 -16 20 16
3 16 0 4 0 -16 20 16 -16 4 0
3 16 0 4 16 -16 20 16 0 4 0
3 16 -20 0 0 -20 20 20 0 0 0
3 16 0 0 0 -20 20 20 0 0 20
4 16 -16 4 0 -16 20 -16 16 20 -16 0 4 0
4 16 0 4 0 16 20 -16 16 20 16 0 4 16
4 16 0 0 0 20 20 -20 -20 20 -20 -20 0 0
4 16 0 0 20 20 20 20 20 20 -20 0 0 0
