0 BFC CERTIFY CCW
1 16 -20 4 40 0 0 -1 0 -1 0 1 0 0 p/stug4-1x7.dat
1 16 0 4 40 0 0 -1 0 -1 0 1 0 0 p/stug4-1x7.dat
1 16 20 4 40 0 0 -1 0 -1 0 1 0 0 p/stug4-1x7.dat
0 BFC INVERTNEXT
1 16 0 8 40 0 0 -36 0 -4 0 76 0 0 p/box5.dat
4 16 36 8 -36 36 8 116 40 8 120 40 8 -40
4 16 36 8 116 -36 8 116 -40 8 120 40 8 120
4 16 -40 8 -40 -36 8 -36 36 8 -36 40 8 -40
4 16 -40 8 120 -36 8 116 -36 8 -36 -40 8 -40
1 16 0 8 40 0 0 -40 0 -8 0 80 0 0 p/box5.dat
1 16 0 0 80 0 0 -1 0 1 0 1 0 0 p/stug-4x4.dat
1 16 0 0 0 0 0 -1 0 1 0 1 0 0 p/stug-4x4.dat
1 16 0 0 0 3.25 0 0 0 1 0 0 0 3.25 p/4-4edge.dat
1 16 0 0 0 7.5 0 0 0 1 0 0 0 7.5 p/4-4edge.dat
1 16 0 -8 0 7.5 0 0 0 8 0 0 0 7.5 p/4-4cyli.dat
0 BFC INVERTNEXT
1 16 0 -8 0 3.25 0 0 0 8 0 0 0 3.25 p/4-4cyli.dat
1 16 7.0902 -12 2.0601 0 -1 0.1611 -4 0 0 0 0 -0.81005 p/rect1.dat
1 16 7.0902 -12 -2.0601 0 -1 -0.1611 -4 0 0 0 0 -0.81005 p/rect1.dat
4 16 7.2513 -16 1.25 6.9291 -16 2.8701 7.5065 -16 3.1093 7.8763 -16 1.25
4 16 6.9291 -16 -2.8701 7.2513 -16 -1.25 7.8763 -16 -1.25 7.5065 -16 -3.1093
1 16 7.6914 -18 2.1797 0 -1 0.1849 -2 0 0 0 0 -0.92965 p/rect3.dat
1 16 7.6914 -18 -2.1797 0 -1 0.1849 2 0 0 0 0 0.92965 p/rect3.dat
4 16 3.0026 -20 1.2437 3.0013 -10 1.25 7.2513 -10 1.25 7.2513 -16 1.25
4 16 7.8763 -20 1.25 3.0026 -20 1.2437 7.2513 -16 1.25 7.8763 -16 1.25
3 16 7.8763 -20 1.25 7.5065 -20 3.1093 3.0026 -20 1.2437
3 16 7.5064 -20 -3.1093 7.8763 -20 -1.25 3.0026 -20 -1.2437
4 16 3.0026 -20 -1.2437 7.8763 -20 -1.25 7.8763 -16 -1.25 7.2513 -16 -1.25
4 16 3.0013 -10 -1.25 3.0026 -20 -1.2437 7.2513 -16 -1.25 7.2513 -10 -1.25
1 16 0 -16 0 6.9291 0 -2.87013 0 8 0 2.87013 0 6.9291 p/1-8cyli.dat
1 16 0 -20 0 7.50653 0 -3.1093 0 4 0 3.1093 0 7.50653 p/1-8cyli.dat
0 BFC INVERTNEXT
1 16 0 -20 0 3.00261 0 -1.24372 0 12 0 1.24372 0 3.00261 p/1-8cyli.dat
1 16 0 -20 0 3.00261 0 -1.24372 0 1 0 1.24372 0 3.00261 p/1-8ring1.dat
1 16 0 -16 0 0.57743 0 -0.23918 0 -1 0 0.23918 0 0.57743 p/1-8ring12.dat
1 16 0 -20 0 1.5013 0 -0.62186 0 1 0 0.62186 0 1.5013 p/1-8ring4.dat
1 16 0 -16 0 2.87013 0 6.9291 0 1 0 6.9291 0 -2.87013 p/1-8edge.dat
1 16 0 -16 0 3.1093 0 7.50652 0 1 0 7.50652 0 -3.1093 p/1-8edge.dat
1 16 0 -20 0 3.1093 0 7.50652 0 1 0 7.50652 0 -3.1093 p/1-8edge.dat
1 16 0 -20 0 1.24372 0 3.00261 0 1 0 3.00261 0 -1.24372 p/1-8edge.dat
1 16 7.5 -10 0 0 -1 -0.24875 2 0 0 0 0 -1.25 p/1-4edge.dat
1 16 7.5 -10 0 0 -1 -0.24875 2 0 0 0 0 1.25 p/1-4edge.dat
1 16 3.25 -10 0 0 -1 -0.24875 2 0 0 0 0 -1.25 p/1-4edge.dat
1 16 3.25 -10 0 0 -1 -0.24875 2 0 0 0 0 1.25 p/1-4edge.dat
1 16 7.5 -10 0 0 -1 -0.24875 2 0 0 0 0 -1.25 p/1-4ndis.dat
1 16 7.5 -10 0 0 -1 -0.24875 2 0 0 0 0 1.25 p/1-4ndis.dat
1 16 3.25 -10 0 0 1 -0.24875 2 0 0 0 0 -1.25 p/1-4ndis.dat
1 16 3.25 -10 0 0 1 -0.24875 2 0 0 0 0 1.25 p/1-4ndis.dat
0 BFC INVERTNEXT
1 16 7.5 -10 0 0 -4.25 -0.24875 2 0 0 0 0 -1.25 p/1-4cyli.dat
0 BFC INVERTNEXT
1 16 7.5 -10 0 0 -4.25 -0.24875 2 0 0 0 0 1.25 p/1-4cyli.dat
1 16 -2.0601 -12 7.0902 0 0 0.81005 -4 0 0 0 -1 0.1611 p/rect1.dat
1 16 2.0601 -12 7.0902 0 0 0.81005 -4 0 0 0 -1 -0.1611 p/rect1.dat
4 16 -1.25 -16 7.2513 -2.8701 -16 6.9291 -3.1093 -16 7.5066 -1.25 -16 7.8763
4 16 2.8701 -16 6.9291 1.25 -16 7.2513 1.25 -16 7.8763 3.1093 -16 7.5065
1 16 -2.1797 -18 7.6914 0 0 0.92965 -2 0 0 0 -1 0.1849 p/rect3.dat
1 16 2.1797 -18 7.6914 0 0 -0.92965 2 0 0 0 -1 0.1849 p/rect3.dat
4 16 -1.2437 -20 3.0026 -1.25 -10 3.0013 -1.25 -10 7.2513 -1.25 -16 7.2513
4 16 -1.25 -16 7.2513 -1.25 -16 7.8763 -1.25 -20 7.8763 -1.2437 -20 3.0026
3 16 -1.25 -20 7.8763 -3.1093 -20 7.5065 -1.2437 -20 3.0026
3 16 3.1093 -20 7.5064 1.25 -20 7.8763 1.2437 -20 3.0026
4 16 1.25 -16 7.8763 1.25 -16 7.2513 1.2437 -20 3.0026 1.25 -20 7.8763
4 16 1.25 -10 3.0013 1.2437 -20 3.0026 1.25 -16 7.2513 1.25 -10 7.2513
1 16 0 -16 0 -2.87013 0 -6.9291 0 8 0 6.9291 0 -2.87013 p/1-8cyli.dat
1 16 0 -20 0 -3.1093 0 -7.50653 0 4 0 7.50653 0 -3.1093 p/1-8cyli.dat
0 BFC INVERTNEXT
1 16 0 -20 0 -1.24372 0 -3.00261 0 12 0 3.00261 0 -1.24372 p/1-8cyli.dat
1 16 0 -20 0 -1.24372 0 -3.00261 0 1 0 3.00261 0 -1.24372 p/1-8ring1.dat
1 16 0 -16 0 -0.23918 0 -0.57743 0 -1 0 0.57743 0 -0.23918 p/1-8ring12.dat
1 16 0 -20 0 -0.62186 0 -1.5013 0 1 0 1.5013 0 -0.62186 p/1-8ring4.dat
1 16 0 -16 0 -6.9291 0 2.87013 0 1 0 2.87013 0 6.9291 p/1-8edge.dat
1 16 0 -16 0 -7.50652 0 3.1093 0 1 0 3.1093 0 7.50652 p/1-8edge.dat
1 16 0 -20 0 -7.50652 0 3.1093 0 1 0 3.1093 0 7.50652 p/1-8edge.dat
1 16 0 -20 0 -3.00261 0 1.24372 0 1 0 1.24372 0 3.00261 p/1-8edge.dat
1 16 0 -10 7.5 0 0 1.25 2 0 0 0 -1 -0.24875 p/1-4edge.dat
1 16 0 -10 7.5 0 0 -1.25 2 0 0 0 -1 -0.24875 p/1-4edge.dat
1 16 0 -10 3.25 0 0 1.25 2 0 0 0 -1 -0.24875 p/1-4edge.dat
1 16 0 -10 3.25 0 0 -1.25 2 0 0 0 -1 -0.24875 p/1-4edge.dat
1 16 0 -10 7.5 0 0 1.25 2 0 0 0 -1 -0.24875 p/1-4ndis.dat
1 16 0 -10 7.5 0 0 -1.25 2 0 0 0 -1 -0.24875 p/1-4ndis.dat
1 16 0 -10 3.25 0 0 1.25 2 0 0 0 1 -0.24875 p/1-4ndis.dat
1 16 0 -10 3.25 0 0 -1.25 2 0 0 0 1 -0.24875 p/1-4ndis.dat
0 BFC INVERTNEXT
1 16 0 -10 7.5 0 0 1.25 2 0 0 0 -4.25 -0.24875 p/1-4cyli.dat
0 BFC INVERTNEXT
1 16 0 -10 7.5 0 0 -1.25 2 0 0 0 -4.25 -0.24875 p/1-4cyli.dat
1 16 -7.0902 -12 -2.0601 0 1 -0.1611 -4 0 0 0 0 0.81005 p/rect1.dat
1 16 -7.0902 -12 2.0601 0 1 0.1611 -4 0 0 0 0 0.81005 p/rect1.dat
4 16 -7.2513 -16 -1.25 -6.9292 -16 -2.8702 -7.5066 -16 -3.1093 -7.8763 -16 -1.25
4 16 -6.9291 -16 2.8701 -7.2513 -16 1.25 -7.8763 -16 1.25 -7.5065 -16 3.1093
1 16 -7.6914 -18 -2.1797 0 1 -0.1849 -2 0 0 0 0 0.92965 p/rect3.dat
1 16 -7.6914 -18 2.1797 0 1 -0.1849 2 0 0 0 0 -0.92965 p/rect3.dat
4 16 -3.0026 -20 -1.2437 -3.0013 -10 -1.25 -7.2513 -10 -1.25 -7.2513 -16 -1.25
4 16 -7.2513 -16 -1.25 -7.8763 -16 -1.25 -7.8763 -20 -1.25 -3.0026 -20 -1.2437
3 16 -7.8763 -20 -1.25 -7.5065 -20 -3.1093 -3.0026 -20 -1.2437
3 16 -7.5065 -20 3.1093 -7.8763 -20 1.25 -3.0026 -20 1.2437
4 16 -3.0026 -20 1.2437 -7.8763 -20 1.25 -7.8763 -16 1.25 -7.2513 -16 1.25
4 16 -3.0013 -10 1.25 -3.0026 -20 1.2437 -7.2513 -16 1.25 -7.2513 -10 1.25
1 16 0 -16 0 -6.9291 0 2.87013 0 8 0 -2.87013 0 -6.9291 p/1-8cyli.dat
1 16 0 -20 0 -7.50653 0 3.1093 0 4 0 -3.1093 0 -7.50653 p/1-8cyli.dat
0 BFC INVERTNEXT
1 16 0 -20 0 -3.00261 0 1.24372 0 12 0 -1.24372 0 -3.00261 p/1-8cyli.dat
1 16 0 -20 0 -3.00261 0 1.24372 0 1 0 -1.24372 0 -3.00261 p/1-8ring1.dat
1 16 0 -16 0 -0.57743 0 0.23918 0 -1 0 -0.23918 0 -0.57743 p/1-8ring12.dat
1 16 0 -20 0 -1.5013 0 0.62186 0 1 0 -0.62186 0 -1.5013 p/1-8ring4.dat
1 16 0 -16 0 -2.87013 0 -6.9291 0 1 0 -6.9291 0 2.87013 p/1-8edge.dat
1 16 0 -16 0 -3.1093 0 -7.50652 0 1 0 -7.50652 0 3.1093 p/1-8edge.dat
1 16 0 -20 0 -3.1093 0 -7.50652 0 1 0 -7.50652 0 3.1093 p/1-8edge.dat
1 16 0 -20 0 -1.24372 0 -3.00261 0 1 0 -3.00261 0 1.24372 p/1-8edge.dat
1 16 -7.5 -10 0 0 1 0.24875 2 0 0 0 0 1.25 p/1-4edge.dat
1 16 -7.5 -10 0 0 1 0.24875 2 0 0 0 0 -1.25 p/1-4edge.dat
1 16 -3.25 -10 0 0 1 0.24875 2 0 0 0 0 1.25 p/1-4edge.dat
1 16 -3.25 -10 0 0 1 0.24875 2 0 0 0 0 -1.25 p/1-4edge.dat
1 16 -7.5 -10 0 0 1 0.24875 2 0 0 0 0 1.25 p/1-4ndis.dat
1 16 -7.5 -10 0 0 1 0.24875 2 0 0 0 0 -1.25 p/1-4ndis.dat
1 16 -3.25 -10 0 0 -1 0.24875 2 0 0 0 0 1.25 p/1-4ndis.dat
1 16 -3.25 -10 0 0 -1 0.24875 2 0 0 0 0 -1.25 p/1-4ndis.dat
0 BFC INVERTNEXT
1 16 -7.5 -10 0 0 4.25 0.24875 2 0 0 0 0 1.25 p/1-4cyli.dat
0 BFC INVERTNEXT
1 16 -7.5 -10 0 0 4.25 0.24875 2 0 0 0 0 -1.25 p/1-4cyli.dat
1 16 2.0601 -12 -7.0902 0 0 -0.81005 -4 0 0 0 1 -0.1611 p/rect1.dat
1 16 -2.0601 -12 -7.0902 0 0 -0.81005 -4 0 0 0 1 0.1611 p/rect1.dat
4 16 1.25 -16 -7.2513 2.8701 -16 -6.929 3.1093 -16 -7.5065 1.25 -16 -7.8763
4 16 -2.8701 -16 -6.9291 -1.25 -16 -7.2513 -1.25 -16 -7.8763 -3.1093 -16 -7.5065
1 16 2.1797 -18 -7.6914 0 0 -0.92965 -2 0 0 0 1 -0.1849 p/rect3.dat
1 16 -2.1797 -18 -7.6914 0 0 0.92965 2 0 0 0 1 -0.1849 p/rect3.dat
4 16 1.2437 -20 -3.0026 1.25 -10 -3.0013 1.25 -10 -7.2513 1.25 -16 -7.2513
4 16 1.25 -20 -7.8763 1.2437 -20 -3.0026 1.25 -16 -7.2513 1.25 -16 -7.8763
3 16 1.25 -20 -7.8763 3.1093 -20 -7.5065 1.2437 -20 -3.0026
3 16 -3.1093 -20 -7.5065 -1.25 -20 -7.8763 -1.2437 -20 -3.0026
4 16 -1.25 -16 -7.8763 -1.25 -16 -7.2513 -1.2437 -20 -3.0026 -1.25 -20 -7.8763
4 16 -1.25 -10 -3.0013 -1.2437 -20 -3.0026 -1.25 -16 -7.2513 -1.25 -10 -7.2513
1 16 0 -16 0 2.87013 0 6.9291 0 8 0 -6.9291 0 2.87013 p/1-8cyli.dat
1 16 0 -20 0 3.1093 0 7.50653 0 4 0 -7.50653 0 3.1093 p/1-8cyli.dat
0 BFC INVERTNEXT
1 16 0 -20 0 1.24372 0 3.00261 0 12 0 -3.00261 0 1.24372 p/1-8cyli.dat
1 16 0 -20 0 1.24372 0 3.00261 0 1 0 -3.00261 0 1.24372 p/1-8ring1.dat
1 16 0 -16 0 0.23918 0 0.57743 0 -1 0 -0.57743 0 0.23918 p/1-8ring12.dat
1 16 0 -20 0 0.62186 0 1.5013 0 1 0 -1.5013 0 0.62186 p/1-8ring4.dat
1 16 0 -16 0 6.9291 0 -2.87013 0 1 0 -2.87013 0 -6.9291 p/1-8edge.dat
1 16 0 -16 0 7.50652 0 -3.1093 0 1 0 -3.1093 0 -7.50652 p/1-8edge.dat
1 16 0 -20 0 7.50652 0 -3.1093 0 1 0 -3.1093 0 -7.50652 p/1-8edge.dat
1 16 0 -20 0 3.00261 0 -1.24372 0 1 0 -1.24372 0 -3.00261 p/1-8edge.dat
1 16 0 -10 -7.5 0 0 -1.25 2 0 0 0 1 0.24875 p/1-4edge.dat
1 16 0 -10 -7.5 0 0 1.25 2 0 0 0 1 0.24875 p/1-4edge.dat
1 16 0 -10 -3.25 0 0 -1.25 2 0 0 0 1 0.24875 p/1-4edge.dat
1 16 0 -10 -3.25 0 0 1.25 2 0 0 0 1 0.24875 p/1-4edge.dat
1 16 0 -10 -7.5 0 0 -1.25 2 0 0 0 1 0.24875 p/1-4ndis.dat
1 16 0 -10 -7.5 0 0 1.25 2 0 0 0 1 0.24875 p/1-4ndis.dat
1 16 0 -10 -3.25 0 0 -1.25 2 0 0 0 -1 0.24875 p/1-4ndis.dat
1 16 0 -10 -3.25 0 0 1.25 2 0 0 0 -1 0.24875 p/1-4ndis.dat
0 BFC INVERTNEXT
1 16 0 -10 -7.5 0 0 -1.25 2 0 0 0 4.25 0.24875 p/1-4cyli.dat
0 BFC INVERTNEXT
1 16 0 -10 -7.5 0 0 1.25 2 0 0 0 4.25 0.24875 p/1-4cyli.dat
