0 BFC CERTIFY CCW
4 16 -17.5 0 -7.5 -14 0 -6 -14 0 6 -17.5 0 7.5
3 16 -14 0 6 -8 0 6 -17.5 0 7.5
3 16 14 0 -6 8 0 -6 17.5 0 -7.5
3 16 -17.5 0 -7.5 -8 0 -6 -14 0 -6
3 16 17.5 0 7.5 8 0 6 14 0 6
4 16 17.5 0 7.5 14 0 6 14 0 -6 17.5 0 -7.5
4 16 -17.5 0 7.5 -8 0 6 8 0 6 17.5 0 7.5
4 16 17.5 0 -7.5 8 0 -6 -8 0 -6 -17.5 0 -7.5
4 16 -8 0 6 -8 0 -6 8 0 -6 8 0 6
0 BFC INVERTNEXT
1 16 -11 0 0 3 0 0 0 0.5 0 0 0 6 box5.dat
0 BFC INVERTNEXT
1 16 11 0 0 3 0 0 0 0.5 0 0 0 6 box5.dat
1 16 0 5 0 20 0 0 0 2 0 0 0 10 box4.dat
1 16 0 7 0 19 0 0 0 1 0 0 0 9 box4.dat
4 16 -20 5 -10 20 5 -10 17.5 0 -7.5 -17.5 0 -7.5
4 16 20 5 -10 20 5 10 17.5 0 7.5 17.5 0 -7.5
4 16 -20 5 10 -20 5 -10 -17.5 0 -7.5 -17.5 0 7.5
4 16 20 5 10 -20 5 10 -17.5 0 7.5 17.5 0 7.5
4 16 -19 7 -9 -20 7 -10 -20 7 10 -19 7 9
4 16 -19 7 9 -20 7 10 20 7 10 19 7 9
4 16 19 7 -9 20 7 -10 -20 7 -10 -19 7 -9
4 16 19 7 9 20 7 10 20 7 -10 19 7 -9
4 16 16 8 -6 19 8 -9 -19 8 -9 -16 8 -6
4 16 16 8 6 19 8 9 19 8 -9 16 8 -6
4 16 -16 8 -6 -19 8 -9 -19 8 9 -16 8 6
4 16 -16 8 6 -19 8 9 19 8 9 16 8 6
0 BFC INVERTNEXT
1 16 0 8 0 16 0 0 0 -5.25 0 0 0 6 box5.dat
