0 BFC CERTIFY CCW
1 16 0 0 0 1 0 0 0 1 0 0 0 1 parts/s/98136s01.dat
1 16 0 0 0 -1 0 0 0 1 0 0 0 1 parts/s/98136s01.dat
1 16 0 -14.17 51.25 3.2 0 0 0 0 3.2 0 1 0 p/4-4edge.dat
1 16 0 -14.17 51.75 0.8 0 0 0 0 0.8 0 -0.5 0 p/4-4con4.dat
1 16 0 -14.17 53.25 4 0 0 0 0 4 0 -1.5 0 p/4-4cylo.dat
1 16 0 -14.17 53.25 0.8 0 0 0 0 0.8 0 0.5 0 p/4-4con4.dat
1 16 0 -14.17 53.75 3.2 0 0 0 0 3.2 0 1 0 p/4-4edge.dat
1 16 0 -14.17 54.25 0.8 0 0 0 0 0.8 0 -0.5 0 p/4-4con4.dat
1 16 0 -14.17 55.75 4 0 0 0 0 4 0 -1.5 0 p/4-4cylo.dat
1 16 0 -14.17 55.75 0.8 0 0 0 0 0.8 0 0.5 0 p/4-4con4.dat
1 16 0 -14.17 56.25 3.2 0 0 0 0 3.2 0 1 0 p/4-4edge.dat
1 16 0 -14.17 56.75 0.8 0 0 0 0 0.8 0 -0.5 0 p/4-4con4.dat
1 16 0 -14.17 58.25 4 0 0 0 0 4 0 -1.5 0 p/4-4cylo.dat
1 16 0 -14.17 58.25 0.8 0 0 0 0 0.8 0 0.5 0 p/4-4con4.dat
1 16 0 -14.17 58.75 3.2 0 0 0 0 3.2 0 1 0 p/4-4edge.dat
1 16 0 -14.17 59.25 0.8 0 0 0 0 0.8 0 -0.5 0 p/4-4con4.dat
1 16 0 -14.17 60.75 4 0 0 0 0 4 0 -1.5 0 p/4-4cylo.dat
1 16 0 -14.17 60.75 0.8 0 0 0 0 0.8 0 0.5 0 p/4-4con4.dat
1 16 0 -14.17 61.25 3.2 0 0 0 0 3.2 0 1 0 p/4-4edge.dat
1 16 0 -14.17 61.75 0.8 0 0 0 0 0.8 0 -0.5 0 p/4-4con4.dat
1 16 0 -14.17 63.25 4 0 0 0 0 4 0 -1.5 0 p/4-4cylo.dat
1 16 0 -14.17 63.25 0.8 0 0 0 0 0.8 0 0.5 0 p/4-4con4.dat
1 16 0 -14.17 63.75 3.2 0 0 0 0 3.2 0 1 0 p/4-4edge.dat
1 16 0 -14.17 64.25 0.8 0 0 0 0 0.8 0 -0.5 0 p/4-4con4.dat
1 16 0 -14.17 70 4 0 0 0 0 4 0 -5.75 0 p/4-4cylc.dat
0 BFC INVERTNEXT
1 16 0 -5 0 6 0 0 0 5 0 0 0 6 p/4-4cylc.dat
1 16 0 -10.49 47.5 1.25 0 0 0 -1.125 0 0 0 1.25 p/4-4cylc.dat
