0 BFC CERTIFY CCW
1 16 0 -4 0 1 0 0 0 -1 0 0 0 1 p/stud4o.dat
1 16 0 -8 0 8 0 0 0 8 0 0 0 8 p/4-4cylc.dat
0 BFC INVERTNEXT
1 16 -10 -16.48 1.875 3.125 0 0 0 0 3.125 0 -3.75 0 p/4-4cylo.dat
1 16 -10 -16.48 1.875 0 0 -7.5 7.5 0 0 0 1 0 p/5-8edge.dat
1 16 -10 -16.48 -1.875 0 0 -7.5 7.5 0 0 0 1 0 p/5-8edge.dat
1 16 -10 -16.48 1.875 0 0 -7.5 7.5 0 0 0 -3.75 0 p/5-8cyli.dat
1 16 -10 -16.48 -1.875 0 0 3.125 3.125 0 0 0 1 0 p/3-8ndis.dat
1 16 -10 -16.48 -1.875 0 0 -3.75 3.75 0 0 0 1 0 p/5-8ring1.dat
1 16 -10 -16.48 -1.875 0 0 -0.625 0.625 0 0 0 1 0 p/5-16rin5.dat
1 16 -10 -16.48 -1.875 -0.57743 0 0.23918 -0.23918 0 -0.57743 0 1 0 p/5-16rin5.dat
4 16 -6.875 -13.355 -1.875 -10 -13.355 -1.875 -10 -12.73 -1.875 -7.61 -9.666 -1.875
3 16 -10 -8.98 -1.875 -7.61 -9.666 -1.875 -10 -12.73 -1.875
4 16 -7.61 -9.666 -1.875 -7.61 -8 -1.875 0 -8 -1.875 -6.875 -13.355 -1.875
4 16 -6.875 -16.48 -1.875 -6.875 -13.355 -1.875 0 -8 -1.875 0 -19.548 -1.875
3 16 -6.875 -16.48 -1.875 0 -19.548 -1.875 -1.069 -19.548 -1.875
4 16 -6.875 -19.605 -1.875 -6.875 -16.48 -1.875 -1.069 -19.548 -1.875 -2.4 -19.985 -1.875
3 16 -6.875 -19.605 -1.875 -3.73 -20.821 -1.875 -4.697 -21.783 -1.875
3 16 -6.875 -19.605 -1.875 -2.4 -19.985 -1.875 -3.73 -20.821 -1.875
1 16 -10 -16.48 1.875 0 0 3.125 3.125 0 0 0 -1 0 p/3-8ndis.dat
1 16 -10 -16.48 1.875 0 0 -3.75 3.75 0 0 0 -1 0 p/5-8ring1.dat
1 16 -10 -16.48 1.875 0 0 -0.625 0.625 0 0 0 -1 0 p/5-16rin5.dat
1 16 -10 -16.48 1.875 -0.57743 0 0.23918 -0.23918 0 -0.57743 0 -1 0 p/5-16rin5.dat
4 16 -10 -12.73 1.875 -10 -13.355 1.875 -6.875 -13.355 1.875 -7.61 -9.666 1.875
3 16 -10 -12.73 1.875 -7.61 -9.666 1.875 -10 -8.98 1.875
4 16 0 -8 1.875 -7.61 -8 1.875 -7.61 -9.666 1.875 -6.875 -13.355 1.875
4 16 0 -8 1.875 -6.875 -13.355 1.875 -6.875 -16.48 1.875 0 -19.548 1.875
3 16 -1.069 -19.548 1.875 0 -19.548 1.875 -6.875 -16.48 1.875
4 16 -1.069 -19.548 1.875 -6.875 -16.48 1.875 -6.875 -19.605 1.875 -2.4 -19.985 1.875
3 16 -4.697 -21.783 1.875 -3.73 -20.821 1.875 -6.875 -19.605 1.875
3 16 -3.73 -20.821 1.875 -2.4 -19.985 1.875 -6.875 -19.605 1.875
4 16 -10 -8.98 1.875 -7.61 -9.666 1.875 -7.61 -9.666 -1.875 -10 -8.98 -1.875
4 16 0 -19.548 1.875 -1.069 -19.548 1.875 -1.069 -19.548 -1.875 0 -19.548 -1.875
4 16 -1.069 -19.548 1.875 -2.4 -19.985 1.875 -2.4 -19.985 -1.875 -1.069 -19.548 -1.875
4 16 -2.4 -19.985 1.875 -3.73 -20.821 1.875 -3.73 -20.821 -1.875 -2.4 -19.985 -1.875
4 16 -3.73 -20.821 1.875 -4.697 -21.783 1.875 -4.697 -21.783 -1.875 -3.73 -20.821 -1.875
3 16 -8.113 -9.522 0 -7.61 -9.666 1.875 -7.61 -8 1.875
3 16 -8 -8 0 -8.113 -9.522 0 -7.61 -8 1.875
3 16 -7.61 -8 -1.875 -7.61 -9.666 -1.875 -8.113 -9.522 0
3 16 -7.61 -8 -1.875 -8.113 -9.522 0 -8 -8 0
0 BFC INVERTNEXT
1 16 10 -16.48 1.875 -3.125 0 0 0 0 3.125 0 -3.75 0 p/4-4cylo.dat
1 16 10 -16.48 1.875 0 0 7.5 7.5 0 0 0 1 0 p/5-8edge.dat
1 16 10 -16.48 -1.875 0 0 7.5 7.5 0 0 0 1 0 p/5-8edge.dat
1 16 10 -16.48 1.875 0 0 7.5 7.5 0 0 0 -3.75 0 p/5-8cyli.dat
1 16 10 -16.48 -1.875 0 0 -3.125 3.125 0 0 0 1 0 p/3-8ndis.dat
1 16 10 -16.48 -1.875 0 0 3.75 3.75 0 0 0 1 0 p/5-8ring1.dat
1 16 10 -16.48 -1.875 0 0 0.625 0.625 0 0 0 1 0 p/5-16rin5.dat
1 16 10 -16.48 -1.875 0.57743 0 -0.23918 -0.23918 0 -0.57743 0 1 0 p/5-16rin5.dat
4 16 10 -12.73 -1.875 10 -13.355 -1.875 6.875 -13.355 -1.875 7.61 -9.666 -1.875
3 16 10 -12.73 -1.875 7.61 -9.666 -1.875 10 -8.98 -1.875
4 16 0 -8 -1.875 7.61 -8 -1.875 7.61 -9.666 -1.875 6.875 -13.355 -1.875
4 16 0 -8 -1.875 6.875 -13.355 -1.875 6.875 -16.48 -1.875 0 -19.548 -1.875
3 16 1.069 -19.548 -1.875 0 -19.548 -1.875 6.875 -16.48 -1.875
4 16 1.069 -19.548 -1.875 6.875 -16.48 -1.875 6.875 -19.605 -1.875 2.4 -19.985 -1.875
3 16 4.697 -21.783 -1.875 3.73 -20.821 -1.875 6.875 -19.605 -1.875
3 16 3.73 -20.821 -1.875 2.4 -19.985 -1.875 6.875 -19.605 -1.875
1 16 10 -16.48 1.875 0 0 -3.125 3.125 0 0 0 -1 0 p/3-8ndis.dat
1 16 10 -16.48 1.875 0 0 3.75 3.75 0 0 0 -1 0 p/5-8ring1.dat
1 16 10 -16.48 1.875 0 0 0.625 0.625 0 0 0 -1 0 p/5-16rin5.dat
1 16 10 -16.48 1.875 0.57743 0 -0.23918 -0.23918 0 -0.57743 0 -1 0 p/5-16rin5.dat
4 16 6.875 -13.355 1.875 10 -13.355 1.875 10 -12.73 1.875 7.61 -9.666 1.875
3 16 10 -8.98 1.875 7.61 -9.666 1.875 10 -12.73 1.875
4 16 7.61 -9.666 1.875 7.61 -8 1.875 0 -8 1.875 6.875 -13.355 1.875
4 16 6.875 -16.48 1.875 6.875 -13.355 1.875 0 -8 1.875 0 -19.548 1.875
3 16 6.875 -16.48 1.875 0 -19.548 1.875 1.069 -19.548 1.875
4 16 6.875 -19.605 1.875 6.875 -16.48 1.875 1.069 -19.548 1.875 2.4 -19.985 1.875
3 16 6.875 -19.605 1.875 3.73 -20.821 1.875 4.697 -21.783 1.875
3 16 6.875 -19.605 1.875 2.4 -19.985 1.875 3.73 -20.821 1.875
4 16 10 -8.98 -1.875 7.61 -9.666 -1.875 7.61 -9.666 1.875 10 -8.98 1.875
4 16 0 -19.548 -1.875 1.069 -19.548 -1.875 1.069 -19.548 1.875 0 -19.548 1.875
4 16 1.069 -19.548 -1.875 2.4 -19.985 -1.875 2.4 -19.985 1.875 1.069 -19.548 1.875
4 16 2.4 -19.985 -1.875 3.73 -20.821 -1.875 3.73 -20.821 1.875 2.4 -19.985 1.875
4 16 3.73 -20.821 -1.875 4.697 -21.783 -1.875 4.697 -21.783 1.875 3.73 -20.821 1.875
3 16 7.61 -8 1.875 7.61 -9.666 1.875 8.113 -9.522 0
3 16 7.61 -8 1.875 8.113 -9.522 0 8 -8 0
3 16 8.113 -9.522 0 7.61 -9.666 -1.875 7.61 -8 -1.875
3 16 8 -8 0 8.113 -9.522 0 7.61 -8 -1.875
