0 BFC CERTIFY CCW
1 16 0 60 0 1 0 0 0 0 1 0 -1 0 parts/s/98590s01.dat
1 16 0 40 0 1 0 0 0 0 1 0 -1 0 parts/s/98577s02.dat
1 16 0 20 0 -1 0 0 0 0 -1 0 -1 0 parts/s/98590s01.dat
1 16 0 0 0 -1 0 0 0 0 1 0 1 0 p/beamhole.dat
1 16 0 60 -10 -9 0 0 0 0 9 0 20 0 p/2-4cylo.dat
1 16 0 60 0 -1 0 0 0 -1 0 0 0 1 p/axlebeam.dat
1 16 -20 80 0 12.81 0 0 0 12.81 0 0 0 12.81 p/8-8sphe.dat
1 16 -20 80 0 0 -1 0 -1 0 0 0 0 -1 p/axlesphe.dat
0 BFC INVERTNEXT
1 16 -4.595 74 -3.801 0 0 2.595 0 4 0 -1.801 0 0 p/box2-7.dat
0 BFC INVERTNEXT
1 16 -4.595 74 3.801 0 0 2.595 0 4 0 -1.801 0 0 p/box2-7.dat
0 BFC INVERTNEXT
1 16 4.595 74 3.801 0 0 -2.595 0 4 0 1.801 0 0 p/box2-7.dat
0 BFC INVERTNEXT
1 16 4.595 74 -3.801 0 0 -2.595 0 4 0 1.801 0 0 p/box2-7.dat
0 BFC INVERTNEXT
1 16 0 83.801 -3.801 7.19 0 0 0 0 -1.801 0 1.801 0 p/box2-9p.dat
0 BFC INVERTNEXT
1 16 0 83.801 3.801 -7.19 0 0 0 0 -1.801 0 -1.801 0 p/box2-9p.dat
3 16 0 80 -6 -7.19 80 -6 -7.19 82 -5.602
3 16 7.19 80 6 7.19 82 5.602 0 80 6
4 16 -5.602 70 -2 -6 70 0 -6 74 0 -5.602 74.398 -2
4 16 -2 78 -5.602 -7.19 78 -5.602 -7.19 80 -6 0 80 -6
4 16 5.602 74.398 2 6 74 0 7.19 74 0 7.19 74.398 2
4 16 -2 70 -2 -5.602 70 -2 -5.602 74.398 -2 -2 78 -2
4 16 -2 78 -2 -5.602 74.398 -2 -7.19 74.398 -2 -7.19 78 -2
4 16 -7.19 78 2 -7.19 74.398 2 -5.602 74.398 2 -2 78 2
4 16 -7.19 85.602 2 7.19 85.602 2 7.19 86 0 -7.19 86 0
4 16 -7.19 74.398 2 -7.19 74 0 -6 74 0 -5.602 74.398 2
4 16 7.19 85.602 -2 -7.19 85.602 -2 -7.19 86 0 7.19 86 0
4 16 -6 74 0 -6 70 0 -5.602 70 2 -5.602 74.398 2
4 16 -6 74 0 -7.19 74 0 -7.19 74.398 -2 -5.602 74.398 -2
4 16 -5.602 70 2 -2 70 2 -2 78 2 -5.602 74.398 2
4 16 6 70 0 6 74 0 5.602 74.398 2 5.602 70 2
4 16 7.19 78 2 2 78 2 5.602 74.398 2 7.19 74.398 2
4 16 7.19 74 0 6 74 0 5.602 74.398 -2 7.19 74.398 -2
4 16 6 70 0 5.602 70 -2 5.602 74.398 -2 6 74 0
4 16 -2 78 5.602 -2 70 5.602 0 70 6 0 80 6
4 16 2 78 5.602 0 80 6 0 70 6 2 70 5.602
4 16 7.19 78 5.602 7.19 80 6 0 80 6 2 78 5.602
4 16 2 78 2 2 70 2 5.602 70 2 5.602 74.398 2
4 16 7.19 82 -5.602 7.19 80 -6 0 80 -6 -7.19 82 -5.602
4 16 0 80 -6 7.19 80 -6 7.19 78 -5.602 2 78 -5.602
4 16 -2 78 -5.602 0 80 -6 0 70 -6 -2 70 -5.602
4 16 2 78 -5.602 2 70 -5.602 0 70 -6 0 80 -6
4 16 2 78 -2 5.602 74.398 -2 5.602 70 -2 2 70 -2
4 16 7.19 78 -2 7.19 74.398 -2 5.602 74.398 -2 2 78 -2
4 16 -7.19 78 5.602 -2 78 5.602 0 80 6 -7.19 80 6
4 16 -7.19 82 5.602 -7.19 80 6 0 80 6 7.19 82 5.602
1 16 20 80 0 0 1 0 -1 0 0 0 0 1 p/axlesphe.dat
1 16 20 80 0 12.81 0 0 0 12.81 0 0 0 12.81 p/8-8sphe.dat
1 16 9 10 0 0 -1 0 10 0 0 0 0 10 p/rect2p.dat
1 16 0 0 0 0 -1 0 1 0 0 0 0 1 p/axlebeam.dat
1 16 10 0 0 0 17.19 0 -1 0 0 0 0 1 p/axlehol8.dat
1 16 40 0 0 12.81 0 0 0 12.81 0 0 0 12.81 p/8-8sphe.dat
1 16 40 0 0 0 1 0 1 0 0 0 0 -1 p/axlesphe.dat
1 16 -9 10 0 0 1 0 10 0 0 0 0 -10 p/rect2p.dat
1 16 0 0 0 0 1 0 1 0 0 0 0 -1 p/axlebeam.dat
1 16 -10 0 0 0 -17.19 0 -1 0 0 0 0 -1 p/axlehol8.dat
1 16 -40 0 0 -12.81 0 0 0 12.81 0 0 0 -12.81 p/8-8sphe.dat
1 16 -40 0 0 0 -1 0 1 0 0 0 0 1 p/axlesphe.dat
1 16 0 0 -10 9 0 0 0 0 -9 0 20 0 p/2-4cylo.dat
1 16 0 -20 0 12.81 0 0 0 12.81 0 0 0 12.81 p/8-8sphe.dat
