0 BFC CERTIFY CCW
1 16 0 4 0 1 0 0 0 -1 0 0 0 1 p/stud3.dat
1 16 0 6 -10 -1.5 0 0 0 0 2 0 4 0 p/box4-2p.dat
1 16 10 6 -10 -1.5 0 0 0 0 2 0 4 0 p/box4-2p.dat
1 16 -10 6 -10 -1.5 0 0 0 0 2 0 4 0 p/box4-2p.dat
1 16 -13.75 6 -10 0 0 -2.25 2 0 0 0 -1 0 p/rect3.dat
1 16 13.75 6 -10 0 0 2.25 -2 0 0 0 -1 0 p/rect3.dat
1 16 -5 6 -10 3.5 0 0 0 0 2 0 -1 0 p/rect2p.dat
1 16 5 6 -10 3.5 0 0 0 0 2 0 -1 0 p/rect2p.dat
0 BFC INVERTNEXT
1 16 0 8 -2 16 0 0 0 -4 0 0 0 8 p/box4-4a.dat
1 16 0 8 -2 20 0 0 0 1 0 0 0 12 p/recte4.dat
4 16 20 8 10 16 8 6 -16 8 6 -20 8 10
4 16 -20 8 10 -16 8 6 -16 8 -10 -20 8 -14
4 16 -20 8 -14 -16 8 -10 16 8 -10 20 8 -14
4 16 20 8 -14 16 8 -10 16 8 6 20 8 10
1 16 0 4 10 -20 0 0 0 0 -4 0 -1 0 p/rect3.dat
4 16 20 0 -10 20 8 -14 20 8 10 20 0 10
4 16 -20 0 10 -20 8 10 -20 8 -14 -20 0 -10
0 BFC INVERTNEXT
1 16 0 -15 0 -20 0 0 0 15 0 0 0 -10 p/box2-7.dat
4 16 -20 -30 -10 -18 -32 -10 18 -32 -10 20 -30 -10
1 16 -18 -30 -10 -2 0 0 0 0 -2 0 -1 0 p/1-4chrd.dat
1 16 18 -30 -10 0 0 2 -2 0 0 0 -1 0 p/1-4chrd.dat
1 16 18 -30 -14 2 0 0 0 0 -2 0 4 0 p/1-4cylc.dat
1 16 -18 -30 -14 0 0 -2 -2 0 0 0 4 0 p/1-4cylc.dat
1 16 0 -31 -12 -18 0 0 0 0 -1 0 -2 0 p/box2-11.dat
4 16 20 0 -10 20 -30 -10 20 -30 -14 20 8 -14
3 16 20 8 -14 20 -30 -14 18 -30 -14
4 16 -20 8 -14 -20 -30 -14 -20 -30 -10 -20 0 -10
3 16 -18 -30 -14 -20 -30 -14 -20 8 -14
4 16 -18 -30 -14 -20 8 -14 20 8 -14 18 -30 -14
1 16 0 0 0 0 0 1 0 1 0 -1 0 0 p/stug-2x1.dat
1 16 0 -2 -14 -1 0 0 0 0 1 0 1 0 p/stug2-1x2.dat
1 16 0 -22 -14 -1 0 0 0 0 1 0 1 0 p/stug2-1x2.dat
