0 BFC CERTIFY CCW
1 16 0 -19.5 0 4 0 0 0 19.5 0 0 0 4 4-4cylc.dat
1 16 0 0 0 4 0 0 0 -1 0 0 0 4 4-4disc.dat
1 16 0 -29.594 10.321 -2.14 0 0 0 13.3422 -1.1811 0 -8.831 -1.7845 4-4cylc.dat
1 16 0 -29.594 10.321 -2 0 0 0 -5.0033 -1.1039 0 3.3116 -1.6678 4-4cyli.dat
1 16 0 -29.594 10.321 -2 0 0 0 -5.0033 -1.1039 0 3.3116 -1.6678 4-4edge.dat
1 16 0 -34.597 13.633 -2 0 0 0 -1.6678 -1.1039 0 1.1039 -1.6678 4-8sphe.dat
1 16 -10.372 -32.095 -5.988 1.07 9.0818 1.5454 0 15.8438 -1.1811 -1.8533 5.2434 0.8923 4-4cylc.dat
1 16 -10.372 -32.095 -5.988 1 -2.8679 1.4443 0 -5.0033 -1.1039 -1.7321 -1.6558 0.8339 4-4cyli.dat
1 16 -10.372 -32.095 -5.988 1 -2.8679 1.4443 0 -5.0033 -1.1039 -1.7321 -1.6558 0.8339 4-4edge.dat
1 16 -13.241 -37.099 -7.644 1 -0.956 1.4443 0 -1.6678 -1.1039 -1.7321 -0.5519 0.8339 4-8sphe.dat
1 16 12.046 -35.014 -6.954 1.07 -10.5158 -1.5454 0 18.3455 -1.1811 1.8533 6.0713 0.8923 4-4cylc.dat
1 16 12.046 -35.014 -6.954 1 2.8679 -1.4443 0 -5.0033 -1.1039 1.7321 -1.6558 0.8339 4-4cyli.dat
1 16 12.046 -35.014 -6.954 1 2.8679 -1.4443 0 -5.0033 -1.1039 1.7321 -1.6558 0.8339 4-4edge.dat
1 16 14.913 -40.017 -8.61 1 0.956 -1.4443 0 -1.6678 -1.1039 1.7321 -0.5519 0.8339 4-8sphe.dat
