0 BFC CERTIFY CCW
1 16 0 0 1 -1 0 0 0 0 1 0 19 0 p/axl5hol8.dat
1 16 0 0 1 -1 0 0 0 0 1 0 1 0 p/axl5ho10.dat
1 16 0 0 1 -1 0 0 0 0 1 0 1 0 p/axl5hol9.dat
1 16 0 0 1 -1 0 0 0 0 1 0 1 0 p/axlehol3.dat
1 16 0 0 20 -1 0 0 0 0 1 0 1 0 p/axlehol2.dat
1 16 0 0 20 -1 0 0 0 0 1 0 1 0 p/axl5end.dat
1 16 0 0 20 -1 0 0 0 0 1 0 1 0 p/axl5hol9.dat
1 16 0 0 0 -6 0 0 0 0 -6 0 1 0 p/4-4edge.dat
0 BFC INVERTNEXT
1 16 0 0 0 -6 0 0 0 0 -6 0 1 0 p/4-4cyli.dat
1 16 0 0 0 -1.5 0 0 0 0 -1.5 0 1 0 p/4-4ring4.dat
1 16 0 0 20 -2 0 0 0 0 2 0 -1 0 p/4-4ring4.dat
1 16 0 0 0 -7.5 0 0 0 0 -7.5 0 1 0 p/4-4edge.dat
1 16 0 0 22 -8 0 0 0 0 -8 0 -2 0 p/4-4cylc.dat
1 16 0 -3 25.5 -4.5 0 0 0 0 -4.5 0 -3.5 0 p/4-4cylc.dat
1 16 0 0 1.8 -2.5 0 0 0 0 -2.5 0 -1.8 0 p/4-4con3.dat
4 16 -21 3.827 10.8 -9.239 3.827 1.8 -10 0 1.8 -21 0 10.217
4 16 -21 0 10.217 -10 0 1.8 -9.239 -3.827 1.8 -21 -3.827 10.8
3 16 -21 0 10.217 -21 -3.827 10.8 -21 3.827 10.8
4 16 -18.4 3.827 20 -9.239 3.827 20 -9.239 3.827 1.8 -21 3.827 10.8
4 16 -21 3.827 33 -18.4 3.827 33 -18.4 3.827 20 -21 3.827 10.8
3 16 -18.4 3.827 37 -18.4 3.827 33 -21 3.827 33
4 16 -21.4 3.827 37 -18.4 3.827 37 -21 3.827 33 -22.9 3.827 33
1 16 -21 0 21.9 0 1 0 -3.827 0 0 0 0 11.1 p/rect3.dat
1 16 -21.95 0.5 33 -0.95 0 0 0 0 3.327 0 1 0 p/rect2a.dat
1 16 -22.15 0.5 35 0 1 0.75 -3.327 0 0 0 0 2 p/rect3.dat
1 16 -19.9 0.5 37 0 0 1.5 -3.327 0 0 0 -1 0 p/rect3.dat
1 16 -18.4 0.5 35 0 -1 0 0 0 3.327 -2 0 0 p/rect2p.dat
1 16 -18.4 0 26.5 0 -1 0 -3.827 0 0 0 0 -6.5 p/rect3.dat
1 16 -13.82 0 20 4.5805 0 0 0 0 3.827 0 -1 0 p/rect2p.dat
4 16 -21 -3.827 10.8 -9.239 -3.827 1.8 -9.239 -3.827 20 -18.4 -3.827 20
4 16 -21 -3.827 10.8 -18.4 -3.827 20 -18.4 -3.827 33 -21 -3.827 33
3 16 -21 -2.827 33 -18.4 -2.827 33 -18.4 -2.827 37
4 16 -22.9 -2.827 33 -21 -2.827 33 -18.4 -2.827 37 -21.4 -2.827 37
1 16 -19.7 -3.327 33 0 0 1.3 -0.5 0 0 0 -1 0 p/rect2a.dat
1 16 0 0 1.8 -9.2388 0 3.82683 3.82683 0 9.2388 0 1 0 p/1-8edge.dat
1 16 0 0 20 -9.2388 0 3.82683 3.82683 0 9.2388 0 1 0 p/3-8edge.dat
1 16 0 0 1.8 -9.2388 0 3.82683 3.82683 0 9.2388 0 13.2 0 p/1-8cyli.dat
1 16 0 0 1.8 -9.2388 0 3.82683 -3.82683 0 -9.2388 0 1 0 p/1-8edge.dat
1 16 0 0 1.8 -9.2388 0 3.82683 -3.82683 0 -9.2388 0 13.2 0 p/1-8cyli.dat
1 16 0 0 1.8 9.2388 0 -3.82683 3.82683 0 9.2388 0 1 0 p/1-8edge.dat
1 16 0 0 1.8 9.2388 0 -3.82683 3.82683 0 9.2388 0 13.2 0 p/1-8cyli.dat
1 16 0 0 1.8 9.2388 0 -3.82683 -3.82683 0 -9.2388 0 1 0 p/1-8edge.dat
1 16 0 0 1.8 9.2388 0 -3.82683 -3.82683 0 -9.2388 0 13.2 0 p/1-8cyli.dat
1 16 0 0 20 -9.2388 0 3.82683 3.82683 0 9.2388 0 -5 0 p/3-8cyli.dat
1 16 0 0 20 -9.2388 0 3.82683 -3.82683 0 -9.2388 0 1 0 p/3-8edge.dat
1 16 0 0 20 -9.2388 0 3.82683 -3.82683 0 -9.2388 0 -5 0 p/3-8cyli.dat
4 16 21 0 10.217 10 0 1.8 9.239 3.827 1.8 21 3.827 10.8
4 16 21 -3.827 10.8 9.239 -3.827 1.8 10 0 1.8 21 0 10.217
3 16 21 3.827 10.8 21 -3.827 10.8 21 0 10.217
4 16 21 3.827 10.8 9.239 3.827 1.8 9.239 3.827 20 18.4 3.827 20
4 16 21 3.827 10.8 18.4 3.827 20 18.4 3.827 33 21 3.827 33
3 16 21 3.827 33 18.4 3.827 33 18.4 3.827 37
4 16 22.9 3.827 33 21 3.827 33 18.4 3.827 37 21.4 3.827 37
1 16 21 0 21.9 0 -1 0 3.827 0 0 0 0 11.1 p/rect3.dat
1 16 21.95 0.5 33 0 0 0.95 3.327 0 0 0 1 0 p/rect2a.dat
1 16 22.15 0.5 35 0 -1 -0.75 3.327 0 0 0 0 2 p/rect3.dat
1 16 19.9 0.5 37 0 0 -1.5 3.327 0 0 0 -1 0 p/rect3.dat
1 16 18.4 0.5 35 0 1 0 0 0 -3.327 -2 0 0 p/rect2p.dat
1 16 18.4 0 26.5 0 1 0 3.827 0 0 0 0 -6.5 p/rect3.dat
1 16 13.82 0 20 -4.5805 0 0 0 0 -3.827 0 -1 0 p/rect2p.dat
4 16 18.4 -3.827 20 9.239 -3.827 20 9.239 -3.827 1.8 21 -3.827 10.8
4 16 21 -3.827 33 18.4 -3.827 33 18.4 -3.827 20 21 -3.827 10.8
3 16 18.4 -2.827 37 18.4 -2.827 33 21 -2.827 33
4 16 21.4 -2.827 37 18.4 -2.827 37 21 -2.827 33 22.9 -2.827 33
1 16 19.7 -3.327 33 -1.3 0 0 0 0 -0.5 0 -1 0 p/rect2a.dat
4 16 0 21 10.217 0 10 1.8 -3.827 9.239 1.8 -3.827 21 10.8
4 16 3.827 21 10.8 3.827 9.239 1.8 0 10 1.8 0 21 10.217
3 16 -3.827 21 10.8 3.827 21 10.8 0 21 10.217
4 16 -3.827 21 10.8 -3.827 9.239 1.8 -3.827 9.239 15 -3.827 18.4 15
4 16 -3.827 21 10.8 -3.827 18.4 15 -3.827 18.4 30 -3.827 21 30
1 16 0 21 20.4 -3.827 0 0 0 -1 0 0 0 9.6 p/rect3.dat
1 16 0 18.4 22.5 0 0 3.827 0 1 0 -7.5 0 0 p/rect.dat
1 16 0 13.82 15 0 0 3.827 -4.5805 0 0 0 -1 0 p/rect2p.dat
4 16 3.827 18.4 15 3.827 9.239 15 3.827 9.239 1.8 3.827 21 10.8
4 16 3.827 21 30 3.827 18.4 30 3.827 18.4 15 3.827 21 10.8
1 16 0 19.7 30 0 0 -3.827 1.3 0 0 0 -1 0 p/rect2p.dat
1 16 0 0 15 -3.82684 0 9.2388 9.2388 0 3.82684 0 1 0 p/1-8edge.dat
4 16 0 -21 10.217 0 -10 1.8 3.827 -9.239 1.8 3.827 -21 10.8
4 16 -3.827 -21 10.8 -3.827 -9.239 1.8 0 -10 1.8 0 -21 10.217
3 16 3.827 -21 10.8 -3.827 -21 10.8 0 -21 10.217
4 16 3.827 -21 10.8 3.827 -9.239 1.8 3.827 -9.239 15 3.827 -21 15
1 16 0 -21 12.9 3.827 0 0 0 1 0 0 0 2.1 p/rect3.dat
1 16 0 -15.12 15 0 0 -3.827 5.8805 0 0 0 -1 0 p/rect2p.dat
4 16 -3.827 -21 15 -3.827 -9.239 15 -3.827 -9.239 1.8 -3.827 -21 10.8
1 16 0 0 15 3.82684 0 -9.2388 -9.2388 0 -3.82684 0 1 0 p/1-8edge.dat
