0 BFC CERTIFY CCW
1 16 0 0 0 -1 0 0 0 1 0 0 0 1 parts/s/u9181s01.dat
1 16 10 -80 0 0 -1 0 3 0 0 0 0 3 p/4-4ring2.dat
1 16 10 -20 0 0 -1 0 3 0 0 0 0 3 p/4-4ring2.dat
1 16 10 -40 120 0 -1 0 0 0 -3 3 0 0 p/4-4ring2.dat
0 BFC INVERTNEXT
1 16 8 -40 120 0 2 0 0 0 6 6 0 0 p/4-4cylo.dat
1 16 8 -40 120 0 -1 0 0 0 1.2 -1.2 0 0 p/4-4ring4.dat
1 16 8 -40 120 0 -1 0 0 0 -2.4 -2.4 0 0 p/4-4ring1.dat
0 BFC INVERTNEXT
1 16 4 -40 120 0 4 0 0 0 -2.4 2.4 0 0 p/4-4cylc.dat
0 BFC INVERTNEXT
1 16 8 -20 0 0 2 0 0 0 6 6 0 0 p/4-4cylo.dat
1 16 8 -20 0 0 -1 0 0 0 1.2 -1.2 0 0 p/4-4ring4.dat
1 16 8 -20 0 0 -1 0 0 0 -2.4 -2.4 0 0 p/4-4ring1.dat
0 BFC INVERTNEXT
1 16 4 -20 0 0 4 0 0 0 -2.4 2.4 0 0 p/4-4cylc.dat
0 BFC INVERTNEXT
1 16 8 -80 0 0 2 0 0 0 6 6 0 0 p/4-4cylo.dat
1 16 8 -80 0 0 -1 0 0 0 1.2 -1.2 0 0 p/4-4ring4.dat
1 16 8 -80 0 0 -1 0 0 0 -2.4 -2.4 0 0 p/4-4ring1.dat
0 BFC INVERTNEXT
1 16 4 -80 0 0 4 0 0 0 -2.4 2.4 0 0 p/4-4cylc.dat
4 16 29 -59.29 70.54 29 -64.49 68.85 29 -53.83 45.24 29 -47.99 45.6
4 16 30 -59.29 70.54 30 -57.52 71.11 29 -57.52 71.11 29 -59.29 70.54
3 16 29 -38.48 92.34 29 -59.31 85.25 29 -58.05 83.38
4 16 30 -27 81.39 30 -27.66 81.52 30 -31 81 30 -27 81
3 16 30 -27.66 81.52 30 -34.14 85.86 30 -31 81
4 16 30 -27 77 30 -31 77 30 -31.08 64.57 30 -27 62.41
4 16 30 -49.34 56.3 30 -57.52 71.11 30 -59.29 70.54 30 -50.74 51.66
4 16 30 -50.74 51.66 30 -59.29 70.54 29 -59.29 70.54 29 -50.74 51.66
4 16 29 -49.34 56.3 29 -57.52 71.11 30 -57.52 71.11 30 -49.34 56.3
4 16 30 -34.14 85.86 30 -31.08 64.57 30 -31 77 30 -31 81
3 16 29 -49.34 56.3 29 -54.98 71.94 29 -57.52 71.11
1 16 30 -29 79 0 -1 0 0 0 2 2 0 0 p/4-4edge.dat
1 16 30 -29 79 0 -1 0 0 0 2 2 0 0 p/4-4ndis.dat
1 16 29 -29 79 0 -1 0 0 0 2 2 0 0 p/4-4edge.dat
0 BFC INVERTNEXT
1 16 30 -29 79 0 -1 0 0 0 2 2 0 0 p/4-4cyli.dat
1 79 29 -29 79 0 -1 0 0 0 2 2 0 0 p/4-4disc.dat
1 79 29 -62.52 78.95 0 -1 0 0 0 -1.5 1.5 0 0 p/4-4edge.dat
0 BFC INVERTNEXT
1 79 29 -62.52 78.95 0 -9 0 0 0 -1.5 1.5 0 0 p/4-4cyli.dat
1 79 20 -62.52 78.95 0 -1 0 0 0 -1.5 1.5 0 0 p/4-4edge.dat
1 79 29 -62.52 78.95 0 -1 0 0 0 -5 5 0 0 p/4-4edge.dat
1 79 29 -62.52 78.95 0 -1 0 0 0 -1.5 1.5 0 0 p/4-4ring1.dat
1 79 29 -62.52 78.95 0 -1 0 0 0 -1 1 0 0 p/4-4ring3.dat
1 79 29 -62.52 78.95 0 -1 0 0 0 -1 1 0 0 p/4-4ring4.dat
1 79 29 -62.52 78.95 0 -9 0 0 0 -5 5 0 0 p/4-4cyli.dat
1 79 20 -62.52 78.95 0 -1 0 0 0 -5 5 0 0 p/4-4edge.dat
1 79 20 -63.45 81.81 0 -1 0 4.75528 0 -0.618034 1.54508 0 1.90211 p/2-4disc.dat
1 79 20 -60.36 72.3 0 -1 0 -4.75528 0 0.618034 -1.54508 0 -1.90211 p/2-4disc.dat
4 79 20 -68.2 80.26 20 -65.11 70.75 20 -55.6 73.84 20 -58.69 83.35
1 16 29 -63.45 81.81 0 -1 0 4.75528 0 -0.618034 1.54508 0 1.90211 p/2-4edge.dat
1 16 29 -63.45 81.81 0 -1 0 4.75528 0 -0.618034 1.54508 0 1.90211 p/2-4ndis.dat
0 BFC INVERTNEXT
1 16 29 -63.45 81.81 0 -9 0 4.75528 0 -0.618034 1.54508 0 1.90211 p/2-4cyli.dat
1 16 29 -60.36 72.3 0 -1 0 -4.75528 0 0.618034 -1.54508 0 -1.90211 p/2-4edge.dat
1 16 29 -60.36 72.3 0 -1 0 -4.75528 0 0.618034 -1.54508 0 -1.90211 p/2-4ndis.dat
0 BFC INVERTNEXT
1 16 29 -60.36 72.3 0 -9 0 -4.75528 0 0.618034 -1.54508 0 -1.90211 p/2-4cyli.dat
4 16 20 -65.11 70.75 20 -68.2 80.26 29 -68.2 80.26 29 -65.11 70.75
4 16 29 -55.6 73.84 29 -58.69 83.35 20 -58.69 83.35 20 -55.6 73.84
1 16 20 -63.45 81.81 0 -1 0 4.75528 0 -0.618034 1.54508 0 1.90211 p/2-4edge.dat
1 16 20 -60.36 72.3 0 -1 0 -4.75528 0 0.618034 -1.54508 0 -1.90211 p/2-4edge.dat
3 16 29 -64.49 68.85 29 -68.82 82.17 29 -82.17 107.83
3 16 29 -68.82 82.17 29 -64.01 85.65 29 -82.17 107.83
4 16 29 -59.31 85.25 29 -38.48 92.34 29 -64.01 85.65 29 -68.82 82.17
4 16 29 -48.51 56.68 29 -58.05 83.38 29 -54.98 71.94 29 -49.34 56.3
3 16 29 -59.31 85.25 29 -54.98 71.94 29 -58.05 83.38
