0 BFC CERTIFY CCW
1 16 0 32 0 -40 0 0 0 -32 0 0 0 20 p/box4-1.dat
0 BFC INVERTNEXT
1 16 0 32 0 -36 0 0 0 -28 0 0 0 16 p/box4-1.dat
4 16 40 32 -20 40 0 -20 20 24 -20 20 32 -20
4 16 -20 32 -20 -20 24 -20 -40 0 -20 -40 32 -20
4 16 -20 24 -20 20 24 -20 40 0 -20 -40 0 -20
1 16 26.9375 18 -16 -9.0625 0 0 0 0 14 0 -1 0 p/rect2a.dat
1 16 -26.9375 18 -16 9.0625 0 0 0 0 14 0 -1 0 p/rect2a.dat
1 16 0 32 -30 0 0 -20 0 -8 0 -10 0 0 p/box3u5p.dat
1 16 0 24 -40 20 0 0 0 8 0 0 0 -20 p/2-4cylo.dat
1 16 0 24 -40 -7.6537 0 18.4776 0 1 0 -18.4776 0 -7.6537 p/1-8chrd.dat
1 16 0 24 -40 -20 0 0 0 1 0 0 0 -20 p/3-16chrd.dat
1 16 0 24 -40 7.6537 0 18.4776 0 1 0 -18.4776 0 7.6537 p/3-16chrd.dat
1 16 0 24 -50 6 0 0 0 1 0 0 0 6 p/4-4ndis.dat
4 16 -20 24 -40 -7.654 24 -58.478 -6 24 -56 -6 24 -50
3 16 -20 24 -40 -6 24 -50 -6 24 -44
4 16 6 24 -50 6 24 -56 7.654 24 -58.478 20 24 -40
3 16 6 24 -44 6 24 -50 20 24 -40
3 16 -7.654 24 -58.478 0 24 -56 -6 24 -56
4 16 -7.654 24 -58.478 7.654 24 -58.478 6 24 -56 0 24 -56
4 16 -20 24 -40 -6 24 -44 0 24 -44 20 24 -40
3 16 20 24 -40 0 24 -44 6 24 -44
4 16 40 32 20 36 32 16 -36 32 16 -40 32 20
4 16 -40 32 20 -36 32 16 -36 32 -16 -40 32 -20
4 16 40 32 -20 36 32 -16 36 32 16 40 32 20
1 16 0 32 -12.5 17.875 0 0 0 1 0 0 0 3.5 p/recte3.dat
1 16 0 27.5 -9 0 0 -17.875 4.5 0 0 0 -1 0 p/rect2p.dat
4 16 -15.375 4 -9 15.375 4 -9 17.875 23 -9 -17.875 23 -9
1 16 16 30 -36.25 0 1 0 2 0 0 0 0 -3.75 p/rect1.dat
1 16 -16 30 -36.25 0 -1 0 2 0 0 0 0 -3.75 p/rect1.dat
4 16 -6.75 4 16 -6.75 27 16 -6.75 27 9 -6.75 23 9
4 16 -6.75 4 16 -6.75 23 9 -6.75 23 -9 -6.75 4 -9
1 16 -5.5 25 12.5 -1.25 0 0 0 2 0 0 0 -3.5 p/box2-7.dat
1 16 -5.5 23 0 1.25 0 0 0 -1 0 0 0 9 p/rect3.dat
4 16 -4.25 4 -9 -4.25 23 -9 -4.25 23 9 -4.25 4 16
4 16 -4.25 23 9 -4.25 27 9 -4.25 27 16 -4.25 4 16
1 16 -5.5 13.5 -9 1.25 0 0 0 0 9.5 0 -1 0 p/recte3.dat
1 16 -5.5 15.5 16 1.25 0 0 0 0 11.5 0 -1 0 p/recte3.dat
4 16 6.75 23 9 6.75 27 9 6.75 27 16 6.75 4 16
4 16 6.75 4 -9 6.75 23 -9 6.75 23 9 6.75 4 16
1 16 5.5 25 12.5 1.25 0 0 0 2 0 0 0 -3.5 p/box2-7.dat
1 16 5.5 23 0 1.25 0 0 0 -1 0 0 0 9 p/rect3.dat
4 16 4.25 4 16 4.25 23 9 4.25 23 -9 4.25 4 -9
4 16 4.25 4 16 4.25 27 16 4.25 27 9 4.25 23 9
1 16 5.5 13.5 -9 1.25 0 0 0 0 9.5 0 -1 0 p/recte3.dat
1 16 5.5 15.5 16 1.25 0 0 0 0 11.5 0 -1 0 p/recte3.dat
1 16 -20.25 15.5 11.5 0 0 -1.25 0 11.5 0 4.5 0 0 p/box2-5.dat
4 16 -19 27 16 -19 4 16 -19 4 9.5 -19 23 9.5
4 16 -19 27 16 -19 23 9.5 -19 23 7 -19 27 7
4 16 -21.5 4 7 -21.5 27 7 -19 27 7 -19 23 7
4 16 -17.875 23 7 -17.875 4 7 -21.5 4 7 -19 23 7
1 16 -18.4375 13.5 8.25 -0.5625 0 0 0 9.5 0 0 0 1.25 p/box2-9.dat
1 16 -17.875 23 7 2.5 0 0 0 -19 0 0 0 2.5 p/1-4cylc.dat
1 16 -16.625 13.5 -1 0 0 1.25 0 9.5 0 -8 0 0 p/box2-9.dat
4 16 -17.875 4 -16 -17.875 4 7 -17.875 23 7 -17.875 23 -9
4 16 -17.875 4 -16 -17.875 23 -9 -17.875 32 -9 -17.875 32 -16
1 16 20.25 15.5 11.5 0 0 1.25 0 11.5 0 -4.5 0 0 p/box2-5.dat
4 16 19 23 9.5 19 4 9.5 19 4 16 19 27 16
4 16 19 27 7 19 23 7 19 23 9.5 19 27 16
4 16 19 23 7 19 27 7 21.5 27 7 21.5 4 7
4 16 19 23 7 21.5 4 7 17.875 4 7 17.875 23 7
1 16 18.4375 13.5 8.25 0.5625 0 0 0 9.5 0 0 0 1.25 p/box2-9.dat
1 16 17.875 23 7 -2.5 0 0 0 -19 0 0 0 2.5 p/1-4cylc.dat
1 16 16.625 13.5 -1 0 0 -1.25 0 9.5 0 -8 0 0 p/box2-9.dat
4 16 17.875 23 -9 17.875 23 7 17.875 4 7 17.875 4 -16
4 16 17.875 32 -16 17.875 32 -9 17.875 23 -9 17.875 4 -16
1 16 27.5 4 0 5 0 0 0 19 0 0 0 5 p/4-4cylo.dat
0 BFC INVERTNEXT
1 16 27.5 4 0 2.5 0 0 0 19 0 0 0 2.5 p/4-4cylo.dat
1 16 27.5 23 0 2.5 0 0 0 -1 0 0 0 2.5 p/4-4ring1.dat
1 16 -27.5 4 0 5 0 0 0 19 0 0 0 5 p/4-4cylo.dat
0 BFC INVERTNEXT
1 16 -27.5 4 0 2.5 0 0 0 19 0 0 0 2.5 p/4-4cylo.dat
1 16 -27.5 23 0 2.5 0 0 0 -1 0 0 0 2.5 p/4-4ring1.dat
0 BFC INVERTNEXT
1 16 0 24 -50 6 0 0 0 8 0 0 0 6 p/4-4cylo.dat
1 16 0 28 -50 9 0 0 0 4 0 0 0 9 p/2-4cylo.dat
0 BFC INVERTNEXT
1 16 0 28 -40 16 0 0 0 4 0 0 0 -16 p/1-8cylo.dat
0 BFC INVERTNEXT
1 16 0 28 -40 -16 0 0 0 4 0 0 0 -16 p/1-8cylo.dat
1 16 -8.6721 30 -51.6491 0.3279 1 0 0 0 2 -1.649 0 0 p/rect2a.dat
1 16 8.6721 30 -51.6491 0 -1 -0.3279 2 0 0 0 0 -1.649 p/rect2a.dat
1 16 -9.8289 30 -52.3058 0 0 -1.4847 2 0 0 0 -1 0.9922 p/rect1.dat
1 16 9.8289 30 -52.3058 0 0 -1.4847 2 0 0 0 -1 -0.9922 p/rect1.dat
1 16 0 32 -40 4 0 0 0 -1 0 0 0 -4 p/1-8ring4.dat
1 16 0 32 -40 -4 0 0 0 -1 0 0 0 -4 p/1-8ring4.dat
1 16 0 32 -50 3 0 0 0 -1 0 0 0 3 p/2-4ring2.dat
1 16 0 32 -50 -6 0 0 0 -1 0 0 0 -6 p/2-4ndis.dat
1 16 0 32 -40 0 0 20 0 -1 0 -20 0 0 p/1-8chrd.dat
1 16 0 32 -40 0 0 -20 0 -1 0 -20 0 0 p/1-8chrd.dat
4 16 -9 32 -50 -6 32 -50 -6 32 -56 -8.3442 32 -53.2981
3 16 -6 32 -56 0 32 -56 0 32 -60
3 16 -6 32 -56 0 32 -60 -14.142 32 -54.142
4 16 -11.3136 32 -51.3136 -8.3442 32 -53.2981 -6 32 -56 -14.142 32 -54.142
4 16 8.3442 32 -53.2981 6 32 -56 6 32 -50 9 32 -50
3 16 0 32 -60 0 32 -56 6 32 -56
3 16 14.142 32 -54.142 0 32 -60 6 32 -56
4 16 14.142 32 -54.142 6 32 -56 8.3442 32 -53.2981 11.3136 32 -51.3136
1 16 0 28.9089 -40 16 0 0 0 1 -0.7274 0 0 -16.0165 p/3-16edge.dat
1 16 0 28.9089 -40 -16 0 0 0 1 -0.7274 0 0 -16.0165 p/3-16edge.dat
1 16 0 28.4545 -50 9 0 0 0 1 0.4093 0 0 9.0093 p/4-4edge.dat
1 16 0 28.4545 -50 9 0 0 0 -1 0.4093 0 0 9.0093 p/2-4ndis.dat
3 16 -8.3442 28.304 -53.2981 -16 28.4545 -50 -9 28.4545 -50
4 16 -9 28.4545 -50 -16 28.4545 -50 -16 30 -16 -9 28.8638 -40.9907
3 16 9 28.4545 -50 16 28.4545 -50 8.3442 28.304 -53.2981
4 16 9 28.8638 -40.9907 16 30 -16 16 28.4545 -50 9 28.4545 -50
4 16 9 28.8638 -40.9907 -9 28.8638 -40.9907 -16 30 -16 16 30 -16
1 16 -10.3125 18 -11.5 -3.5625 0 0 0 0 -14 0 1 0 p/rect.dat
1 16 0 18 -11.5 2.75 0 0 0 0 -14 0 1 0 p/rect.dat
1 16 10.3125 18 -11.5 -3.5625 0 0 0 0 -14 0 1 0 p/rect.dat
1 16 0 17 -16 13.875 0 0 0 0 13 0 -1 0 p/rect3.dat
1 16 -4.75 32 -16.3638 0 0 -2 0 -1 0 -4.8638 0 0 p/rect2p.dat
1 16 -4.75 31.8693 -22.2189 0 0 -2 -0.1306 -1 0 -0.9913 0 0 p/rect2p.dat
1 16 -4.75 30.4943 -27.8553 2 0 0 0 -1 -1.2445 0 0 -4.6447 p/rect3.dat
4 16 -6.75 29.2498 -32.5 -6.75 30 -16 -6.75 32 -21.2276 -6.75 31.7389 -23.2105
3 16 -6.75 30 -16 -6.75 32 -11.5 -6.75 32 -21.2276
4 16 -6.75 4 -16 -6.75 4 -11.5 -6.75 32 -11.5 -6.75 30 -16
4 16 -2.75 31.7389 -23.2105 -2.75 32 -21.2276 -2.75 30 -16 -2.75 29.2498 -32.5
3 16 -2.75 32 -21.2276 -2.75 32 -11.5 -2.75 30 -16
4 16 -2.75 30 -16 -2.75 32 -11.5 -2.75 4 -11.5 -2.75 4 -16
1 16 4.75 32 -16.3638 0 0 -2 0 -1 0 -4.8638 0 0 p/rect2p.dat
1 16 4.75 31.8693 -22.2189 0 0 -2 -0.1306 -1 0 -0.9913 0 0 p/rect2p.dat
1 16 4.75 30.4943 -27.8553 2 0 0 0 -1 -1.2445 0 0 -4.6447 p/rect3.dat
4 16 2.75 29.2498 -32.5 2.75 30 -16 2.75 32 -21.2276 2.75 31.7389 -23.2105
3 16 2.75 30 -16 2.75 32 -11.5 2.75 32 -21.2276
4 16 2.75 4 -16 2.75 4 -11.5 2.75 32 -11.5 2.75 30 -16
4 16 6.75 31.7389 -23.2105 6.75 32 -21.2276 6.75 30 -16 6.75 29.2498 -32.5
3 16 6.75 32 -21.2276 6.75 32 -11.5 6.75 30 -16
4 16 6.75 30 -16 6.75 32 -11.5 6.75 4 -11.5 6.75 4 -16
1 16 15.7442 30.5 -30.559 0 1 -0.2557 1.5 0 0 0 0 1.941 p/rect1.dat
1 16 14.9375 30.5 -26.5599 0 1 -0.551 1.5 0 0 0 0 2.0581 p/rect1.dat
1 16 14.1308 30.5 -22.5608 0 1 0.2557 1.5 0 0 0 0 -1.941 p/rect1.dat
4 16 13.875 30 -16 13.875 32 -11.5 13.875 32 -20.6198 13.875 29 -20.6198
4 16 13.875 4 -16 13.875 4 -11.5 13.875 32 -11.5 13.875 30 -16
1 16 -15.7442 30.5 -30.559 0 -1 0.2557 1.5 0 0 0 0 1.941 p/rect1.dat
1 16 -14.9375 30.5 -26.5599 0 -1 0.551 1.5 0 0 0 0 2.0581 p/rect1.dat
1 16 -14.1308 30.5 -22.5608 0 -1 -0.2557 1.5 0 0 0 0 -1.941 p/rect1.dat
4 16 -13.875 29 -20.6198 -13.875 32 -20.6198 -13.875 32 -11.5 -13.875 30 -16
4 16 -13.875 30 -16 -13.875 32 -11.5 -13.875 4 -11.5 -13.875 4 -16
4 16 -40 32 -20 -36 32 -16 -17.875 32 -16 -20 32 -20
4 16 -20 32 -20 -16 32 -32.5 -16 32 -40 -20 32 -40
4 16 -17.875 32 -16 -15.4885 32 -28.618 -16 32 -32.5 -20 32 -20
4 16 -13.875 32 -20.6198 -14.3865 32 -24.5018 -15.4885 32 -28.618 -17.875 32 -16
4 16 -13.875 32 -20.6198 -17.875 32 -16 -17.875 32 -9 -13.875 32 -11.5
3 16 -6.75 32 -11.5 -13.875 32 -11.5 -17.875 32 -9
3 16 -2.75 32 -11.5 -6.75 32 -11.5 -17.875 32 -9
4 16 20 32 -20 17.875 32 -16 36 32 -16 40 32 -20
4 16 20 32 -40 16 32 -40 16 32 -32.5 20 32 -20
4 16 20 32 -20 16 32 -32.5 15.4885 32 -28.618 17.875 32 -16
4 16 17.875 32 -16 15.4885 32 -28.618 14.3865 32 -24.5018 13.875 32 -20.6198
4 16 13.875 32 -11.5 17.875 32 -9 17.875 32 -16 13.875 32 -20.6198
3 16 17.875 32 -9 13.875 32 -11.5 6.75 32 -11.5
3 16 17.875 32 -9 6.75 32 -11.5 2.75 32 -11.5
4 16 -17.875 32 -9 17.875 32 -9 2.75 32 -11.5 -2.75 32 -11.5
1 16 0 0 10 -1 0 0 0 1 0 0 0 -1 p/stug-1x4.dat
1 16 0 0 -10 -1 0 0 0 1 0 0 0 -1 p/stug-1x4.dat
1 16 0 24 -30 -1 0 0 0 1 0 0 0 -1 p/stug-1x2.dat
