0 BFC CERTIFY CCW
1 16 -10 0 -10 0 0 1 0 1 0 -1 0 0 studel.dat
1 16 -10 0 10 0 0 1 0 1 0 -1 0 0 studel.dat
1 16 10 0 -10 0 0 -1 0 1 0 1 0 0 studel.dat
1 16 10 0 10 0 0 -1 0 1 0 1 0 0 studel.dat
0 BFC INVERTNEXT
1 16 0 -2 1 20 0 0 0 2 0 0 0 19 box2-5.dat
1 16 0 2 3 -20 0 0 0 2 0 0 0 -21 box2-7.dat
1 16 0 0 22 -20 0 0 0 -4 0 0 0 2 box2-7.dat
4 16 20 0 -18 20 4 -18 20 4 24 20 0 20
4 16 20 0 20 20 4 24 20 -4 24 20 -4 20
4 16 -20 4 -18 -20 0 -18 -20 0 20 -20 4 24
4 16 -20 -4 24 -20 4 24 -20 0 20 -20 -4 20
