0 BFC CERTIFY CCW
1 16 0 0 0 1 0 0 0 1 0 0 0 1 parts/s/u9367s01.dat
1 16 0 0 0 -1 0 0 0 1 0 0 0 1 parts/s/u9367s01.dat
4 16 -50 31 -29 -32 31 -27 32 31 -27 50 31 -29
0 BFC INVERTNEXT
1 16 0 -10 0 28 0 0 0 -5.5 0 0 0 28 p/48/4-4cylo.dat
1 16 0 -15.5 0 1 0 0 0 1 0 0 0 1 p/48/4-4rin28.dat
1 16 0 -10 0 6.36396 0 6.36396 0 1 0 -6.36396 0 6.36396 p/4-4ndis.dat
0 BFC INVERTNEXT
1 16 0 -10 0 9 0 0 0 3 0 0 0 9 p/4-4cylo.dat
1 16 0 -8 55 34 0 0 0 0 1 0 -1 0 p/rect2p.dat
1 16 0 -7 0 9 0 0 0 -1 0 0 0 9 p/4-4ndis.dat
4 16 9 -7 9 -9 -7 9 -32 -7 28 32 -7 28
4 16 34 -7 55 32 -7 28 -32 -7 28 -34 -7 55
3 16 0 -9 29 34 -9 55 -34 -9 55
1 16 0 1 -26.5 32 0 0 0 0 7 0 -1 -0.5 p/rect2p.dat
1 16 0 -6.5 -25 0 0 32 -0.5 -1 0 1 0 0 p/rect1.dat
4 16 9 -7 -9 32 -7 -24 -32 -7 -24 -9 -7 -9
4 16 25 19 -27 32 31 -27 -32 31 -27 -25 19 -27
4 16 -32 8 -27 32 8 -27 25 13 -27 -25 13 -27
4 16 15 19 -27 -15 19 -27 -15 13 -27 15 13 -27
