0 BFC CERTIFY CCW
1 16 0 0 0 3.75 0 0 0 0 3.75 0 -3.75 0 p/4-4edge.dat
1 16 0 0 0 3.75 0 0 0 0 3.75 0 -8.75 0 p/4-4cyli.dat
1 16 0 0 -8.75 3.75 0 0 0 0 3.75 0 -2.75 0 p/4-8sphe.dat
1 16 0 0 2 3.53553 0 3.53553 3.53553 0 -3.53553 0 -2 0 p/3-4cylc.dat
1 16 0 0 0 -0.883883 0 -0.883883 0.883883 0 -0.883883 0 1.25 0 p/3-4ring3.dat
4 16 -2.65162 2.65162 0 -3.53553 3.53553 0 -3.21459 3.75 0 -1.43512 3.46463 0
3 16 -1.43512 3.46463 0 -3.21459 3.75 0 0 3.75 0
3 16 1.43512 3.46463 0 0 3.75 0 3.21459 3.75 0
4 16 2.65165 2.65165 0 1.43512 3.46463 0 3.21459 3.75 0 3.53553 3.53553 0
4 16 3.53553 3.53553 0 3.21459 3.75 0 3.21459 3.75 2 3.53553 3.53553 2
4 16 3.21459 3.75 0 -3.21459 3.75 0 -3.21459 3.75 2 3.21459 3.75 2
4 16 -3.21459 3.75 0 -3.53553 3.53553 0 -3.53553 3.53553 2 -3.21459 3.75 2
4 16 0 0 2 3.53553 3.53553 2 3.21459 3.75 2 -3.21459 3.75 2
3 16 0 0 2 -3.21459 3.75 2 -3.53553 3.53553 2
1 494 0 0 -1.5 1.5 0 0 0 0 3.2 0 -3 0 p/box.dat
1 494 0 2.625 20.1875 0.575 0 0 0 0 0.575 0 -18.6875 0 p/box.dat
1 494 0 0 0 1 0 0 0 1 0 0 0 1 parts/s/u9432s01.dat
