0 BFC CERTIFY CCW
1 16 0 3.25 0 4 0 0 0 -3.25 0 0 0 4 p/4-4cylc.dat
1 16 0 32.25 0 2.5 0 0 0 -29 0 0 0 2.5 p/4-4cylc.dat
1 16 0 0 0 4 0 0 0 4 0 0 0 4 p/5-16chrd.dat
1 16 0 0 0 -1.5307 0 3.6955 0 4 0 -3.6955 0 -1.5307 p/5-16chrd.dat
1 16 0 0 0 -2.8284 0 -2.8284 0 4 0 2.8284 0 -2.8284 p/5-16chrd.dat
4 16 -2.828 0 2.828 -2.125 0 0 -1.083 0 0.625 -1.063 0 1.84
3 16 -2.828 0 2.828 -1.531 0 -3.696 -2.125 0 0
3 16 -1.531 0 3.696 1.063 0 1.84 4 0 0
3 16 4 0 0 1.063 0 -1.84 -1.531 0 -3.696
4 16 1.063 0 -1.84 0 0 -1.25 -1.063 0 -1.84 -1.531 0 -3.696
4 16 -1.531 0 -3.696 -1.063 0 -1.84 -1.083 0 -0.625 -2.125 0 0
4 16 -2.828 0 2.828 -1.063 0 1.84 1.063 0 1.84 -1.531 0 3.696
3 16 1.063 0 1.84 -1.063 0 1.84 0 0 1.25
4 16 1.063 0 1.84 1.083 0 0.625 2.125 0 0 4 0 0
4 16 4 0 0 2.125 0 0 1.083 0 -0.625 1.063 0 -1.84
1 16 -1.073 0.75 1.2325 0.01 -1 0 0 0 -0.75 0.6075 0 0 p/rect.dat
1 16 0.5315 0.75 1.545 0.5315 0 0 0 0 -0.75 0.295 1 0 p/rect.dat
1 16 0.5315 0.75 -1.545 -0.5315 0 0 0 0 -0.75 0.295 -1 0 p/rect.dat
1 16 1.604 0.75 0.3125 0.521 0 0 0 0 -0.75 -0.3125 1 0 p/rect.dat
1 16 1.073 0.75 -1.2325 0 1 0.01 -0.75 0 0 0 0 0.6075 p/rect3.dat
1 16 -0.5315 0.75 1.545 0.5315 0 0 0 0 -0.75 -0.295 1 0 p/rect2p.dat
1 16 1.073 0.75 1.2325 0.01 1 0 0 0 -0.75 -0.6075 0 0 p/rect2p.dat
1 16 -0.5315 0.75 -1.545 0 0 -0.5315 0.75 0 0 0 -1 -0.295 p/rect3.dat
1 16 1.604 0.75 -0.3125 -0.521 0 0 0 0 -0.75 -0.3125 -1 0 p/rect2p.dat
1 16 -1.604 0.75 -0.3125 -0.521 0 0 0 0 -0.75 0.3125 -1 0 p/rect.dat
1 16 -1.604 0.75 0.3125 0.521 0 0 0 0 -0.75 0.3125 1 0 p/rect2p.dat
3 16 0 2 0 1.063 1.5 -1.84 1.083 1.5 -0.625
3 16 -1.063 1.5 1.84 -1.083 1.5 0.625 0 2 0
3 16 0 2 0 0 1.5 -1.25 1.063 1.5 -1.84
3 16 -2.125 1.5 0 0 2 0 -1.083 1.5 0.625
3 16 1.063 1.5 1.84 0 2 0 1.083 1.5 0.625
3 16 0 2 0 -1.063 1.5 -1.84 0 1.5 -1.25
3 16 0 2 0 -2.125 1.5 0 -1.083 1.5 -0.625
3 16 0 2 0 -1.083 1.5 -0.625 -1.063 1.5 -1.84
3 16 -1.063 1.5 1.84 0 2 0 0 1.5 1.25
3 16 0 2 0 1.083 1.5 -0.625 2.125 1.5 0
3 16 0 1.5 1.25 0 2 0 1.063 1.5 1.84
3 16 1.083 1.5 0.625 0 2 0 2.125 1.5 0
1 16 -1.073 0.75 -1.2325 -0.01 -1 0 0 0 -0.75 0.6075 0 0 p/rect2p.dat
