0 BFC CERTIFY CCW
1 16 0 0 0 1 0 0 0 1 0 0 0 1 parts/s/u9548s01.dat
1 16 0 0 0 -1 0 0 0 1 0 0 0 1 parts/s/u9548s01.dat
4 16 -20 8 160 20 8 160 16 8 156 -16 8 156
1 16 0 -12 150 1 0 0 0 -5 0 0 0 1 p/stud3.dat
0 BFC INVERTNEXT
1 16 0 8 148 16 0 0 0 -20 0 0 0 8 p/box5.dat
1 16 0 8 150 20 0 0 0 -24 0 0 0 10 p/box4-1.dat
1 16 0 -16 150 0 0 -1 0 1 0 1 0 0 p/stug-2x1.dat
4 16 -22 -32 140 22 -32 140 20 -16 140 -20 -16 140
4 16 16 8 140 18 8 136 -18 8 136 -16 8 140
0 BFC INVERTNEXT
1 16 0 -10 57.6 18 0 0 0 -18 0 0 0 78.4 p/box2-5.dat
0 BFC INVERTNEXT
1 16 0 0 120 3 0 0 0 -28 0 0 0 3 p/4-4cylo.dat
1 16 0 0 120 3 0 0 0 -1 0 0 0 3 p/4-4ring1.dat
1 16 0 0 120 6 0 0 0 -28 0 0 0 6 p/4-4cylo.dat
1 16 5.7016 -28 121.5 0 0 7 21 0 0 0 -3 0 p/tri3u1.dat
1 16 -1.5 -28 125.7016 0 3 0 21 0 0 0 0 7 p/tri3u1.dat
1 16 0 -28 40 2 0 0 0 7 0 0 0 60 p/box5.dat
1 16 0 -32 60 22 0 0 0 1 0 0 0 80 p/rect.dat
1 16 -10 -32 60 0 0 -1 0 1 0 1 0 0 p/stug-1x8.dat
1 16 10 -32 60 0 0 -1 0 1 0 1 0 0 p/stug-1x8.dat
3 16 18 -28 -20.8 0 -29.5 -24.5 -18 -28 -20.8
0 BFC INVERTNEXT
1 16 0 -44.8 -52 2 0 -2 -.8 4.3081 -.8 -2 0 -2 p/1-4cylo.dat
0 BFC INVERTNEXT
1 16 0 -36.8 -32 -2 0 2 .8 4.3081 .8 2 0 2 p/1-4cylo.dat
1 16 0 -44.8 -52 2 0 -2 -.8 1 -.8 -2 0 -2 p/1-4ndis.dat
1 16 0 -40.4919 -52 2 0 -2 -.8 -1 -.8 -2 0 -2 p/1-4ndis.dat
1 16 0 -36.8 -32 -2 0 2 .8 1 .8 2 0 2 p/1-4ndis.dat
1 16 0 -32.4919 -32 -2 0 2 .8 -1 .8 2 0 2 p/1-4ndis.dat
1 16 0 -47.0459 -76 0 0 -4 3.0459 0 0 0 -1 0 p/rect1.dat
1 16 0 -47.49185 -69.5 0 0 -4 -2.59995 -1 0 -6.5 0 0 p/rect1.dat
4 16 -4 -44.8919 -63 -4 -44.0919 -61 4 -44.0919 -61 4 -44.8919 -63
3 16 4 -44.0919 -61 -4 -44.0919 -61 0 -42.0919 -56
4 16 4 -44 -76 4 -44 -77 -4 -44 -77 -4 -44 -76
4 16 -4.1522 -44 -77.6132 -4 -44 -77 4 -44 -77 4.1522 -44 -77.6132
4 16 4.1522 -44 -77.6132 4.5858 -44 -77.8284 -4.5858 -44 -77.8284 -4.1522 -44 -77.6132
4 16 -4.5858 -44 -77.8284 4.5858 -44 -77.8284 7.071 -44 -78.071 -7.071 -44 -78.071
4 16 7.071 -44 -78.071 8.4852 -44 -79.4852 -8.4852 -44 -79.4852 -7.071 -44 -78.071
4 16 -24 -44 -80 -8.4852 -44 -79.4852 8.4852 -44 -79.4852 24 -44 -80
1 16 0 -41.6919 -59.5 0 0 -4.5 0 -1.8 0 4.5 0 0 p/4-4cyls.dat
1 16 0 -43.4919 -59.5 0 0 -4.5 1.8 1 0 4.5 0 0 p/4-4edge.dat
1 16 0 -29.3 -59.5 0 0 4.5 0 -12.3919 0 4.5 0 0 p/4-4cyli.dat
0 BFC INVERTNEXT
1 16 0 -40 -59.5 0 0 -2.5 0 10.7 0 2.5 0 0 p/4-4cylc.dat
1 16 0 -29.3 -59.5 0 0 -1.25 0 -1 0 1.25 0 0 p/4-4ring2.dat
1 16 0 -29.3 -59.5 0 0 -.75 0 -1 0 .75 0 0 p/4-4ring5.dat
1 16 0 -29.3 -59.5 0 0 -4.5 0 1 0 4.5 0 0 p/4-4edge.dat
3 16 0 -35.2 -28 22 -32 -20 -22 -32 -20
4 16 4 -49.2 -63 4 -48.4 -61 -4 -48.4 -61 -4 -49.2 -63
4 16 4 -54.8 -77 -4 -54.8 -77 -4 -55.6 -79 4 -55.6 -79
4 16 20 -56 -80 4 -55.6 -79 -4 -55.6 -79 -20 -56 -80
3 16 0 -46.4 -56 -4 -48.4 -61 4 -48.4 -61
4 16 4 -54.8 -77 4 -49.2 -63 -4 -49.2 -63 -4 -54.8 -77
4 16 24 -44 -156 12 5 -156 -12 5 -156 -24 -44 -156
4 16 -24 -44 -156 -24 -44 -80 24 -44 -80 24 -44 -156
0 BFC INVERTNEXT
1 16 -30 -46 -108.5 -4.3431 0 0 4.3431 1.5 0 0 0 .5 p/box5.dat
0 BFC INVERTNEXT
1 16 -30 -46 -113.5 0 0 -4.3431 0 1.5 4.3431 -.5 0 0 p/box5.dat
0 BFC INVERTNEXT
1 16 -30 -46 -126.5 -4.3431 0 0 4.3431 1.5 0 0 0 .5 p/box5.dat
0 BFC INVERTNEXT
1 16 -30 -46 -131.5 0 0 -4.3431 0 1.5 4.3431 -.5 0 0 p/box5.dat
1 16 -30 -40.3431 -120 5.3431 0 0 -5.3431 1 0 0 0 13 p/box5.dat
0 BFC INVERTNEXT
1 16 30 -46 -108.5 4.3431 0 0 4.3431 4.6569 0 0 0 .5 p/box4.dat
0 BFC INVERTNEXT
1 16 30 -46 -113.5 0 0 4.3431 0 4.6569 4.3431 -.5 0 0 p/box4.dat
0 BFC INVERTNEXT
1 16 30 -46 -126.5 4.3431 0 0 4.3431 4.6569 0 0 0 .5 p/box4.dat
0 BFC INVERTNEXT
1 16 30 -46 -131.5 0 0 4.3431 0 4.6569 4.3431 -.5 0 0 p/box4.dat
0 BFC INVERTNEXT
1 16 30 -40.3431 -120 5.3431 0 0 5.3431 -1 0 0 0 13 p/box4.dat
4 16 34.3431 -37 -132 35.3431 -36 -133 24.6569 -46.6862 -133 25.6569 -45.6862 -132
4 16 34.3431 -37 -127 34.3431 -37 -131 25.6569 -45.6862 -131 25.6569 -45.6862 -127
4 16 34.3431 -37 -114 34.3431 -37 -126 25.6569 -45.6862 -126 25.6569 -45.6862 -114
4 16 25.6569 -45.6862 -113 25.6569 -45.6862 -109 34.3431 -37 -109 34.3431 -37 -113
4 16 35.3431 -36 -107 34.3431 -37 -108 25.6569 -45.6862 -108 24.6569 -46.6862 -107
3 16 25.6569 -45.6862 -109 24.6569 -46.6862 -107 25.6569 -45.6862 -108
3 16 24.6569 -46.6862 -107 25.6569 -45.6862 -109 25.6569 -45.6862 -113
3 16 24.6569 -46.6862 -107 25.6569 -45.6862 -113 25.6569 -45.6862 -114
3 16 25.6569 -45.6862 -132 24.6569 -46.6862 -133 25.6569 -45.6862 -131
3 16 25.6569 -45.6862 -131 24.6569 -46.6862 -133 25.6569 -45.6862 -127
3 16 25.6569 -45.6862 -127 24.6569 -46.6862 -133 25.6569 -45.6862 -126
3 16 34.3431 -37 -132 34.3431 -37 -131 35.3431 -36 -133
3 16 35.3431 -36 -133 34.3431 -37 -131 34.3431 -37 -127
3 16 34.3431 -37 -109 34.3431 -37 -108 35.3431 -36 -107
3 16 34.3431 -37 -109 35.3431 -36 -107 34.3431 -37 -113
3 16 34.3431 -37 -113 35.3431 -36 -107 34.3431 -37 -114
4 16 34.3431 -37 -126 34.3431 -37 -114 35.3431 -36 -107 35.3431 -36 -133
4 16 25.6569 -45.6862 -114 25.6569 -45.6862 -126 24.6569 -46.6862 -133 24.6569 -46.6862 -107
3 16 35.3431 -36 -133 34.3431 -37 -127 34.3431 -37 -126
1 16 8 -44 -121 -27 0 0 0 -1 0 0 0 27 p/48/1-3edge.dat
0 BFC INVERTNEXT
1 16 8 -44 -121 -27 0 0 0 5.7 0 0 0 27 p/48/5-12cyli.dat
0 BFC INVERTNEXT
1 16 8 -38.3 -121 -27 0 0 0 6.3 0 0 0 27 p/48/1-4cyls.dat
0 BFC INVERTNEXT
1 16 8 -38.3 -121 0 0 27 0 6.3 0 27 0 0 p/48/1-6cyli.dat
0 BFC INVERTNEXT
1 16 8 -32 -121 -27 0 0 0 6.3 0 0 0 27 p/48/1-6cyls2.dat
1 16 8 -32 -121 -27 0 0 -6.3 -1 0 0 0 27 p/48/5-12edge.dat
1 16 8 -32 -121 0 0 3 0 -1 .7 3 0 0 p/48/1-6ring9.dat
1 16 8 -32 -121 -3 0 0 -.7 -1 0 0 0 3 p/48/1-4ring9.dat
1 16 8 -44 -121 -30 0 0 0 -1 0 0 0 30 p/48/1-3edge.dat
1 16 8 -44 -121 -30 0 0 0 5 0 0 0 30 p/48/3-8cyli.dat
1 16 8 -39 -121 -30 0 0 0 7 0 0 0 30 p/48/1-4cyls.dat
1 16 8 -32 -121 0 0 30 0 -7 0 30 0 0 p/48/1-6cyli.dat
1 16 8 -32 -121 -30 0 0 0 7 0 0 0 30 p/48/1-6cyls2.dat
1 16 8 -32 -121 -30 0 0 -7 -1 0 0 0 30 p/48/5-12edge.dat
4 16 24 -46.3431 -95.6873 26.264 -44.0791 -97.198 26.264 -44 -97.198 24 -44 -95.6873
3 16 26.264 -44 -97.198 26.264 -44.0791 -97.198 26.3431 -44 -97.2674
3 16 29.213 -39 -99.787 29.213 -41.1301 -99.787 31.3431 -39 -102.2133
4 16 33.98 -32 -106 31.382 -32 -107.5 31.382 -26.5442 -107.5 33.98 -25.938 -106
4 16 31.382 -32 -107.5 33.98 -32 -106 33.98 -36.3631 -106 31.382 -38.3 -107.5
4 16 32.248 -39.0951 -107 31.382 -39.9611 -107.5 31.382 -38.3 -107.5 32.248 -38.0951 -107
3 16 32.248 -38.0951 -107 31.382 -38.3 -107.5 33.98 -36.3631 -106
4 16 24.4376 -45.9055 -99.5782 24 -46.3431 -99.2862 24 -44 -99.2862 24.4376 -44 -99.5782
3 16 26.3431 -44 -101.2511 24.4376 -45.9055 -99.5782 24.4376 -44 -99.5782
1 16 8 -44 -121 -27 0 0 0 -1 0 0 0 -27 p/48/1-3edge.dat
0 BFC INVERTNEXT
1 16 8 -44 -121 -27 0 0 0 5.7 0 0 0 -27 p/48/5-12cyli.dat
0 BFC INVERTNEXT
1 16 8 -38.3 -121 -27 0 0 0 6.3 0 0 0 -27 p/48/1-4cyls.dat
0 BFC INVERTNEXT
1 16 8 -38.3 -121 0 0 27 0 6.3 0 -27 0 0 p/48/1-6cyli.dat
0 BFC INVERTNEXT
1 16 8 -32 -121 -27 0 0 0 6.3 0 0 0 -27 p/48/1-6cyls2.dat
1 16 8 -32 -121 -27 0 0 -6.3 -1 0 0 0 -27 p/48/5-12edge.dat
1 16 8 -32 -121 0 0 3 0 -1 .7 -3 0 0 p/48/1-6ring9.dat
1 16 8 -32 -121 -3 0 0 -.7 -1 0 0 0 -3 p/48/1-4ring9.dat
1 16 8 -44 -121 -30 0 0 0 -1 0 0 0 -30 p/48/1-3edge.dat
1 16 8 -44 -121 -30 0 0 0 5 0 0 0 -30 p/48/3-8cyli.dat
1 16 8 -39 -121 -30 0 0 0 7 0 0 0 -30 p/48/1-4cyls.dat
1 16 8 -32 -121 0 0 30 0 -7 0 -30 0 0 p/48/1-6cyli.dat
1 16 8 -32 -121 -30 0 0 0 7 0 0 0 -30 p/48/1-6cyls2.dat
1 16 8 -32 -121 -30 0 0 -7 -1 0 0 0 -30 p/48/5-12edge.dat
4 16 26.264 -44 -144.802 26.264 -44.0791 -144.802 24 -46.3431 -146.3127 24 -44 -146.3127
3 16 26.264 -44.0791 -144.802 26.264 -44 -144.802 26.3431 -44 -144.7326
3 16 29.213 -41.1301 -142.213 29.213 -39 -142.213 31.3431 -39 -139.7867
4 16 31.382 -26.5442 -134.5 31.382 -32 -134.5 33.98 -32 -136 33.98 -25.938 -136
4 16 33.98 -36.3631 -136 33.98 -32 -136 31.382 -32 -134.5 31.382 -38.3 -134.5
3 16 31.382 -38.3 -134.5 31.382 -38.9611 -134.5 33.98 -36.3631 -136
4 16 24 -44 -142.7138 24 -46.3431 -142.7138 24.4376 -45.9055 -142.4218 24.4376 -44 -142.4218
3 16 24.4376 -45.9055 -142.4218 26.3431 -44 -140.7489 24.4376 -44 -142.4218
0 BFC INVERTNEXT
1 16 0 -56 -120 20 0 0 0 8 0 0 0 40 p/box4-1.dat
1 16 10 -48 -120 0 0 -1 0 1 0 1 0 0 p/stug-1x4.dat
1 16 -10 -48 -120 0 0 -1 0 1 0 1 0 0 p/stug-1x4.dat
4 16 -20 24 -160 20 24 -160 16 24 -164 -16 24 -164
4 16 -16 19 -160 16 19 -160 20 24 -160 -20 24 -160
4 16 -16 19 -160 -12 15 -160 12 15 -160 16 19 -160
4 16 -12 9 -160 12 9 -160 12 15 -160 -12 15 -160
0 BFC INVERTNEXT
1 16 12 9 -156 0 -24 0 -4 0 0 0 0 -4 p/1-4cyli.dat
1 16 0 4 -180 -1 0 0 0 -5 0 0 0 -1 p/stud4.dat
0 BFC INVERTNEXT
1 16 0 24 -180 -16 0 0 0 -20 0 0 0 -16 p/box5.dat
4 16 16 24 -196 20 24 -200 -20 24 -200 -16 24 -196
1 16 0 12 -180 -20 0 0 0 -12 0 0 0 -20 p/box2-5.dat
1 16 0 0 -180 0 0 -1 0 1 0 1 0 0 p/stug-2x2.dat
4 16 20 -48 -160 -20 -48 -160 -20 0 -160 20 0 -160
