0 BFC CERTIFY CCW
3 16 18.903 -16.575 -2 19.978 -6.602 -2 18.903 -16.575 2
3 16 12.063 -16.43 .654 16.276 -14.27 .654 12.063 -16.43 -.654
3 16 11.64 -19.5 -.654 11.513 -20.422 0 11.64 -19.5 .654
4 16 11.64 -19.5 -.654 11.64 -19.5 .654 12.063 -16.43 .654 12.063 -16.43 -.654
4 16 -2.304 -46 4 -3.53 -48 2 3.53 -48 2 2.304 -46 4
4 16 19.978 -6.602 -2 20.023 -6.178 0 19.978 -6.602 2 18.903 -16.575 2
4 16 16.276 -14.27 .654 16.581 -14.113 0 16.276 -14.27 -.654 12.063 -16.43 -.654
4 16 3.53 -48 2 3.53 -48 -2 8.498 -38.25 -2 8.498 -38.25 2
4 16 -3.53 -48 2 -3.53 -48 -2 3.53 -48 -2 3.53 -48 2
4 16 8.498 -38.25 2 8.498 -38.25 -2 8.777 -30.25 -2 8.777 -30.25 2
4 16 15.052 -18.55 2 15.052 -18.55 -2 18.903 -16.575 -2 18.903 -16.575 2
4 16 13.99 -26.25 2 13.99 -26.25 -2 15.052 -18.55 -2 15.052 -18.55 2
4 16 8.777 -30.25 2 8.777 -30.25 -2 13.99 -26.25 -2 13.99 -26.25 2
4 16 1.692 -45 4 .477 -43.018 8.25 -.477 -43.018 8.25 -1.692 -45 4
4 16 -1.692 -45 4 -2.304 -46 4 2.304 -46 4 1.692 -45 4
3 16 -18.903 -16.575 2 -19.978 -6.602 2 -18.903 -16.575 -2
3 16 -12.063 -16.43 -.654 -16.276 -14.27 -.654 -12.063 -16.43 .654
3 16 -11.64 -19.5 .654 -11.513 -20.422 0 -11.64 -19.5 -.654
4 16 -11.64 -19.5 .654 -11.64 -19.5 -.654 -12.063 -16.43 -.654 -12.063 -16.43 .654
4 16 2.304 -46 -4 3.53 -48 -2 -3.53 -48 -2 -2.304 -46 -4
4 16 -19.978 -6.602 2 -20.023 -6.178 0 -19.978 -6.602 -2 -18.903 -16.575 -2
4 16 -16.276 -14.27 -.654 -16.581 -14.113 0 -16.276 -14.27 .654 -12.063 -16.43 .654
4 16 -3.53 -48 -2 -3.53 -48 2 -8.498 -38.25 2 -8.498 -38.25 -2
4 16 -8.498 -38.25 -2 -8.498 -38.25 2 -8.777 -30.25 2 -8.777 -30.25 -2
4 16 -15.052 -18.55 -2 -15.052 -18.55 2 -18.903 -16.575 2 -18.903 -16.575 -2
4 16 -13.99 -26.25 -2 -13.99 -26.25 2 -15.052 -18.55 2 -15.052 -18.55 -2
4 16 -8.777 -30.25 -2 -8.777 -30.25 2 -13.99 -26.25 2 -13.99 -26.25 -2
4 16 -1.692 -45 -4 -.477 -43.018 -8.25 .477 -43.018 -8.25 1.692 -45 -4
4 16 1.692 -45 -4 2.304 -46 -4 -2.304 -46 -4 -1.692 -45 -4
1 16 0 0 0 6 0 0 0 -1 0 0 0 6 p/4-4edge.dat
1 16 0 0 0 8.25 0 0 0 -1 0 0 0 8.25 p/4-4edge.dat
0 BFC INVERTNEXT
1 16 0 0 0 6 0 0 0 -4.875 0 0 0 6 p/4-4cyli.dat
1 16 0 0 0 2 0 0 0 -1 0 0 0 2 p/4-4ring3.dat
1 16 0 0 0 .25 0 0 0 -1 0 0 0 .25 p/4-4rin32.dat
1 16 0 -20 0 1 0 0 0 -1 0 0 0 -1 p/axl5end.dat
1 16 0 -20 0 1 0 0 0 1 0 0 0 1 p/axlehol2.dat
1 16 0 -20 0 1 0 0 0 1 0 0 0 1 p/axl5hol9.dat
1 16 0 -20 0 1 0 0 0 15.125 0 0 0 1 p/axl5hol8.dat
1 16 0 -4.875 0 1 0 0 0 -1 0 0 0 -1 p/axl5ho10.dat
1 16 0 -4.875 0 1 0 0 0 1 0 0 0 1 p/axl5hol9.dat
1 16 0 -4.875 0 1 0 0 0 1 0 0 0 1 p/axlehol3.dat
1 16 0 0 0 1 0 0 0 1 0 0 0 1 parts/s/10178s03.dat
1 16 0 0 0 -1 0 0 0 1 0 0 0 -1 parts/s/10178s03.dat
1 16 0 0 0 1 0 0 0 1 0 0 0 -1 parts/s/10178s03.dat
1 16 0 0 0 -1 0 0 0 1 0 0 0 1 parts/s/10178s03.dat
