0 BFC CERTIFY CCW
1 16 0 20 11 2 0 0 0 0 20 0 39 0 p/box3u4a.dat
1 16 0 4 0 1 0 0 0 1 0 0 0 1 p/clip16.dat
4 16 -3.4 8 8.22 -2 8 7.5 -2 8 6 -5.405 8 6
4 16 2 8 7.5 3.4 8 8.22 5.405 8 6 2 8 6
3 16 2 8 11 2.3 8 10 2 8 7.5
3 16 2 8 7.5 2.3 8 10 3.4 8 8.22
3 16 -2.3 8 10 -2 8 11 -2 8 7.5
3 16 -3.4 8 8.22 -2.3 8 10 -2 8 7.5
4 16 -2.3 0 10 2.3 0 10 2 0 11 -2 0 11
4 16 -3.4 0 8.22 3.4 0 8.22 2.3 0 10 -2.3 0 10
4 16 3.4 0 8.22 -3.4 0 8.22 -5.405 0 6 5.405 0 6
4 16 -3.4 8 8.22 -3.4 0 8.22 -2.3 0 10 -2.3 8 10
4 16 -2.3 8 10 -2.3 0 10 -2 0 11 -2 8 11
4 16 2 8 11 2 0 11 2.3 0 10 2.3 8 10
4 16 2.3 8 10 2.3 0 10 3.4 0 8.22 3.4 8 8.22
4 16 3.4 0 8.22 5.405 0 6 5.405 8 6 3.4 8 8.22
4 16 -3.4 0 8.22 -3.4 8 8.22 -5.405 8 6 -5.405 0 6
1 16 0 36 0 1 0 0 0 1 0 0 0 1 p/clip16.dat
4 16 -2 32 6 -2 32 7.5 -3.4 32 8.22 -5.405 32 6
4 16 5.405 32 6 3.4 32 8.22 2 32 7.5 2 32 6
3 16 2.3 32 10 2 32 11 2 32 7.5
3 16 2.3 32 10 2 32 7.5 3.4 32 8.22
3 16 -2 32 11 -2.3 32 10 -2 32 7.5
3 16 -2.3 32 10 -3.4 32 8.22 -2 32 7.5
4 16 -3.4 40 8.22 -3.4 32 8.22 -2.3 32 10 -2.3 40 10
4 16 -2.3 40 10 -2.3 32 10 -2 32 11 -2 40 11
4 16 2 40 11 2 32 11 2.3 32 10 2.3 40 10
4 16 2.3 40 10 2.3 32 10 3.4 32 8.22 3.4 40 8.22
4 16 3.4 32 8.22 5.405 32 6 5.405 40 6 3.4 40 8.22
4 16 -3.4 32 8.22 -3.4 40 8.22 -5.405 40 6 -5.405 32 6
4 16 2 40 11 2.3 40 10 -2.3 40 10 -2 40 11
4 16 2.3 40 10 3.4 40 8.22 -3.4 40 8.22 -2.3 40 10
4 16 -5.405 40 6 -3.4 40 8.22 3.4 40 8.22 5.405 40 6
1 16 -2 30.5 6 0 1 0 1.5 0 0 0 0 1.5 p/1-4ndis.dat
1 16 2 30.5 6 0 -1 0 1.5 0 0 0 0 1.5 p/1-4ndis.dat
0 BFC INVERTNEXT
1 16 2 30.5 6 0 -4 0 1.5 0 0 0 0 1.5 p/1-4cylo.dat
1 16 2 9.5 6 0 -1 0 -1.5 0 0 0 0 1.5 p/1-4ndis.dat
1 16 -2 9.5 6 0 1 0 -1.5 0 0 0 0 1.5 p/1-4ndis.dat
0 BFC INVERTNEXT
1 16 -2 9.5 6 0 4 0 -1.5 0 0 0 0 1.5 p/1-4cylo.dat
1 16 0 20 7.5 0 0 -2 10.5 0 0 0 1 0 p/rect2p.dat
4 16 2 8 11 2 8 7.5 2 32 7.5 2 32 11
4 16 -2 8 7.5 -2 8 11 -2 32 11 -2 32 7.5
