0 BFC CERTIFY CCW
1 16 0 0 0 0 0 -4 4 0 0 0 -9.4648 0 2-4cyli.dat
3 16 0 4 0 3 4 0 0 4 -9.4648
3 16 0 -4 0 0 -4 -9.4648 3 -4 0
4 16 0 4 -9.4648 3 4 0 8.75 0 0 5.3843 0 -10.6186
4 16 5.3843 0 -10.6186 5.196 .0469 -11 -.1319 3.9738 -10 0 4 -9.4648
4 16 5.196 .0469 -11 4.7604 .206 -11.6528 -.165 3.6956 -11.3658 -.1319 3.9738 -10
4 16 4.7604 .206 -11.6528 4.2426 .4361 -12.2426 -.1532 3.6467 -11.5505 -.165 3.6956 -11.3658
4 16 4.2426 .4361 -12.2426 3.6528 .7322 -12.7604 0 3.47 -11.8683 -.1532 3.6467 -11.5505
4 16 3.6528 .7322 -12.7604 3.199 .9811 -13.0632 .6451 2.8284 -12.7429 0 3.47 -11.8683
4 16 3.199 .9811 -13.0632 2.3266 1.5308 -13.323 2.0427 1.7361 -13.2876 .6451 2.8284 -12.7429
4 16 8.75 0 0 3 -4 0 0 -4 -9.4648 5.3843 0 -10.6186
4 16 5.3843 0 -10.6186 0 -4 -9.4648 -.1319 -3.9738 -10 5.196 -.0469 -11
4 16 5.196 -.0469 -11 -.1319 -3.9738 -10 -.165 -3.6956 -11.3658 4.7604 -.206 -11.6528
4 16 4.7604 -.206 -11.6528 -.165 -3.6956 -11.3658 -.1532 -3.6467 -11.5505 4.2426 -.4361 -12.2426
4 16 4.2426 -.4361 -12.2426 -.1532 -3.6467 -11.5505 0 -3.47 -11.8683 3.6528 -.7322 -12.7604
4 16 3.6528 -.7322 -12.7604 0 -3.47 -11.8683 .6451 -2.8284 -12.7429 3.199 -.9811 -13.0632
4 16 3.199 -.9811 -13.0632 .6451 -2.8284 -12.7429 2.0427 -1.7361 -13.2876 2.3266 -1.5308 -13.323
4 16 -4 0 -9.4648 -3.6956 1.5308 -9.4648 -3.6956 1.5308 -10 -4 0 -10
4 16 -3.6956 1.5308 -9.4648 -2.8284 2.8284 -9.4648 -2.8284 2.8284 -10 -3.6956 1.5308 -10
4 16 -2.8284 2.8284 -9.4648 -1.5308 3.6956 -9.4648 -1.5308 3.6956 -10 -2.8284 2.8284 -10
4 16 -1.5308 3.6956 -9.4648 0 4 -9.4648 -.1319 3.9738 -10 -1.5308 3.6956 -10
4 16 -4 0 -9.4648 -4 0 -10 -3.6956 -1.5308 -10 -3.6956 -1.5308 -9.4648
4 16 -3.6956 -1.5308 -9.4648 -3.6956 -1.5308 -10 -2.8284 -2.8284 -10 -2.8284 -2.8284 -9.4648
4 16 -2.8284 -2.8284 -9.4648 -2.8284 -2.8284 -10 -1.5308 -3.6956 -10 -1.5308 -3.6956 -9.4648
4 16 -1.5308 -3.6956 -9.4648 -1.5308 -3.6956 -10 -.1319 -3.9738 -10 0 -4 -9.4648
3 16 -1.5308 3.6956 -10 -1.7572 3.1344 -11.7572 -2.8284 2.8284 -10
3 16 -1.7572 3.1344 -11.7572 -3.1344 1.7572 -11.7572 -2.8284 2.8284 -10
3 16 -2.8284 2.8284 -10 -3.1344 1.7572 -11.7572 -3.6956 1.5308 -10
3 16 -3.1344 1.7572 -11.7572 -3.6956 0 -11.5308 -3.6956 1.5308 -10
3 16 -3.6956 1.5308 -10 -3.6956 0 -11.5308 -4 0 -10
3 16 0 2.8284 -12.8284 -1.7572 1.7572 -13.1344 -1.7572 3.1344 -11.7572
3 16 -1.7572 3.1344 -11.7572 -1.7572 1.7572 -13.1344 -3.1344 1.7572 -11.7572
3 16 -1.7572 1.7572 -13.1344 -2.8284 0 -12.8284 -3.1344 1.7572 -11.7572
3 16 -3.1344 1.7572 -11.7572 -2.8284 0 -12.8284 -3.6956 0 -11.5308
3 16 0 2.8284 -12.8284 0 1.5308 -13.6956 -1.7572 1.7572 -13.1344
3 16 0 1.5308 -13.6956 -1.5308 0 -13.6956 -1.7572 1.7572 -13.1344
3 16 -1.7572 1.7572 -13.1344 -1.5308 0 -13.6956 -2.8284 0 -12.8284
3 16 0 1.5308 -13.6956 0 0 -14 -1.5308 0 -13.6956
3 16 -1.5308 3.6956 -10 -.1319 3.9738 -10 -.165 3.6956 -11.3658
4 16 -.165 3.6956 -11.3658 -.1532 3.6467 -11.5505 -1.7572 3.1344 -11.7572 -1.5308 3.6956 -10
4 16 0 3.47 -11.8683 0 2.8284 -12.8284 -1.7572 3.1344 -11.7572 -.1532 3.6467 -11.5505
3 16 -1.7572 -3.1344 -11.7572 -1.5308 -3.6956 -10 -2.8284 -2.8284 -10
3 16 -3.1344 -1.7572 -11.7572 -1.7572 -3.1344 -11.7572 -2.8284 -2.8284 -10
3 16 -3.1344 -1.7572 -11.7572 -2.8284 -2.8284 -10 -3.6956 -1.5308 -10
3 16 -3.6956 0 -11.5308 -3.1344 -1.7572 -11.7572 -3.6956 -1.5308 -10
3 16 -3.6956 0 -11.5308 -3.6956 -1.5308 -10 -4 0 -10
3 16 -1.7572 -1.7572 -13.1344 0 -2.8284 -12.8284 -1.7572 -3.1344 -11.7572
3 16 -1.7572 -1.7572 -13.1344 -1.7572 -3.1344 -11.7572 -3.1344 -1.7572 -11.7572
3 16 -2.8284 0 -12.8284 -1.7572 -1.7572 -13.1344 -3.1344 -1.7572 -11.7572
3 16 -2.8284 0 -12.8284 -3.1344 -1.7572 -11.7572 -3.6956 0 -11.5308
3 16 0 -1.5308 -13.6956 0 -2.8284 -12.8284 -1.7572 -1.7572 -13.1344
3 16 -1.5308 0 -13.6956 0 -1.5308 -13.6956 -1.7572 -1.7572 -13.1344
3 16 -1.5308 0 -13.6956 -1.7572 -1.7572 -13.1344 -2.8284 0 -12.8284
3 16 0 0 -14 0 -1.5308 -13.6956 -1.5308 0 -13.6956
3 16 -.1319 -3.9738 -10 -1.5308 -3.6956 -10 -.165 -3.6956 -11.3658
4 16 -1.7572 -3.1344 -11.7572 -.1532 -3.6467 -11.5505 -.165 -3.6956 -11.3658 -1.5308 -3.6956 -10
4 16 -1.7572 -3.1344 -11.7572 0 -2.8284 -12.8284 0 -3.47 -11.8683 -.1532 -3.6467 -11.5505
3 16 5.196 -.0469 -11 5.196 .0469 -11 5.3843 0 -10.6186
4 16 4.7604 -.206 -11.6528 4.7604 .206 -11.6528 5.196 .0469 -11 5.196 -.0469 -11
4 16 4.2426 -.4361 -12.2426 4.2426 .4361 -12.2426 4.7604 .206 -11.6528 4.7604 -.206 -11.6528
4 16 3.6528 -.7322 -12.7604 3.6528 .7322 -12.7604 4.2426 .4361 -12.2426 4.2426 -.4361 -12.2426
4 16 3.199 -.9811 -13.0632 3.199 .9811 -13.0632 3.6528 .7322 -12.7604 3.6528 -.7322 -12.7604
4 16 3 -.793 -13.196 3 .793 -13.196 3.199 .9811 -13.0632 3.199 -.9811 -13.0632
4 16 2.2962 -.6488 -13.5434 2.2962 .6488 -13.5434 3 .793 -13.196 3 -.793 -13.196
4 16 2.2181 -.6843 -13.5699 2.2181 .6843 -13.5699 2.2962 .6488 -13.5434 2.2962 -.6488 -13.5434
3 16 1.5589 0 -13.7934 2.2181 .6843 -13.5699 2.2181 -.6843 -13.5699
4 16 0 0 -14 0 1.5308 -13.6956 2.1215 1.5308 -13.4144 1.5589 0 -13.7934
3 16 2.2181 .6843 -13.5699 1.5589 0 -13.7934 2.1215 1.5308 -13.4144
4 16 2.1215 1.5308 -13.4144 2.3266 1.5308 -13.323 3.199 .9811 -13.0632 2.2181 .6843 -13.5699
4 16 3 .793 -13.196 2.2962 .6488 -13.5434 2.2181 .6843 -13.5699 3.199 .9811 -13.0632
3 16 0 1.5308 -13.6956 0 2.8284 -12.8284 2.1215 1.5308 -13.4144
4 16 .6451 2.8284 -12.7429 2.0427 1.7361 -13.2876 2.1215 1.5308 -13.4144 0 2.8284 -12.8284
3 16 2.0427 1.7361 -13.2876 2.3266 1.5308 -13.323 2.1215 1.5308 -13.4144
3 16 0 3.47 -11.8683 .6451 2.8284 -12.7429 0 2.8284 -12.8284
4 16 2.1215 -1.5308 -13.4144 0 -1.5308 -13.6956 0 0 -14 1.5589 0 -13.7934
3 16 1.5589 0 -13.7934 2.2181 -.6843 -13.5699 2.1215 -1.5308 -13.4144
4 16 3.199 -.9811 -13.0632 2.3266 -1.5308 -13.323 2.1215 -1.5308 -13.4144 2.2181 -.6843 -13.5699
4 16 2.2181 -.6843 -13.5699 2.2962 -.6488 -13.5434 3 -.793 -13.196 3.199 -.9811 -13.0632
3 16 0 -2.8284 -12.8284 0 -1.5308 -13.6956 2.1215 -1.5308 -13.4144
4 16 2.1215 -1.5308 -13.4144 2.0427 -1.7361 -13.2876 .6451 -2.8284 -12.7429 0 -2.8284 -12.8284
3 16 2.3266 -1.5308 -13.323 2.0427 -1.7361 -13.2876 2.1215 -1.5308 -13.4144
3 16 .6451 -2.8284 -12.7429 0 -3.47 -11.8683 0 -2.8284 -12.8284
