0 BFC CERTIFY CCW
1 16 0 -1 0 6 0 0 0 1 0 0 0 6 p/4-4edge.dat
1 16 0 -1 0 8 0 0 0 1 0 0 0 8 p/4-4edge.dat
1 16 0 -1 0 2 0 0 0 -1 0 0 0 2 p/4-4ring3.dat
0 BFC INVERTNEXT
1 16 0 -1 0 6 0 0 0 -90 0 0 0 6 p/4-4cyli.dat
1 16 0 -1 0 8 0 0 0 -90 0 0 0 8 p/4-4cyli.dat
1 16 20 -44.5 -16 1.5 0 0 0 0 43.5 0 4 0 p/box4-4a.dat
4 16 17.51 -88.232 -16 0 -91 -16 0 -91 16 17.51 -88.232 16
4 16 17.51 -88.232 -16 17.51 -88.232 16 25.491 -84.5 16 25.491 -84.5 -16
4 16 25.491 -84.5 -16 25.491 -84.5 16 36 -71.983 16 36 -71.983 -16
4 16 1.5 -1 -12 1.5 -12 -12 1.5 -90.7629 -15.9861 1.5 -1 -16
4 16 1.5 -90.7629 -7.7017 1.5 -90.7629 -15.9861 1.5 -12 -12 1.5 -12 -7.7017
1 16 20 -44.5 16 1.5 0 0 0 0 43.5 0 -4 0 p/box4-4a.dat
1 16 36 -39 0 0 -4 0 0 0 38 -1.5 0 0 p/box4-4a.dat
1 16 0 -49 -20 0 0 47 -47 0 0 0 40 0 p/48/7-48cylo.dat
1 16 0 -49 -20 0 0 47 47 0 0 0 0.5 0 p/48/7-48cylo.dat
1 16 0 -49 -20 47 0 0 0 0 47 0 5 0 p/48/1-12cylo.dat
1 16 0 -49 -20 47 0 0 0 0 -47 0 5 0 p/48/1-12cylo.dat
1 16 0 -49 -20 0 0 47 -47 0 0 0 1 0 p/48/1-16chrd.dat
1 16 0 -49 -20 0 0 47 47 0 0 0 1 0 p/48/1-16chrd.dat
1 16 0 -49 -20 47 0 0 0 0 47 0 1 0 p/48/1-12chrd.dat
1 16 0 -49 -20 47 0 0 0 0 -47 0 1 0 p/48/1-12chrd.dat
1 16 0 -49 -20 17.98612 0 43.42234 -43.42234 0 17.98612 0 1 0 p/48/1-12chrd.dat
1 16 0 -49 -20 17.98612 0 43.42234 43.42234 0 -17.98612 0 1 0 p/48/1-12chrd.dat
1 16 0 -49 -15 47 0 0 0 0 47 0 -1 0 p/48/1-12chrd.dat
1 16 0 -49 -15 47 0 0 0 0 -47 0 -1 0 p/48/1-12chrd.dat
3 16 40.702 -72.5 -15 47 -49 -15 40.702 -25.5 -15
4 16 40.702 -72.5 -15 40 -73.5506 -15 37.2898 -77.6136 -20 40.702 -72.5 -20
4 16 40.702 -25.5 -20 40 -24.4494 -19.5 40 -24.4494 -15 40.702 -25.5 -15
4 16 37.2872 -20.3893 -20 37.2898 -20.3864 -19.5 40 -24.4494 -19.5 40.702 -25.5 -20
4 16 40 -24.4494 -15 40 -73.5506 -15 40.702 -72.5 -15 40.702 -25.5 -15
1 16 0 -49 20 0 0 47 47 0 0 0 -0.5 0 p/48/7-48cylo.dat
1 16 0 -49 20 47 0 0 0 0 47 0 -5 0 p/48/1-12cylo.dat
1 16 0 -49 20 47 0 0 0 0 -47 0 -5 0 p/48/1-12cylo.dat
1 16 0 -49 20 0 0 47 -47 0 0 0 -1 0 p/48/1-16chrd.dat
1 16 0 -49 20 0 0 47 47 0 0 0 -1 0 p/48/1-16chrd.dat
1 16 0 -49 20 47 0 0 0 0 47 0 -1 0 p/48/1-12chrd.dat
1 16 0 -49 20 47 0 0 0 0 -47 0 -1 0 p/48/1-12chrd.dat
1 16 0 -49 20 17.98612 0 43.42234 -43.42234 0 17.98612 0 -1 0 p/48/1-12chrd.dat
1 16 0 -49 20 17.98612 0 43.42234 43.42234 0 -17.98612 0 -1 0 p/48/1-12chrd.dat
1 16 0 -49 15 47 0 0 0 0 47 0 1 0 p/48/1-12chrd.dat
1 16 0 -49 15 47 0 0 0 0 -47 0 1 0 p/48/1-12chrd.dat
3 16 47 -49 15 40.702 -72.5 15 40.702 -25.5 15
4 16 37.2898 -77.6136 20 40 -73.5506 15 40.702 -72.5 15 40.702 -72.5 20
4 16 40 -24.4494 15 40 -24.4494 19.5 40.702 -25.5 20 40.702 -25.5 15
4 16 40 -24.4494 19.5 37.2898 -20.3864 19.5 37.2872 -20.3893 20 40.702 -25.5 20
4 16 40.702 -72.5 15 40 -73.5506 15 40 -24.4494 15 40.702 -25.5 15
4 16 37.2898 -77.6136 20 37.2898 -77.6136 -20 40 -73.5506 -15 40 -73.5506 15
1 16 40 -49 0 0 -1 0 0 0 -24.5506 15 0 0 p/rect3.dat
4 16 0 -96 20 17.9861 -92.4223 20 17.9861 -5.5777 20 0 -2 20
4 16 37.2872 -20.3893 20 17.9861 -5.5777 20 17.9861 -92.4223 20 37.2898 -77.6136 20
4 16 37.2872 -20.3893 20 37.2898 -77.6136 20 40.702 -72.5 20 40.702 -25.5 20
3 16 47 -49 20 40.702 -25.5 20 40.702 -72.5 20
4 16 40 -24.4494 15 40 -24.4494 -15 40 0 -19.5 40 0 19.5
3 16 40 -24.4494 19.5 40 -24.4494 15 40 0 19.5
3 16 40 -24.4494 -15 40 -24.4494 -19.5 40 0 -19.5
4 16 40 0 -19.5 36 0 -16 36 0 16 40 0 19.5
1 16 36 -35.9915 0 0 1 0 0 0 -35.9915 -16 0 0 p/rect.dat
4 16 0 -91 -16 17.51 -88.232 -16 25.491 -84.5 -16 36 -71.983 -16
4 16 36 -71.983 16 25.491 -84.5 16 17.51 -88.232 16 0 -91 16
1 16 0 -91 0 0 0 6 0 1 0.9485 -6 0 0 p/2-4edge.dat
1 16 0 -91 0 0 0 8 0 1 1.2646 -8 0 0 p/2-4edge.dat
1 16 0 -1 0 -6 0 0 0 1 0 0 0 6 p/4-4edge.dat
1 16 0 -1 0 -8 0 0 0 1 0 0 0 8 p/4-4edge.dat
1 16 0 -1 0 -2 0 0 0 -1 0 0 0 2 p/4-4ring3.dat
0 BFC INVERTNEXT
1 16 0 -1 0 -6 0 0 0 -90 0 0 0 6 p/4-4cyli.dat
1 16 0 -1 0 -8 0 0 0 -90 0 0 0 8 p/4-4cyli.dat
1 16 -20 -44.5 -16 -1.5 0 0 0 0 43.5 0 4 0 p/box4-4a.dat
4 16 0 -91 16 0 -91 -16 -17.51 -88.232 -16 -17.51 -88.232 16
4 16 -25.491 -84.5 16 -17.51 -88.232 16 -17.51 -88.232 -16 -25.491 -84.5 -16
4 16 -36 -71.983 16 -25.491 -84.5 16 -25.491 -84.5 -16 -36 -71.983 -16
4 16 -1.5 -90.7629 -15.9861 -1.5 -12 -12 -1.5 -1 -12 -1.5 -1 -16
4 16 -1.5 -12 -12 -1.5 -90.7629 -15.9861 -1.5 -90.7629 -7.7017 -1.5 -12 -7.7017
1 16 -20 -44.5 16 -1.5 0 0 0 0 43.5 0 -4 0 p/box4-4a.dat
1 16 -36 -39 0 0 4 0 0 0 38 -1.5 0 0 p/box4-4a.dat
1 16 0 -49 -20 0 0 -47 -47 0 0 0 40 0 p/48/7-48cylo.dat
1 16 0 -49 -20 0 0 -47 47 0 0 0 0.5 0 p/48/7-48cylo.dat
1 16 0 -49 -20 -47 0 0 0 0 47 0 5 0 p/48/1-12cylo.dat
1 16 0 -49 -20 -47 0 0 0 0 -47 0 5 0 p/48/1-12cylo.dat
1 16 0 -49 -20 0 0 -47 -47 0 0 0 1 0 p/48/1-16chrd.dat
1 16 0 -49 -20 0 0 -47 47 0 0 0 1 0 p/48/1-16chrd.dat
1 16 0 -49 -20 -47 0 0 0 0 47 0 1 0 p/48/1-12chrd.dat
1 16 0 -49 -20 -47 0 0 0 0 -47 0 1 0 p/48/1-12chrd.dat
1 16 0 -49 -20 -17.98612 0 -43.42234 -43.42234 0 17.98612 0 1 0 p/48/1-12chrd.dat
1 16 0 -49 -20 -17.98612 0 -43.42234 43.42234 0 -17.98612 0 1 0 p/48/1-12chrd.dat
1 16 0 -49 -15 -47 0 0 0 0 47 0 -1 0 p/48/1-12chrd.dat
1 16 0 -49 -15 -47 0 0 0 0 -47 0 -1 0 p/48/1-12chrd.dat
3 16 -47 -49 -15 -40.702 -72.5 -15 -40.702 -25.5 -15
4 16 -37.2898 -77.6136 -20 -40 -73.5506 -15 -40.702 -72.5 -15 -40.702 -72.5 -20
4 16 -40 -24.4494 -15 -40 -24.4494 -19.5 -40.702 -25.5 -20 -40.702 -25.5 -15
4 16 -40 -24.4494 -19.5 -37.2898 -20.3864 -19.5 -37.2872 -20.3893 -20 -40.702 -25.5 -20
4 16 -40.702 -72.5 -15 -40 -73.5506 -15 -40 -24.4494 -15 -40.702 -25.5 -15
1 16 0 -49 20 0 0 -47 47 0 0 0 -0.5 0 p/48/7-48cylo.dat
1 16 0 -49 20 -47 0 0 0 0 47 0 -5 0 p/48/1-12cylo.dat
1 16 0 -49 20 -47 0 0 0 0 -47 0 -5 0 p/48/1-12cylo.dat
1 16 0 -49 20 0 0 -47 -47 0 0 0 -1 0 p/48/1-16chrd.dat
1 16 0 -49 20 0 0 -47 47 0 0 0 -1 0 p/48/1-16chrd.dat
1 16 0 -49 20 -47 0 0 0 0 47 0 -1 0 p/48/1-12chrd.dat
1 16 0 -49 20 -47 0 0 0 0 -47 0 -1 0 p/48/1-12chrd.dat
1 16 0 -49 20 -17.98612 0 -43.42234 -43.42234 0 17.98612 0 -1 0 p/48/1-12chrd.dat
1 16 0 -49 20 -17.98612 0 -43.42234 43.42234 0 -17.98612 0 -1 0 p/48/1-12chrd.dat
1 16 0 -49 15 -47 0 0 0 0 47 0 1 0 p/48/1-12chrd.dat
1 16 0 -49 15 -47 0 0 0 0 -47 0 1 0 p/48/1-12chrd.dat
3 16 -40.702 -72.5 15 -47 -49 15 -40.702 -25.5 15
4 16 -40.702 -72.5 15 -40 -73.5506 15 -37.2898 -77.6136 20 -40.702 -72.5 20
4 16 -40.702 -25.5 20 -40 -24.4494 19.5 -40 -24.4494 15 -40.702 -25.5 15
4 16 -37.2872 -20.3893 20 -37.2898 -20.3864 19.5 -40 -24.4494 19.5 -40.702 -25.5 20
4 16 -40 -24.4494 15 -40 -73.5506 15 -40.702 -72.5 15 -40.702 -25.5 15
4 16 -40 -73.5506 -15 -37.2898 -77.6136 -20 -37.2898 -77.6136 20 -40 -73.5506 15
1 16 -40 -49 0 0 1 0 0 0 -24.5506 -15 0 0 p/rect3.dat
4 16 -17.9861 -5.5777 20 -17.9861 -92.4223 20 0 -96 20 0 -2 20
4 16 -17.9861 -92.4223 20 -17.9861 -5.5777 20 -37.2872 -20.3893 20 -37.2898 -77.6136 20
4 16 -40.702 -72.5 20 -37.2898 -77.6136 20 -37.2872 -20.3893 20 -40.702 -25.5 20
3 16 -40.702 -25.5 20 -47 -49 20 -40.702 -72.5 20
4 16 -40 0 -19.5 -40 -24.4494 -15 -40 -24.4494 15 -40 0 19.5
3 16 -40 -24.4494 15 -40 -24.4494 19.5 -40 0 19.5
3 16 -40 -24.4494 -19.5 -40 -24.4494 -15 -40 0 -19.5
4 16 -36 0 16 -36 0 -16 -40 0 -19.5 -40 0 19.5
1 16 -36 -35.9915 0 0 -1 0 35.9915 0 0 0 0 16 p/rect.dat
4 16 -25.491 -84.5 -16 -17.51 -88.232 -16 0 -91 -16 -36 -71.983 -16
4 16 -17.51 -88.232 16 -25.491 -84.5 16 -36 -71.983 16 0 -91 16
1 16 0 -91 0 0 0 -6 0 1 0.9485 -6 0 0 p/2-4edge.dat
1 16 0 -91 0 0 0 -8 0 1 1.2646 -8 0 0 p/2-4edge.dat
4 16 36 0 16 -36 0 16 -40 0 19.5 40 0 19.5
1 16 0 -12.2247 19.5 40 0 0 0 0 12.2247 0 -1 0 p/rect3.dat
1 16 0 -35.9915 16 0 0 36 35.9915 0 0 0 1 0 p/rect1.dat
3 16 0 -91 16 -36 -71.983 16 36 -71.983 16
4 16 -40 0 -19.5 -36 0 -16 36 0 -16 40 0 -19.5
1 16 0 -12.2247 -19.5 -40 0 0 0 0 12.2247 0 1 0 p/rect3.dat
1 16 0 -35.9915 -16 0 0 -36 35.9915 0 0 0 -1 0 p/rect1.dat
3 16 -36 -71.983 -16 0 -91 -16 36 -71.983 -16
1 16 0 -6.5 -12 0 0 1.5 -5.5 0 0 0 -1 0 p/rect.dat
1 16 0 -1 -14 1.5 0 0 0 -1 0 0 0 -2 p/rect3.dat
1 16 0 -12 -9.85085 0 0 1.5 0 -1 0 2.14915 0 0 p/rect2p.dat
4 16 1.5 -90.7629 15.9861 1.5 -12 12 1.5 -1 12 1.5 -1 16
4 16 1.5 -12 12 1.5 -90.7629 15.9861 1.5 -90.7629 7.7017 1.5 -12 7.7017
4 16 -1.5 -1 12 -1.5 -12 12 -1.5 -90.7629 15.9861 -1.5 -1 16
4 16 -1.5 -90.7629 7.7017 -1.5 -90.7629 15.9861 -1.5 -12 12 -1.5 -12 7.7017
1 16 0 -6.5 12 -1.5 0 0 0 0 5.5 0 1 0 p/rect.dat
1 16 0 -1 14 -1.5 0 0 0 -1 0 0 0 2 p/rect3.dat
1 16 0 -12 9.85085 0 0 1.5 0 -1 0 2.14915 0 0 p/rect2p.dat
