0 BFC CERTIFY CCW
1 16 32 -20 20 0 18 0 0 0 -10 10 0 0 p/7-16cylo.dat
0 BFC INVERTNEXT
1 16 30 -20 20 0 2 0 0 0 8 -8 0 0 p/7-16cylo.dat
0 BFC INVERTNEXT
1 16 30 -20 0 0 2 0 0 0 8 8 0 0 p/1-4cylo.dat
1 16 32 -20 0 0 18 0 -10 0 0 0 0 10 p/3-16cylo.dat
1 16 50 -20 20 0 -1 0 0 0 9 -9 0 0 p/2-4ndis.dat
1 16 30 -20 20 0 1 0 0 0 8 -8 0 0 p/7-16ndis.dat
1 16 50 -20 0 0 -1 0 9 0 0 0 0 9 p/1-4ndis.dat
1 16 30 -20 0 0 1 0 8 0 0 0 0 8 p/1-4ndis.dat
1 16 50 -20 20 0 -1 0 -1 0 0 0 0 -1 p/3-16rin9.dat
1 16 50 -20 0 0 -1 0 -1 0 0 0 0 1 p/3-16rin9.dat
1 16 50 -20 20 0 -1 0 0 0 -1 1 0 0 p/1-4ring9.dat
1 16 32 -20 20 0 1 0 0 0 -2 2 0 0 p/2-4ring4.dat
1 16 32 -20 0 0 1 0 0 0 -2 2 0 0 p/1-4ring4.dat
1 16 32 -20 20 0 1 0 0 0 2 2 0 0 p/4-4ring3.dat
1 16 32 -20 0 0 1 0 -2 0 0 0 0 2 p/2-4ring3.dat
4 16 50 -20 29 50 -11 29 50 -10 30 50 -20 30
4 16 50 -10 0 50 -10 30 50 -11 29 50 -11 0
4 16 50 -20 9 50 -11 9 50 -11 11 50 -20 11
4 16 50 -23.4443 8.3151 50 -20 9 50 -20 11 50 -23.4443 11.6849
4 16 50 -23.827 9.239 50 -23.4443 8.3151 50 -23.4443 11.6849 50 -23.827 10.761
1 16 35 -23.8269 10 3 0 0 0.0001 1 0 -0.00015 0 0.761 p/rect1.dat
1 16 46 -23.8269 10 0 0 -4 0 1 0.0001 0.761 0 -0.00015 p/rect2p.dat
1 16 31 -23.827 10 0 0 -1 0 1 0 2 0 0 p/rect3.dat
4 16 30 -23.827 12 30 -12 12 30 -12 8 30 -23.827 8
1 16 31 -21.9135 8 0 0 -1 -1.9135 0 0 0 1 0 p/rect2p.dat
1 16 31 -21.9135 12 0 0 -1 1.9135 0 0 0 -1 0 p/rect2p.dat
4 16 30 -16.9384 27.3912 30 -16.9384 30 30 -10 30 30 -12 28
4 16 50 -10 30 30 -10 30 30 -16.9384 30 32 -16.9384 30
4 16 32 -16.9384 30 32 -20 30 50 -20 30 50 -10 30
1 16 31 -16.9384 28.6956 0 0 -1 0 1 0 1.3044 0 0 p/rect.dat
4 16 32 -20 28 32 -20 30 32 -16.9384 30 32 -16.9384 27.3912
4 16 42 -29.2388 3.8268 42 -23.8268 9.2389 42 -23.8268 10.7609 42 -29.2388 16.1732
4 16 38 -29.2388 16.1732 38 -23.8268 10.7609 38 -23.8268 9.2389 38 -29.2388 3.8268
1 16 38 -20 0 0 1 0 -9.2388 0 3.82683 3.82683 0 9.2388 p/1-8edge.dat
1 16 42 -20 0 0 1 0 -9.2388 0 3.82683 3.82683 0 9.2388 p/1-8edge.dat
1 16 42 -20 20 0 -1 0 -9.2388 0 3.82683 -3.82683 0 -9.2388 p/1-8edge.dat
1 16 38 -20 20 0 -1 0 -9.2388 0 3.82683 -3.82683 0 -9.2388 p/1-8edge.dat
1 16 40 -29.2388 10 -2 0 0 0 1 0 0 0 -6.1732 p/rect.dat
1 16 34 -20 20 0 -1 0 10 0 0 0 0 -10 p/1-8ndis.dat
1 16 46 -20 0 0 1 0 0 0 10 10 0 0 p/1-4ndis.dat
1 16 46 -20 20 0 1 0 0 0 10 -10 0 0 p/1-4ndis.dat
3 16 46 -10 20 46 -12.2132 26 46 -10 26
1 16 46 -8 13 0 1 0 2 0 0 0 0 -13 p/rect1.dat
3 16 34 -10 26 34 -12.2132 26 34 -10 20
1 16 40 -20 20 0 -1 0 0 0 -1 1 0 0 p/connhol3.dat
1 16 40 -9.1066 26 -6 0 0 0 0 3.1066 0 1 0 p/rect.dat
1 16 0 -6 0 67 0 0 0 -1 0 0 0 67 p/48/1-12chrd.dat
0 BFC INVERTNEXT
1 16 0 -6 0 67 0 0 0 16 0 0 0 67 p/48/1-12cylo.dat
0 BFC INVERTNEXT
1 16 0 -6 0 0 0 67 0 16 0 67 0 0 p/48/1-12cylo.dat
1 16 0 -6 0 0 0 67 0 -1 0 67 0 0 p/48/1-12chrd.dat
1 16 0 -6 0 0 0 37 0 16 0 37 0 0 p/48/1-4cyli.dat
1 16 0 10 0 0 0 37 0 1 0 37 0 0 p/48/1-4edge.dat
0 BFC INVERTNEXT
1 16 0 -10 0 0 0 32.375 0 20 0 32.375 0 0 p/48/3-16cylo.dat
1 16 0 -10 0 29.9106 0 -12.3894 0 1 0 12.3894 0 29.9106 p/48/3-16ndis.dat
4 16 30 10 12.124 30 10 0 30 -12 0 30 -10 12.124
3 16 32.375 10 0 30 10 0 30 10 12.124
1 16 0 10 0 0 0 4.625 0 -1 0 4.625 0 0 p/48/1-4ring7.dat
1 16 0 -6 0 0 0 37 0 1 0 37 0 0 p/48/1-6edge.dat
1 16 0 -6 0 32.0429 0 -18.5 0 -1 0 18.5 0 32.0429 p/48/1-6ndis.dat
1 16 46 -20 0 0 1 0 0 0 10 10 0 0 p/1-4edge.dat
1 16 0 -6 0 49.1879 0 -37.7432 0 1 0 37.7432 0 49.1879 p/48/1-24edge.dat
1 16 0 -6 0 49.1879 0 -37.7432 0 -1 0 37.7432 0 49.1879 p/48/1-24chrd.dat
0 BFC INVERTNEXT
1 16 0 4 0 40.787 0 53.1547 0 6 0 53.1547 0 -40.787 p/48/1-24cylo.dat
4 16 33.5 10 58.022 40.787 10 53.1547 40.787 4 53.1547 38.6242 4 54.6067
4 16 38.6242 -6 54.6067 33.5 -6 58.022 33.5 10 58.022 38.6242 4 54.6067
4 16 54.6067 4 38.6242 53.1547 4 40.787 53.1526 10 40.7865 58.022 10 33.5
4 16 54.6067 4 38.6242 58.022 10 33.5 58.022 -6 33.5 54.6067 -6 38.6242
1 16 0 4 0 53.1547 0 -40.787 0 -1 0 40.787 0 53.1547 p/48/1-24edge.dat
0 BFC INVERTNEXT
1 16 0 4 0 2.12619 0 -1.63148 0 -6 0 1.63148 0 2.12619 p/48/1-24con24.dat
1 16 0 -2 0 51.0285 0 -39.1555 0 -1 0 39.1555 0 51.0285 p/48/1-24edge.dat
1 16 0 -2 0 52.7881 0 -40.5057 0 -1 0 40.5057 0 52.7881 p/48/1-24edge.dat
1 16 0 -2 0 1.75961 0 -1.35019 0 1 0 1.35019 0 1.75961 p/48/1-24ring29.dat
3 16 53.0168 -6 37.4997 49.1879 -6 37.7432 51.0441 -10 36.1044
4 16 54.6067 -6 38.6242 53.0168 -6 37.4997 51.0441 -10 36.1044 53.8515 -10 38.0901
4 16 56.2993 -7.4 39.8214 54.6067 -6 38.6242 53.8515 -10 38.0901 55.6466 -9.1 39.3597
4 16 54.6067 4 38.6242 54.6067 -6 38.6242 56.2993 -7.4 39.8214 56.2993 4 39.8214
4 16 53.1547 4 40.787 54.6067 4 38.6242 56.2993 4 39.8214 55.821 4 40.5582
4 16 47.3729 4 47.3749 53.1547 4 40.787 55.821 4 40.5582 51.2739 4 46.1679
4 16 40.787 4 53.1547 47.3729 4 47.3749 51.2739 4 46.1679 46.1679 4 51.2739
4 16 38.6242 4 54.6067 40.787 4 53.1547 46.1679 4 51.2739 40.5582 4 55.821
3 16 39.8214 4 56.2993 38.6242 4 54.6067 40.5582 4 55.821
4 16 39.8214 -7.4 56.2993 38.6242 -6 54.6067 38.6242 4 54.6067 39.8214 4 56.2993
4 16 38.0901 -10 53.8515 38.6242 -6 54.6067 39.8214 -7.4 56.2993 39.3597 -9.1 55.6466
4 16 36.1044 -10 51.0441 37.4997 -6 53.0168 38.6242 -6 54.6067 38.0901 -10 53.8515
3 16 37.7427 -6 49.186 37.4997 -6 53.0168 36.1044 -10 51.0441
4 16 56.2993 -5 39.8214 55.821 -5 40.5582 55.821 4 40.5582 56.2993 4 39.8214
4 16 51.2739 -5 46.1679 46.1679 -5 51.2739 46.1679 4 51.2739 51.2739 4 46.1679
4 16 40.5582 -5 55.821 39.8214 -5 56.2993 39.8214 4 56.2993 40.5582 4 55.821
4 16 52.7881 -2 40.5057 51.0286 -2 39.1555 53.1547 4 40.787 54.6842 1.4485 41.9607
4 16 40.787 4 53.1547 39.155 -2 51.0265 40.5052 -2 52.786 41.9609 1.45 54.684
3 16 0 -6 67 13.5429 -6 50.5429 0 -6 37
3 16 0 -10 32.375 17.5212 -10 42.3 -0.0001 -10 65.9997
3 16 30 -10 30 17.5212 -10 42.3 30 -10 12.124
3 16 33.5 -6 58.022 13.5429 -6 50.5429 0 -6 67
3 16 13.5429 -6 50.5429 34 -6 26 32.042 -6 18.5
3 16 54.6067 -6 38.6242 58.022 -6 33.5 53.0168 -6 37.4997
4 16 13.5429 -6 50.5429 33.5 -6 58.022 38.6242 -6 54.6067 37.4997 -6 53.0168
4 16 37.4997 -6 53.0168 37.7427 -6 49.186 34 -6 26 13.5429 -6 50.5429
4 16 46 -6 26 34 -6 26 37.7427 -6 49.186 49.1879 -6 37.7432
4 16 49.1879 -6 37.7432 53.0168 -6 37.4997 58.022 -6 33.5 46 -6 26
4 16 46 -6 26 58.022 -6 33.5 67 -6 0 46 -6 0
4 16 50 -10 0 65.9996 -10 -0.0001 57.1549 -10 32.9973 50 -10 30
4 16 50 -10 30 51.0441 -10 36.1044 47.2202 -10 36.2335 30 -10 30
4 16 30 -10 30 47.2202 -10 36.2335 36.2328 -10 47.2186 17.5212 -10 42.3
4 16 17.5212 -10 42.3 36.2328 -10 47.2186 36.1044 -10 51.0441 -0.0001 -10 65.9997
4 16 -0.0001 -10 65.9997 36.1044 -10 51.0441 38.0901 -10 53.8515 32.9973 -10 57.1549
4 16 57.1549 -10 32.9973 53.8515 -10 38.0901 51.0441 -10 36.1044 50 -10 30
4 16 39.8214 -5 56.2993 34.5 -5 59.754 34.4998 -7.4 59.7542 39.8214 -7.4 56.2993
4 16 39.8214 -7.4 56.2993 34.4998 -7.4 59.7542 34.0998 -9.1 59.0614 39.3597 -9.1 55.6466
4 16 39.3597 -9.1 55.6466 34.0998 -9.1 59.0614 32.9973 -10 57.1549 38.0901 -10 53.8515
4 16 28.0623 -5 63.0315 28.0626 -7.4 63.0314 34.4998 -7.4 59.7542 34.5 -5 59.754
4 16 28.0626 -7.4 63.0314 27.7373 -9.1 62.3006 34.0998 -9.1 59.0614 34.4998 -7.4 59.7542
4 16 27.7373 -9.1 62.3006 26.8422 -10 60.291 32.9973 -10 57.1549 34.0998 -9.1 59.0614
4 16 21.321 -5 65.6259 21.321 -7.4 65.6259 28.0626 -7.4 63.0314 28.0623 -5 63.0315
4 16 21.321 -7.4 65.6259 21.0738 -9.1 64.865 27.7373 -9.1 62.3006 28.0626 -7.4 63.0314
4 16 21.0738 -9.1 64.865 20.394 -10 62.7726 26.8422 -10 60.291 27.7373 -9.1 62.3006
4 16 14.3451 -5 67.4889 14.3448 -7.4 67.489 21.321 -7.4 65.6259 21.321 -5 65.6259
4 16 14.3448 -7.4 67.489 14.1784 -9.1 66.7066 21.0738 -9.1 64.865 21.321 -7.4 65.6259
4 16 14.1784 -9.1 66.7066 13.7214 -10 64.5546 20.394 -10 62.7726 21.0738 -9.1 64.865
4 16 7.2113 -5 68.6196 7.2112 -7.4 68.6196 14.3448 -7.4 67.489 14.3451 -5 67.4889
4 16 7.2112 -7.4 68.6196 7.1276 -9.1 67.8241 14.1784 -9.1 66.7066 14.3448 -7.4 67.489
4 16 7.1276 -9.1 67.8241 6.8975 -10 65.6364 13.7214 -10 64.5546 14.1784 -9.1 66.7066
4 16 -0.0012 -5 68.9983 -0.0006 -7.4 68.9983 7.2112 -7.4 68.6196 7.2113 -5 68.6196
4 16 -0.0006 -7.4 68.9983 -0.0008 -9.1 68.1983 7.1276 -9.1 67.8241 7.2112 -7.4 68.6196
4 16 -0.0008 -9.1 68.1983 -0.0001 -10 65.9997 6.8975 -10 65.6364 7.1276 -9.1 67.8241
4 16 -0.0001 -10 65.9997 32.9973 -10 57.1549 26.8422 -10 60.291 20.394 -10 62.7726
4 16 6.8975 -10 65.6364 -0.0001 -10 65.9997 20.394 -10 62.7726 13.7214 -10 64.5546
4 16 56.2993 -7.4 39.8214 59.7542 -7.4 34.4998 59.754 -5 34.5 56.2993 -5 39.8214
4 16 55.6466 -9.1 39.3597 59.0614 -9.1 34.0998 59.7542 -7.4 34.4998 56.2993 -7.4 39.8214
4 16 53.8515 -10 38.0901 57.1549 -10 32.9973 59.0614 -9.1 34.0998 55.6466 -9.1 39.3597
4 16 59.754 -5 34.5 59.7542 -7.4 34.4998 63.0314 -7.4 28.0626 63.0315 -5 28.0623
4 16 59.7542 -7.4 34.4998 59.0614 -9.1 34.0998 62.3006 -9.1 27.7373 63.0314 -7.4 28.0626
4 16 59.0614 -9.1 34.0998 57.1549 -10 32.9973 60.291 -10 26.8422 62.3006 -9.1 27.7373
4 16 63.0315 -5 28.0623 63.0314 -7.4 28.0626 65.6259 -7.4 21.321 65.6259 -5 21.321
4 16 63.0314 -7.4 28.0626 62.3006 -9.1 27.7373 64.865 -9.1 21.0738 65.6259 -7.4 21.321
4 16 62.3006 -9.1 27.7373 60.291 -10 26.8422 62.7726 -10 20.394 64.865 -9.1 21.0738
4 16 65.6259 -5 21.321 65.6259 -7.4 21.321 67.489 -7.4 14.3448 67.4889 -5 14.3451
4 16 65.6259 -7.4 21.321 64.865 -9.1 21.0738 66.7066 -9.1 14.1784 67.489 -7.4 14.3448
4 16 64.865 -9.1 21.0738 62.7726 -10 20.394 64.5546 -10 13.7214 66.7066 -9.1 14.1784
4 16 67.4889 -5 14.3451 67.489 -7.4 14.3448 68.6196 -7.4 7.2112 68.6196 -5 7.2113
4 16 67.489 -7.4 14.3448 66.7066 -9.1 14.1784 67.8241 -9.1 7.1276 68.6196 -7.4 7.2112
4 16 66.7066 -9.1 14.1784 64.5546 -10 13.7214 65.6364 -10 6.8975 67.8241 -9.1 7.1276
4 16 68.6196 -5 7.2113 68.6196 -7.4 7.2112 68.9983 -7.4 -0.0004 68.9983 -5 0
4 16 68.6196 -7.4 7.2112 67.8241 -9.1 7.1276 68.1983 -9.1 -0.0004 68.9983 -7.4 -0.0004
4 16 67.8241 -9.1 7.1276 65.6364 -10 6.8975 65.9996 -10 -0.0001 68.1983 -9.1 -0.0004
4 16 62.7726 -10 20.394 60.291 -10 26.8422 57.1549 -10 32.9973 65.9996 -10 -0.0001
4 16 64.5546 -10 13.7214 62.7726 -10 20.394 65.9996 -10 -0.0001 65.6364 -10 6.8975
3 16 32.042 -6 18.5 34 -6 26 34 -6 14.5333
1 16 34 -8 20.2666 0 -1 0 2 0 0 0 0 5.73335 p/rect1.dat
3 16 35.5 -20 10 36.6818 -12.4 4.8285 35.7383 -12.4 9.5756
3 16 35.5 -20 10 35.7383 -12.4 9.5756 34.1843 -12.4 14.1599
1 16 0 -12.4 0 37 0 0 0 6.4 0 0 0 37 p/48/1-12cyli.dat
1 16 35 -20 0 0 11 0 0 0 10 10 0 0 p/1-4cyli.dat
1 16 34 -20 20 0 12 0 0 0 10 -10 0 0 p/3-8cylo.dat
4 16 30 -12 28 30 -10 30 30 -10 12.124 30 -12 0
4 16 30 -10 12.124 29.9106 -10 12.3894 29.9113 10 12.3899 30 10 12.124
4 16 30 10 12.124 31.271 10 8.3787 32.0966 10 4.2249 32.375 10 0
1 16 0 -6 0 1.96751 0 -1.50973 0 -4 0 1.50973 0 1.96751 p/48/1-24con24.dat
3 16 51.0441 -10 36.1044 49.1879 -6 37.7432 47.2202 -10 36.2335
3 16 36.2328 -10 47.2186 37.7427 -6 49.186 36.1044 -10 51.0441
1 16 0 -10 0 47.2202 0 -36.2335 0 1 0 36.2335 0 47.2202 p/48/1-24chrd.dat
1 16 0 -10 0 47.2202 0 -36.2335 0 1 0 36.2335 0 47.2202 p/48/1-24edge.dat
4 16 55.821 -5 40.5582 51.2739 -5 46.1679 51.2739 4 46.1679 55.821 4 40.5582
4 16 46.1679 -5 51.2739 40.5582 -5 55.821 40.5582 4 55.821 46.1679 4 51.2739
3 16 41.9609 1.45 54.684 41.9606 4 54.6842 40.787 4 53.1547
3 16 53.1547 4 40.787 54.6842 4 41.9606 54.6842 1.4485 41.9607
1 16 0 2 0 2.1995 0 -1.68774 0 -4 0 1.68774 0 2.1995 p/48/1-24con24.dat
