0 BFC CERTIFY CCW
4 16 -36.418 25 -158.424 -36.326 27.7342 -166 -36.25 30 -166 -36.25 30 -30
3 16 -36.25 30 -30 -36.418 25 -30 -36.418 25 -158.424
4 16 -40 30 -30 -36.25 30 -30 -36.25 30 -166 -40 30 -170
3 16 -27.2309 6 -10 -27.2309 5.9773 -13.741 -36.418 25 -30
4 16 -17.462 -14.25 -49.137 -36.418 25 -158.424 -36.418 25 -30 -24.1993 -0.2999 -13.759
3 16 -36.418 25 -30 -27.2309 5.9773 -13.741 -24.1993 -0.2999 -13.759
3 16 -24.1993 -0.2999 -13.759 -17.462 -14.25 -31.321 -17.462 -14.25 -49.137
4 16 -36.418 25 -30 -36.25 30 -30 -40 30 -30 -40 25 -30
1 16 -40 27.5 -100 0 1 0 2.5 0 0 0 0 -70 p/rect.dat
4 16 -31.1346 6 -10 -27.2309 6 -10 -36.418 25 -30 -40 25 -30
3 16 -31.1346 6 -10 -27.425 -2 -10 -27.2309 6 -10
3 16 31.1346 6 -10 27.2309 6 -10 27.425 -2 -10
4 16 36.418 25 -158.424 36.25 30 -30 36.25 30 -166 36.326 27.7342 -166
3 16 36.418 25 -158.424 36.418 25 -30 36.25 30 -30
4 16 -36.25 30 -166 36.25 30 -166 40 30 -170 -40 30 -170
1 16 0 27.5 -170 0 0 40 2.5 0 0 0 1 0 p/rect3.dat
4 16 40 30 -30 40 30 -170 36.25 30 -166 36.25 30 -30
3 16 27.2309 6 -10 36.418 25 -30 27.2309 5.9773 -13.741
4 16 36.418 25 -30 36.418 25 -158.424 17.462 -14.25 -49.137 27.2309 5.9773 -13.741
4 16 24.1993 -0.2999 -13.759 27.2309 5.9773 -13.741 17.462 -14.25 -49.137 17.462 -14.25 -31.321
4 16 36.418 25 -30 40 25 -30 40 30 -30 36.25 30 -30
1 16 40 27.5 -100 0 -1 0 2.5 0 0 0 0 70 p/rect3.dat
1 16 0 -14.25 -40.229 -17.462 0 0 0 -1 0 0 0 8.908 p/rect.dat
4 16 31.1346 6 -10 40 25 -30 36.418 25 -30 27.2309 6 -10
1 16 0 -18 -40 -20 0 0 0 1 0 0 0 -10 p/rect.dat
4 16 17.462 -14.25 -31.321 -17.462 -14.25 -31.321 -24.1993 -0.2999 -13.759 24.1993 -0.2999 -13.759
4 16 27.425 -2 -10 -27.425 -2 -10 -20 -18 -30 20 -18 -30
4 16 24.1993 -0.2999 -13.759 -24.1993 -0.2999 -13.759 -27.2309 5.9773 -13.741 27.2309 5.9773 -13.741
1 16 0 -18 -40 0 0 1 0 1 0 -1 0 0 p/stug2-2x1.dat
1 16 -20 0 0 0 -1 0 6 0 0 0 0 6 p/2-4edge.dat
1 16 -20 0 0 0 -1 0 -6 0 0 0 0 -6 p/3-16edge.dat
1 16 -14 0 0 0 -1 0 6 0 0 0 0 6 p/2-4edge.dat
1 16 -14 0 0 0 -1 0 -6 0 0 0 0 -6 p/3-16edge.dat
1 16 -20 0 0 0 1 0 6 0 0 0 0 6 p/2-4chrd.dat
1 16 -20 0 0 0 1 0 -6 0 0 0 0 -6 p/3-16chrd.dat
1 16 -14 0 0 0 -1 0 4 0 0 0 0 -4 p/1-4ndis.dat
1 16 -14 0 0 0 -1 0 2 0 0 0 0 2 p/2-4ring2.dat
1 16 -14 0 0 0 -1 0 -2 0 0 0 0 -2 p/3-16rin2.dat
1 16 -20 0 0 0 6 0 6 0 0 0 0 6 p/2-4cyli.dat
1 16 -20 0 0 0 6 0 -6 0 0 0 0 -6 p/3-16cyli.dat
1 16 -17 -2.149 -5.5733 -3 0 0 0 0 0.149 0 1 -0.0293 p/rect3.dat
1 16 -14 0 0 0 28 0 4 0 0 0 0 -4 p/4-4cylo.dat
1 16 -17 6 -5 0 0 3 0 -1 0 5 0 0 p/rect2p.dat
4 16 -14 -2.2962 -5.5434 -14 -2 -5.6026 -14 0 -4 -14 -1.5308 -3.6956
3 16 -14 0 -4 -14 -2 -5.6026 -14 -2 -10
4 16 -14 -2 -10 -14 6 -10 -14 4 -4 -14 0 -4
4 16 -14 4 -4 -14 6 -10 -14 6 0 -14 4 0
4 16 -20 6 0 -20 6 -10 -20 -2 -10 -20 -2 -5.6026
4 16 -20 -2.2962 -5.5434 -20 -6 0 -20 6 0 -20 -2 -5.6026
1 16 -17 -2 -7.8013 0 0 -3 0 1 0 2.1987 0 0 p/rect2p.dat
1 16 20 0 0 0 -1 0 6 0 0 0 0 6 p/2-4edge.dat
1 16 20 0 0 0 -1 0 -6 0 0 0 0 -6 p/3-16edge.dat
1 16 14 0 0 0 -1 0 6 0 0 0 0 6 p/2-4edge.dat
1 16 14 0 0 0 1 0 -6 0 0 0 0 -6 p/3-16edge.dat
1 16 20 0 0 0 -1 0 6 0 0 0 0 6 p/2-4chrd.dat
1 16 20 0 0 0 -1 0 -6 0 0 0 0 -6 p/3-16chrd.dat
1 16 14 0 0 0 1 0 4 0 0 0 0 -4 p/1-4ndis.dat
1 16 14 0 0 0 1 0 2 0 0 0 0 2 p/2-4ring2.dat
1 16 14 0 0 0 1 0 -2 0 0 0 0 -2 p/3-16rin2.dat
1 16 20 0 0 0 -6 0 6 0 0 0 0 6 p/2-4cyli.dat
1 16 20 0 0 0 -6 0 -6 0 0 0 0 -6 p/3-16cyli.dat
1 16 17 -2.149 -5.5733 0 0 -3 -0.149 0 0 0.0293 1 0 p/rect2p.dat
1 16 17 6 -5 0 0 -3 0 -1 0 -5 0 0 p/rect2p.dat
4 16 14 0 -4 14 -2 -5.6026 14 -2.2962 -5.5434 14 -1.5308 -3.6956
3 16 14 -2 -5.6026 14 0 -4 14 -2 -10
4 16 14 4 -4 14 6 -10 14 -2 -10 14 0 -4
4 16 14 6 0 14 6 -10 14 4 -4 14 4 0
4 16 20 -2 -10 20 6 -10 20 6 0 20 -2 -5.6026
4 16 20 6 0 20 -6 0 20 -2.2962 -5.5434 20 -2 -5.6026
1 16 17 -2 -7.8013 0 0 3 0 1 0 -2.1987 0 0 p/rect2p.dat
4 16 -27.2309 6 -10 -27.425 -2 -10 -20 -2 -10 -20 6 -10
1 16 0 2 -10 0 0 14 -4 0 0 0 -1 0 p/rect2p.dat
4 16 27.425 -2 -10 27.2309 6 -10 20 6 -10 20 -2 -10
1 16 10 25.5786 -160 6 0 0 0 -1 2.15556 0 0 -6 p/2-4ndis.dat
1 16 10 25.5786 -160 6 0 0 0 -1 2.15556 0 0 -6 p/2-4edge.dat
0 BFC INVERTNEXT
1 16 10 25.5786 -160 0 0 6 0 2.15556 0 6 0 0 p/1-4cyls2.dat
0 BFC INVERTNEXT
1 16 10 25.5786 -160 0 0 -6 0 2.15556 0 6 0 0 p/1-4cyls2.dat
1 16 10 25.5786 -160 6 0 0 0 -1 0 0 0 -6 p/2-4edge.dat
1 16 30 25.5786 -160 6 0 0 0 -1 0 0 0 -6 p/2-4chrd.dat
1 16 30 25.5786 -160 6 0 0 0 -1 2.15556 0 0 -6 p/2-4ndis.dat
1 16 30 25.5786 -160 6 0 0 0 -1 2.15556 0 0 -6 p/2-4edge.dat
0 BFC INVERTNEXT
1 16 30 25.5786 -160 0 0 6 0 2.15556 0 6 0 0 p/1-4cyls2.dat
0 BFC INVERTNEXT
1 16 30 25.5786 -160 0 0 -6 0 2.15556 0 6 0 0 p/1-4cyls2.dat
1 16 30 25.5786 -160 6 0 0 0 -1 0 0 0 -6 p/2-4edge.dat
1 16 10 25.5786 -160 6 0 0 0 -1 0 0 0 -6 p/2-4chrd.dat
1 16 -10 25.5786 -160 6 0 0 0 -1 2.15556 0 0 -6 p/2-4ndis.dat
1 16 -10 25.5786 -160 6 0 0 0 -1 2.15556 0 0 -6 p/2-4edge.dat
0 BFC INVERTNEXT
1 16 -10 25.5786 -160 0 0 6 0 2.15556 0 6 0 0 p/1-4cyls2.dat
0 BFC INVERTNEXT
1 16 -10 25.5786 -160 0 0 -6 0 2.15556 0 6 0 0 p/1-4cyls2.dat
1 16 -10 25.5786 -160 6 0 0 0 -1 0 0 0 -6 p/2-4edge.dat
1 16 -10 25.5786 -160 6 0 0 0 -1 0 0 0 -6 p/2-4chrd.dat
4 16 36.25 30 -166 -36.25 30 -166 -36.326 27.7342 -166 36.326 27.7342 -166
1 16 -30 25.5786 -160 6 0 0 0 -1 2.15556 0 0 -6 p/2-4ndis.dat
1 16 -30 25.5786 -160 6 0 0 0 -1 2.15556 0 0 -6 p/2-4edge.dat
0 BFC INVERTNEXT
1 16 -30 25.5786 -160 0 0 6 0 2.15556 0 6 0 0 p/1-4cyls2.dat
0 BFC INVERTNEXT
1 16 -30 25.5786 -160 0 0 -6 0 2.15556 0 6 0 0 p/1-4cyls2.dat
1 16 -30 25.5786 -160 6 0 0 0 -1 0 0 0 -6 p/2-4edge.dat
1 16 -30 25.5786 -160 6 0 0 0 -1 0 0 0 -6 p/2-4chrd.dat
4 16 36.326 27.7342 -166 36 27.7342 -166 36 25.5786 -160 36.418 25 -158.424
4 16 16 25.5786 -160 24 25.5786 -160 24 27.7342 -166 16 27.7342 -166
4 16 -4 25.5786 -160 4 25.5786 -160 4 27.7342 -166 -4 27.7342 -166
4 16 -16 25.5786 -160 -16 27.7342 -166 -24 27.7342 -166 -24 25.5786 -160
4 16 -36 27.7342 -166 -36.326 27.7342 -166 -36.418 25 -158.424 -36 25.5786 -160
3 16 -36.418 25 -158.424 -24 25.5786 -160 -36 25.5786 -160
3 16 -24 25.5786 -160 -36.418 25 -158.424 -16 25.5786 -160
3 16 -16 25.5786 -160 -36.418 25 -158.424 -4 25.5786 -160
4 16 4 25.5786 -160 -4 25.5786 -160 -36.418 25 -158.424 36.418 25 -158.424
3 16 36.418 25 -158.424 36 25.5786 -160 24 25.5786 -160
3 16 36.418 25 -158.424 24 25.5786 -160 16 25.5786 -160
3 16 36.418 25 -158.424 16 25.5786 -160 4 25.5786 -160
4 16 -17.462 -14.25 -49.137 17.462 -14.25 -49.137 36.418 25 -158.424 -36.418 25 -158.424
3 16 27.2309 6 -10 27.2309 5.9773 -13.741 20 6 -10
3 16 20 6 -10 27.2309 5.9773 -13.741 14 6 -10
3 16 -27.2309 5.9773 -13.741 -20 6 -10 -14 6 -10
3 16 -27.2309 5.9773 -13.741 -27.2309 6 -10 -20 6 -10
4 16 -27.2309 5.9773 -13.741 -14 6 -10 14 6 -10 27.2309 5.9773 -13.741
