0 BFC CERTIFY CCW
1 16 0 0 -10 0 0 -1 -1 0 0 0 1 0 p/axl5ho10.dat
1 16 0 0 -10 0 0 -1 -1 0 0 0 1 0 p/axl5hol9.dat
1 16 0 0 -10 0 0 -1 -1 0 0 0 1 0 p/axlehol2.dat
4 16 0 -6 10 0 -6 -10 -2 -5.6023 -10 -2 -5.6023 10
4 16 0 6 10 -2 5.6023 10 -2 5.6023 -10 0 6 -10
4 16 0 -6 10 2 -5.6023 10 2 -5.6023 -10 0 -6 -10
4 16 0 6 10 0 6 -10 2 5.6023 -10 2 5.6023 10
1 16 0 0 10 0 0 -1 -1 0 0 0 1 0 p/axl5hol9.dat
1 16 0 0 10 0 0 -1 -1 0 0 0 1 0 p/axlehol2.dat
1 16 0 0 10 0 0 -1 -1 0 0 0 1 0 p/axl5end.dat
4 16 4 -2 10 5.6023 -2 10 5.6023 -2 -10 4 -2 -10
4 16 2.5 -2.5 10 4 -2 10 4 -2 -10 2.5 -2.5 -10
4 16 2.5 -2.5 10 2.5 -2.5 -10 2 -4 -10 2 -4 10
4 16 2 -5.6023 10 2 -4 10 2 -4 -10 2 -5.6023 -10
4 16 2 4 10 2 5.6023 10 2 5.6023 -10 2 4 -10
4 16 2.5 2.5 10 2 4 10 2 4 -10 2.5 2.5 -10
4 16 2.5 2.5 10 2.5 2.5 -10 4 2 -10 4 2 10
4 16 5.6023 2 10 4 2 10 4 2 -10 5.6023 2 -10
4 16 -4 2 10 -5.6023 2 10 -5.6023 2 -10 -4 2 -10
4 16 -2.5 2.5 10 -4 2 10 -4 2 -10 -2.5 2.5 -10
4 16 -2.5 2.5 10 -2.5 2.5 -10 -2 4 -10 -2 4 10
4 16 -2 5.6023 10 -2 4 10 -2 4 -10 -2 5.6023 -10
4 16 -2 -4 10 -2 -5.6023 10 -2 -5.6023 -10 -2 -4 -10
4 16 -2.5 -2.5 10 -2 -4 10 -2 -4 -10 -2.5 -2.5 -10
4 16 -2.5 -2.5 10 -2.5 -2.5 -10 -4 -2 -10 -4 -2 10
4 16 -5.6023 -2 10 -4 -2 10 -4 -2 -10 -5.6023 -2 -10
1 16 0 0 -6.5 7.75 0 0 0 0 7.75 0 1 0 p/4-4edge.dat
1 16 0 0 -10 0 0 3 3 0 0 0 1 0 p/4-4ring2.dat
1 16 0 0 -10 0 0 9 9 0 0 0 1 0 p/4-4edge.dat
1 16 0 0 -6.5 0 0 9 9 0 0 0 1 0 p/4-4edge.dat
1 16 0 0 -10 0 0 9 9 0 0 0 3.5 0 p/4-4cyli.dat
1 16 0 0 -6.5 .25 0 0 0 0 -.25 0 -1 0 p/4-4rin31.dat
1 16 0 0 -6.5 1 0 0 0 0 -1 0 -1 0 p/4-4ring8.dat
4 16 -5.6023 -2 -10 -6 0 -10 -6 0 -6 -5.801 -1 -6
4 16 -6 0 10 -5.6023 -2 10 -5.801 -1 7 -6 0 7
4 16 -6 0 -10 -5.6023 2 -10 -5.801 1 -6 -6 0 -6
4 16 -5.6023 2 10 -6 0 10 -6 0 7 -5.801 1 7
4 16 6 0 -10 5.6023 -2 -10 5.801 -1 -6 6 0 -6
4 16 5.6023 -2 10 6 0 10 6 0 7 5.801 -1 7
4 16 5.6023 2 -10 6 0 -10 6 0 -6 5.801 1 -6
4 16 6 0 10 5.6023 2 10 5.801 1 7 6 0 7
4 16 -5.6023 -2 -10 -5.801 -1 -6 -5.801 -1 7 -5.6023 -2 10
4 16 -5.6023 2 10 -5.801 1 7 -5.801 1 -6 -5.6023 2 -10
4 16 5.6023 -2 10 5.801 -1 7 5.801 -1 -6 5.6023 -2 -10
4 16 5.6023 2 -10 5.801 1 -6 5.801 1 7 5.6023 2 10
0 BFC INVERTNEXT
1 16 6 0 6 0 1.75 -.199 0 0 -1 1 0 0 p/1-4cylo.dat
1 16 7.75 0 6 0 -1 -.199 0 0 -1 1 0 0 p/1-4ndis.dat
1 16 6 0 6 0 1 -.199 0 0 -1 1 0 0 p/1-4ndis.dat
0 BFC INVERTNEXT
1 16 6 0 6 0 1.75 -.199 0 0 1 1 0 0 p/1-4cylo.dat
1 16 6 0 6 0 1 -.199 0 0 1 1 0 0 p/1-4ndis.dat
1 16 7.75 0 6 0 -1 -.199 0 0 1 1 0 0 p/1-4ndis.dat
0 BFC INVERTNEXT
1 16 6 0 -5 0 1.75 -.199 0 0 -1 -1 0 0 p/1-4cylo.dat
1 16 7.75 0 -5 0 -1 -.199 0 0 -1 -1 0 0 p/1-4ndis.dat
1 16 6 0 -5 0 1 -.199 0 0 -1 -1 0 0 p/1-4ndis.dat
0 BFC INVERTNEXT
1 16 6 0 -5 0 1.75 -.199 0 0 1 -1 0 0 p/1-4cylo.dat
1 16 7.75 0 -5 0 -1 -.199 0 0 1 -1 0 0 p/1-4ndis.dat
1 16 6 0 -5 0 1 -.199 0 0 1 -1 0 0 p/1-4ndis.dat
1 16 6.676 -1 .5 0 0 -.875 0 -1 0 -5.5 0 0 p/rect2p.dat
1 16 6.676 1 .5 0 0 -.875 0 1 0 5.5 0 0 p/rect2p.dat
1 16 0 0 -6.5 0 0 7.75 7.75 0 0 0 17.5 0 p/3-16cyli.dat
1 16 0 0 -6.5 0 0 7.75 -7.75 0 0 0 17.5 0 p/3-16cyli.dat
4 16 7.75 0 11 7.160225 -2.965925 11 7.551 -1 7 7.75 0 7
3 16 7.551 -1 7 7.160225 -2.965925 11 7.551 -1 6
4 16 7.551 -1 -5 7.551 -1 6 7.160225 -2.965925 11 7.160225 -2.965925 -6.5
3 16 7.551 -1 -5 7.160225 -2.965925 -6.5 7.551 -1 -6
4 16 7.75 0 -6.5 7.75 0 -6 7.551 -1 -6 7.160225 -2.965925 -6.5
4 16 7.551 1 7 7.160225 2.965925 11 7.75 0 11 7.75 0 7
3 16 7.160225 2.965925 11 7.551 1 7 7.551 1 6
4 16 7.160225 2.965925 11 7.551 1 6 7.551 1 -5 7.160225 2.965925 -6.5
3 16 7.160225 2.965925 -6.5 7.551 1 -5 7.551 1 -6
4 16 7.551 1 -6 7.75 0 -6 7.75 0 -6.5 7.160225 2.965925 -6.5
0 BFC INVERTNEXT
1 16 -6 0 6 0 -1.75 .199 0 0 -1 1 0 0 p/1-4cylo.dat
1 16 -7.75 0 6 0 1 .199 0 0 -1 1 0 0 p/1-4ndis.dat
1 16 -6 0 6 0 -1 .199 0 0 -1 1 0 0 p/1-4ndis.dat
0 BFC INVERTNEXT
1 16 -6 0 6 0 -1.75 .199 0 0 1 1 0 0 p/1-4cylo.dat
1 16 -6 0 6 0 -1 .199 0 0 1 1 0 0 p/1-4ndis.dat
1 16 -7.75 0 6 0 1 .199 0 0 1 1 0 0 p/1-4ndis.dat
0 BFC INVERTNEXT
1 16 -6 0 -5 0 -1.75 .199 0 0 -1 -1 0 0 p/1-4cylo.dat
1 16 -7.75 0 -5 0 1 .199 0 0 -1 -1 0 0 p/1-4ndis.dat
1 16 -6 0 -5 0 -1 .199 0 0 -1 -1 0 0 p/1-4ndis.dat
0 BFC INVERTNEXT
1 16 -6 0 -5 0 -1.75 .199 0 0 1 -1 0 0 p/1-4cylo.dat
1 16 -7.75 0 -5 0 1 .199 0 0 1 -1 0 0 p/1-4ndis.dat
1 16 -6 0 -5 0 -1 .199 0 0 1 -1 0 0 p/1-4ndis.dat
1 16 -6.676 -1 .5 0 0 .875 0 -1 0 -5.5 0 0 p/rect2p.dat
1 16 -6.676 1 .5 0 0 .875 0 1 0 5.5 0 0 p/rect2p.dat
1 16 0 0 -6.5 0 0 -7.75 7.75 0 0 0 17.5 0 p/3-16cyli.dat
1 16 0 0 -6.5 0 0 -7.75 -7.75 0 0 0 17.5 0 p/3-16cyli.dat
4 16 -7.551 -1 7 -7.160225 -2.965925 11 -7.75 0 11 -7.75 0 7
3 16 -7.160225 -2.965925 11 -7.551 -1 7 -7.551 -1 6
4 16 -7.160225 -2.965925 11 -7.551 -1 6 -7.551 -1 -5 -7.160225 -2.965925 -6.5
3 16 -7.160225 -2.965925 -6.5 -7.551 -1 -5 -7.551 -1 -6
4 16 -7.551 -1 -6 -7.75 0 -6 -7.75 0 -6.5 -7.160225 -2.965925 -6.5
4 16 -7.75 0 11 -7.160225 2.965925 11 -7.551 1 7 -7.75 0 7
3 16 -7.551 1 7 -7.160225 2.965925 11 -7.551 1 6
4 16 -7.551 1 -5 -7.551 1 6 -7.160225 2.965925 11 -7.160225 2.965925 -6.5
3 16 -7.551 1 -5 -7.160225 2.965925 -6.5 -7.551 1 -6
4 16 -7.75 0 -6.5 -7.75 0 -6 -7.551 1 -6 -7.160225 2.965925 -6.5
1 16 0 0 11 7.75 0 0 0 0 7.75 0 -1 0 p/4-4disc.dat
1 16 0 0 272 6.5 0 0 0 0 6.5 0 1 0 p/4-4disc.dat
1 16 0 0 272 .5 0 0 0 0 .5 0 7 0 p/4-4con12.dat
1 16 0 0 279 1 0 0 0 0 1 0 5 0 p/4-4con5.dat
1 16 0 0 284 0 0 1 1 0 0 0 3 0 p/4-4con4.dat
1 16 0 0 287 0 0 2 2 0 0 0 2 0 p/4-4con1.dat
1 16 0 0 289 0 0 1 1 0 0 0 .5 0 p/4-4con1.dat
1 16 0 0 289.5 0 0 1 1 0 0 0 -1 0 p/4-4disc.dat
