0 BFC CERTIFY CCW
1 16 0 0 0 1 0 0 0 1 0 0 0 1 parts/s/22483s02.dat
1 16 0 0 0 -1 0 0 0 1 0 0 0 1 parts/s/22483s02.dat
1 16 0 2 16 6.66667 0 0 0 0 2 0 -1 0 p/rect.dat
3 16 6.6667 0 16 -6.6667 0 16 0 0 0
3 16 6.6667 4 16 0 4 4.4286 -6.6667 4 16
1 16 0 28 -40 1 0 0 0 -0.9 0 0 0 1 p/stud4.dat
1 16 0 28 -40 6 0 0 0 -1 0 0 0 6 p/4-4disc.dat
1 16 1.5 30 -49.6009 0 -1 0 0 0 -2 1.89914 0 0 p/rect.dat
1 16 -1.5 30 -49.6009 0 1 0 0 0 -2 1.89914 0 0 p/rect.dat
4 16 -1.5 32 -47.7017 0 32 -48 1.5 32 -51.5 -1.5 32 -51.5
3 16 0 32 -48 1.5 32 -47.7017 1.5 32 -51.5
3 16 -1.5 32 -51.5 1.5 32 -51.5 0 32 -60
4 16 0 32 -48 0 31.6 -48 1.5 31.6 -47.7017 1.5 32 -47.7017
4 16 0 31.6 -48 0 32 -48 -1.5 32 -47.7017 -1.5 31.6 -47.7017
