0 BFC CERTIFY CW
1 16 0 68 -40 0 0 -1 0 -1 0 1 0 0 p/stug3-1x3.dat
1 16 0 0 0 1 0 0 0 1 0 0 0 1 p/stug2-2x1.dat
0 BFC INVERTNEXT
1 16 0 72 -40 6 0 0 0 -4 0 0 0 36 p/box5.dat
4 16 -10 72 0 -6 72 -4 6 72 -4 10 72 0
4 16 -10 72 -80 -6 72 -76 -6 72 -4 -10 72 0
4 16 10 72 -80 6 72 -76 -6 72 -76 -10 72 -80
4 16 10 72 0 6 72 -4 6 72 -76 10 72 -80
1 16 0 72 -40 10 0 0 0 -8 0 0 0 40 p/box5.dat
1 16 0 2 0 10 0 0 0 2 0 0 0 20 p/box.dat
1 16 0 34 10 0 0 -2 -30 0 0 10 -1 0 p/rect2p.dat
1 16 0 34 -50 0 0 2 -30 1 0 30 0 0 p/rect2p.dat
