0 BFC CERTIFY CCW
4 16 20 40 -10 -20 40 -10 -18 38 -10 18 38 -10
4 16 -20 0 -10 20 0 -10 18 2 -10 -18 2 -10
4 16 -20 0 -10 -20 40 -10 -20 40 -12 -20 0 -12
4 16 -20 0 -10 -18 2 -10 -18 38 -10 -20 40 -10
4 16 18 38 -10 18 2 -10 20 0 -10 20 40 -10
4 16 20 0 -12 20 40 -12 20 40 -10 20 0 -10
4 16 20 0 -12 20 0 -10 -20 0 -10 -20 0 -12
4 16 -20 40 -12 -20 40 -10 20 40 -10 20 40 -12
4 16 18 38 -8 18 38 -10 -18 38 -10 -18 38 -8
4 16 -18 2 -8 -18 2 -10 18 2 -10 18 2 -8
4 16 -17 13 0 -18 13 0 -18 10 -8 -17 10 -8
4 16 -17 30 -8 -18 30 -8 -18 27 0 -17 27 0
4 16 -17 13 0 -17 27 0 -18 27 0 -18 13 0
4 16 18 13 0 17 13 0 17 10 -8 18 10 -8
4 16 18 30 -8 17 30 -8 17 27 0 18 27 0
4 16 18 13 0 18 27 0 17 27 0 17 13 0
4 16 -17 10 -8 -17 30 -8 -17 27 0 -17 13 0
4 16 17 30 -8 17 10 -8 17 13 0 17 27 0
0 BFC INVERTNEXT
1 16 -18 17.5 -7 0 0 .25 0 5 0 -.5 0 0 p/2-4cyli.dat
0 BFC INVERTNEXT
1 16 -18 22.5 -7 0 0 .25 0 .5 0 -.5 0 0 p/2-8sphe.dat
1 16 -18 22.5 -7 0 1 0 0 0 .5 .5 0 0 p/2-4ndis.dat
1 16 -18 22.5 -7 0 1 0 0 0 .5 .5 0 0 p/2-4edge.dat
0 BFC INVERTNEXT
1 16 -18 17.5 -7 0 0 .25 0 -.5 0 .5 0 0 p/2-8sphe.dat
1 16 -18 17.5 -7 0 1 0 0 0 -.5 .5 0 0 p/2-4ndis.dat
1 16 -18 17.5 -7 0 1 0 0 0 -.5 .5 0 0 p/2-4edge.dat
0 BFC INVERTNEXT
1 16 18 17.5 -7 0 0 -.25 0 5 0 .5 0 0 p/2-4cyli.dat
0 BFC INVERTNEXT
1 16 18 22.5 -7 0 0 -.25 0 .5 0 .5 0 0 p/2-8sphe.dat
1 16 18 22.5 -7 0 -1 0 0 0 .5 .5 0 0 p/2-4ndis.dat
1 16 18 22.5 -7 0 -1 0 0 0 .5 .5 0 0 p/2-4edge.dat
0 BFC INVERTNEXT
1 16 18 17.5 -7 0 0 -.25 0 -.5 0 -.5 0 0 p/2-8sphe.dat
1 16 18 17.5 -7 0 -1 0 0 0 -.5 .5 0 0 p/2-4ndis.dat
1 16 18 17.5 -7 0 -1 0 0 0 -.5 .5 0 0 p/2-4edge.dat
4 16 -18 23 -6.5 -18 27 0 -18 30 -8 -18 23 -7.5
3 16 -18 27 0 -18 23 -6.5 -18 22.5 -6.5
4 16 -18 27 0 -18 22.5 -6.5 -18 17.5 -6.5 -18 13 0
3 16 -18 22.5 -7.5 -18 23 -7.5 -18 30 -8
4 16 -18 17.5 -7.5 -18 22.5 -7.5 -18 30 -8 -18 10 -8
3 16 -18 13 0 -18 17.5 -6.5 -18 17 -6.5
4 16 -18 13 0 -18 17 -6.5 -18 17 -7.5 -18 10 -8
3 16 -18 10 -8 -18 17 -7.5 -18 17.5 -7.5
4 16 18 30 -8 18 27 0 18 23 -6.5 18 23 -7.5
3 16 18 23 -6.5 18 27 0 18 22.5 -6.5
4 16 18 17.5 -6.5 18 22.5 -6.5 18 27 0 18 13 0
3 16 18 23 -7.5 18 22.5 -7.5 18 30 -8
4 16 18 30 -8 18 22.5 -7.5 18 17.5 -7.5 18 10 -8
3 16 18 17.5 -6.5 18 13 0 18 17 -6.5
4 16 18 17 -7.5 18 17 -6.5 18 13 0 18 10 -8
3 16 18 17 -7.5 18 10 -8 18 17.5 -7.5
4 16 -18 38 -10 -18 2 -10 -18 10 -8 -18 30 -8
3 16 -18 38 -8 -18 38 -10 -18 30 -8
3 16 -18 2 -10 -18 2 -8 -18 10 -8
4 16 18 10 -8 18 2 -10 18 38 -10 18 30 -8
3 16 18 38 -10 18 38 -8 18 30 -8
3 16 18 2 -8 18 2 -10 18 10 -8
3 16 -18 10 -8 -18 2 -8 -17 10 -8
3 16 -18 38 -8 -18 30 -8 -17 30 -8
3 16 18 2 -8 18 10 -8 17 10 -8
3 16 18 30 -8 18 38 -8 17 30 -8
4 16 17 10 -8 -17 10 -8 -18 2 -8 18 2 -8
4 16 -18 38 -8 -17 30 -8 17 30 -8 18 38 -8
4 16 17 30 -8 -17 30 -8 -17 10 -8 17 10 -8
