0 BFC CERTIFY CCW
1 16 0 -15 0 -2.8284 0 -2.8284 0 10.5 0 2.8284 0 -2.8284 p/3-4cyli.dat
1 16 0 15 0 -2.8284 0 -2.8284 0 -10.5 0 2.8284 0 -2.8284 p/3-4cyli.dat
1 16 0 15 0 -2.8284 0 -2.8284 0 -1 0 2.8284 0 -2.8284 p/3-4disc.dat
1 16 0 -15 0 -2.8284 0 -2.8284 0 1 0 2.8284 0 -2.8284 p/3-4disc.dat
1 16 0 15 0 -2.8284 0 -2.8284 0 -1 0 2.8284 0 -2.8284 p/3-4edge.dat
1 16 0 -15 0 -2.8284 0 -2.8284 0 1 0 2.8284 0 -2.8284 p/3-4edge.dat
1 16 0 4.5 0 -2.8284 0 2.8284 0 -9 0 -2.8284 0 -2.8284 p/1-4cyli.dat
3 16 -2.8284 -15 2.8284 -2 -15 3.382 -2.8284 -4.5 2.8284
3 16 -2 15 3.382 -2.8284 15 2.8284 -2.8284 4.5 2.8284
4 16 -2 15 3.382 -2.8284 4.5 2.8284 -2.8284 -4.5 2.8284 -2 -15 3.382
3 16 2.828 15 2.828 2 15 3.382 2.8284 4.5 2.8284
3 16 2 -15 3.382 2.828 -15 2.828 2.8284 -4.5 2.8284
4 16 2 -15 3.382 2.8284 -4.5 2.8284 2.8284 4.5 2.8284 2 15 3.382
4 16 -2 -15 3.382 -2.828 -15 2.828 0 -15 0 2 -15 3.382
3 16 2 -15 3.382 0 -15 0 2.828 -15 2.828
3 16 0 15 0 2 15 3.382 2.828 15 2.828
4 16 0 15 0 -2.828 15 2.828 -2 15 3.382 2 15 3.382
3 16 2 -20 4 2 -20 3.382 1.531 -20 3.696
3 16 2 -20 4 1.531 -20 3.696 0 -20 4
3 16 -1.531 -20 3.696 -2 -20 4 0 -20 4
3 16 -2 -20 3.382 -2 -20 4 -1.531 -20 3.696
1 16 0 -24 0 -2.8284 0 -2.8284 0 4 0 2.8284 0 -2.8284 p/3-4cylc.dat
4 16 -2 -24 3.382 -2.828 -24 2.828 0 -24 0 2 -24 3.382
3 16 0 -24 0 2.828 -24 2.828 2 -24 3.382
4 16 2.828 -24 2.828 2.828 -20 2.828 2 -20 3.382 2 -24 3.382
4 16 -2 -20 3.382 -2.828 -20 2.828 -2.828 -24 2.828 -2 -24 3.382
1 16 0 -20 0 4 0 0 0 -1 0 0 0 4 p/bump5000.dat
3 16 1.531 20 3.696 2 20 4 0 20 4
3 16 -2 20 4 -1.531 20 3.696 0 20 4
3 16 -2 20 4 -2 20 3.382 -1.531 20 3.696
1 16 0 24 0 -2.8284 0 -2.8284 0 -4 0 2.8284 0 -2.8284 p/3-4cylc.dat
4 16 2 20 3.382 2.828 20 2.828 2.828 24 2.828 2 24 3.382
4 16 -2.828 24 2.828 -2.828 20 2.828 -2 20 3.382 -2 24 3.382
4 16 2.828 24 2.828 0 24 0 -2 24 3.382 2 24 3.382
3 16 -2.828 24 2.828 -2 24 3.382 0 24 0
3 16 2 20 3.382 2 20 4 1.531 20 3.696
1 16 0 20 0 4 0 0 0 1 0 0 0 4 p/bump5000.dat
4 16 -3.6956 4.1956 -1.5307 -3.6956 4.5 -1.5307 -2.8284 4.5 -2.8284 -3 3.5 -2.5716
4 16 -3.6956 4.5 1.5307 -3.6956 4.1956 1.5307 -3 3.5 2.5716 -2.8284 4.5 2.8284
3 16 -3.6956 4.5 -1.5307 -3.6956 4.1956 -1.5307 -4 4.5 0
3 16 -3.6956 4.1956 1.5307 -3.6956 4.5 1.5307 -4 4.5 0
4 16 -2.8284 -4.5 -2.8284 -3.6956 -4.5 -1.5307 -3.6956 -4.1956 -1.5307 -3 -3.5 -2.5716
4 16 -2.8284 -4.5 2.8284 -3 -3.5 2.5716 -3.6956 -4.1956 1.5307 -3.6956 -4.5 1.5307
3 16 -3.6956 -4.1956 1.5307 -4 -4.5 0 -3.6956 -4.5 1.5307
3 16 -3.6956 -4.5 -1.5307 -4 -4.5 0 -3.6956 -4.1956 -1.5307
4 16 -2.8284 -4.5 -2.8284 -3 -3.5 -2.5716 -3 3.5 -2.5716 -2.8284 4.5 -2.8284
4 16 -2.8284 4.5 2.8284 -3 3.5 2.5716 -3 -3.5 2.5716 -2.8284 -4.5 2.8284
4 16 -3 3.5 2.5716 -3.6956 4.1956 1.5307 -3.6956 4.1956 -1.5307 -3 3.5 -2.5716
4 16 -3 -3.5 -2.5716 -3.6956 -4.1956 -1.5307 -3.6956 -4.1956 1.5307 -3 -3.5 2.5716
3 16 -3.6956 -4.1956 -1.5307 -4 -4.5 0 -3.6956 -4.1956 1.5307
3 16 -4 4.5 0 -3.6956 4.1956 -1.5307 -3.6956 4.1956 1.5307
1 16 -3 0 0 0 1 0 -3.5 0 0 0 0 2.5716 p/rect.dat
4 16 2.8284 4.5 -2.8284 3.6956 4.5 -1.5307 3.6956 4.1956 -1.5307 3 3.5 -2.5716
4 16 3 3.5 2.5716 3.6956 4.1956 1.5307 3.6956 4.5 1.5307 2.8284 4.5 2.8284
3 16 3.6956 4.1956 -1.5307 3.6956 4.5 -1.5307 4 4.5 0
3 16 3.6956 4.5 1.5307 3.6956 4.1956 1.5307 4 4.5 0
4 16 3.6956 -4.1956 -1.5307 3.6956 -4.5 -1.5307 2.8284 -4.5 -2.8284 3 -3.5 -2.5716
4 16 3.6956 -4.1956 1.5307 3 -3.5 2.5716 2.8284 -4.5 2.8284 3.6956 -4.5 1.5307
3 16 4 -4.5 0 3.6956 -4.1956 1.5307 3.6956 -4.5 1.5307
3 16 4 -4.5 0 3.6956 -4.5 -1.5307 3.6956 -4.1956 -1.5307
4 16 3 3.5 -2.5716 3 -3.5 -2.5716 2.8284 -4.5 -2.8284 2.8284 4.5 -2.8284
4 16 3 -3.5 2.5716 3 3.5 2.5716 2.8284 4.5 2.8284 2.8284 -4.5 2.8284
4 16 3.6956 4.1956 -1.5307 3.6956 4.1956 1.5307 3 3.5 2.5716 3 3.5 -2.5716
4 16 3.6956 -4.1956 1.5307 3.6956 -4.1956 -1.5307 3 -3.5 -2.5716 3 -3.5 2.5716
3 16 4 -4.5 0 3.6956 -4.1956 -1.5307 3.6956 -4.1956 1.5307
3 16 3.6956 4.1956 -1.5307 4 4.5 0 3.6956 4.1956 1.5307
1 16 3 0 0 0 -1 0 0 0 3.5 -2.5716 0 0 p/rect.dat
1 16 0 -24 4.191 0 0 -2 0 1 0 .809 0 0 p/rect2p.dat
0 BFC INVERTNEXT
1 16 0 -17.5 4.25 -2 0 0 0 0 -2.5 0 .25 0 p/box2-7.dat
0 BFC INVERTNEXT
1 16 0 17.5 4.25 2 0 0 0 0 2.5 0 .25 0 p/box2-7.dat
1 16 0 0 4.5 2 0 0 0 0 15 0 -1.118 0 p/box4o8a.dat
1 16 0 24 4.191 0 0 -2 0 -1 0 .809 0 0 p/rect2p.dat
4 16 2 -20 3.382 2 -20 4 2 -24 5 2 -24 3.382
4 16 2 24 3.382 2 24 5 2 20 4 2 20 3.382
3 16 2 20 4.5 2 20 4 2 24 5
3 16 2 15 4.5 2 20 4.5 2 24 5
4 16 2 15 4.5 2 24 5 2 -24 5 2 -15 4.5
3 16 2 -20 4.5 2 -24 5 2 -20 4
3 16 2 -20 4.5 2 -15 4.5 2 -24 5
4 16 -2 -24 5 -2 -20 4 -2 -20 3.382 -2 -24 3.382
4 16 -2 20 4 -2 24 5 -2 24 3.382 -2 20 3.382
3 16 -2 20 4 -2 20 4.5 -2 24 5
3 16 -2 20 4.5 -2 15 4.5 -2 24 5
4 16 -2 -24 5 -2 24 5 -2 15 4.5 -2 -15 4.5
3 16 -2 -24 5 -2 -20 4.5 -2 -20 4
3 16 -2 -15 4.5 -2 -20 4.5 -2 -24 5
1 16 0 0 5 2 0 0 0 0 24 0 29 0 p/box3u4a.dat
