0 BFC CERTIFY CCW
1 16 -0.5 2 -48 0 0 8.5 -2 0 0 0 -1 0 rect.dat
3 16 -6 31 -32 -12 23 -32 -9 4 -48
4 16 8 4 -48 8 31 -32 -6 31 -32 -9 4 -48
4 16 8 41.5 -17.5 -3 41.5 -17.5 -6 34 -30 8 34 -30
3 16 -6 34 -30 -10 34 -26 -10 28 -30
4 16 -10 34 -26 -6 34 -30 -3 41.5 -17.5 -10 41.5 -10
4 16 8 41.5 -10 -10 41.5 -10 -3 41.5 -17.5 8 41.5 -17.5
0 BFC INVERTNEXT
1 16 0 10.75 -40 0 0 4 0 6.75 0 -4 0 0 4-4cylse.dat
0 BFC INVERTNEXT
1 16 0 0 -40 -4 0 0 0 10.75 0 0 0 4 4-4cyli.dat
1 16 0 7.375 -40 0 0 6 0 10.1 0 -6 0 0 4-4cylse.dat
1 16 0 0 -40 -6 0 0 0 7.375 0 0 0 6 4-4cyli.dat
1 16 -20 17 -20 -4.26 0 4.26 0 12 0 -4.26 0 -4.26 3-8cyls.dat
0 BFC INVERTNEXT
1 16 0 37.7 -20 0 0 4 0 2.4 0 -4 0 0 4-4cyls.dat
0 BFC INVERTNEXT
1 16 0 24 -20 -4 0 0 0 13.7 0 0 0 4 4-4cyli.dat
1 16 0 36.7 -20 0 0 6 0 3.5 0 -6 0 0 4-4cyls.dat
1 16 0 24 -20 -6 0 0 0 12.7 0 0 0 6 4-4cyli.dat
3 16 4.2426 44 -15.7574 4.2426 44.7101 -15.7574 5.073 44 -17
4 16 2.2962 45.4534 -14.4566 4.2426 44.7101 -15.7574 4.2426 44 -15.7574 2.2962 44 -14.4566
4 16 0 45.7143 -14 2.2962 45.4534 -14.4566 2.2962 44 -14.4566 0 44 -14
4 16 -2.2962 45.4534 -14.4566 0 45.7143 -14 0 44 -14 -2.2962 44 -14.4566
4 16 -3.2058 45.106 -15.0645 -2.2962 45.4534 -14.4566 -2.2962 44 -14.4566 -3.2058 44 -15.0645
4 16 -4.2426 44.3077 -15.7574 -3.2058 45.106 -15.0645 -3.2058 44 -15.0645 -4.2426 44 -15.7574
3 16 -4.2426 44.3077 -15.7574 -4.2426 44 -15.7574 -4.5097 44 -16.157
4 16 -3.6667 44 -17 -4.5097 44 -16.157 4.2426 44 -15.7574 5.073 44 -17
4 16 2.2962 44 -14.4566 4.2426 44 -15.7574 -4.5097 44 -16.157 -4.2426 44 -15.7574
4 16 0 44 -14 2.2962 44 -14.4566 -4.2426 44 -15.7574 -3.2058 44 -15.0645
3 16 -2.2962 44 -14.4566 0 44 -14 -3.2058 44 -15.0645
1 16 0 2 -50 0 0 10 2 0 0 0 1 0 rect.dat
4 16 10 4 -50 -10 4 -50 -7 36 -31 10 36 -31
4 16 10 36 -31 -7 36 -31 -3.6667 44 -17 5.073 44 -17
3 16 10 36 -31 5.073 44 -17 10 48 -10
4 16 10 48 -10 2.2962 45.4534 -14.4566 0 45.7143 -14 -2 48 -10
3 16 4.2426 44.7101 -15.7574 2.2962 45.4534 -14.4566 10 48 -10
3 16 10 48 -10 5.073 44 -17 4.2426 44.7101 -15.7574
3 16 -2.2962 45.4534 -14.4566 -3.2058 45.106 -15.0645 -2 48 -10
3 16 0 45.7143 -14 -2.2962 45.4534 -14.4566 -2 48 -10
3 16 -4.5097 44 -16.157 -3.6667 44 -17 -7 36 -31
3 16 -3.2058 45.106 -15.0645 -4.2426 44.3077 -15.7574 -2 48 -10
4 16 -10 0 -50 10 0 -50 8 0 -48 -9 0 -48
4 16 10 0 -30 8 0 -32 8 0 -48 10 0 -50
1 16 -1 0 -31 10 0 1 0 1 0 0 0 1 rect2p.dat
1 16 -11 0 -21 0 0 1 0 1 0 -10 0 1 rect2p.dat
4 16 8 0 -32 8 31 -32 8 4 -48 8 0 -48
4 16 8 0 -32 -12 0 -32 -6 31 -32 8 31 -32
3 16 -12 23 -32 -6 31 -32 -12 0 -32
4 16 -12 34 -24.25 -12 23 -32 -12 0 -32 -12 0 -12
3 16 -12 34 -24.25 -12 0 -12 -12 39.5 -12
3 16 10 0 -30 10 24 -30 8 24 -30
4 16 8 24 -30 -10 28 -30 -10 0 -30 10 0 -30
4 16 -10 28 -30 8 24 -30 8 34 -30 -6 34 -30
4 16 -10 0 -10 -10 0 -30 -10 28 -30 -10 34 -26
3 16 -10 0 -10 -10 34 -26 -10 41.5 -10
3 16 8 24 -10 8 41.5 -10 8 41.5 -17.5
4 16 8 34 -30 8 24 -30 8 24 -10 8 41.5 -17.5
1 16 2 48 -8 2 0 -6 0 -1 0 -2 0 0 rect1.dat
4 16 10 48 -10 6 48 -6 6 48 6 10 48 10
0 BFC INVERTNEXT
1 16 3 38 0 0 3 0 10 0 0 0 0 -6 box2-7.dat
4 16 6 28 6 6 28 -6 0 28 -6 0 28 0
4 16 8 24 -10 8 24 -30 10 24 -30 10 24 10
4 16 10 48 10 10 24 10 10 24 -30 10 48 -10
4 16 10 48 -10 10 24 -30 10 4 -50 10 36 -31
4 16 10 0 -30 10 0 -50 10 4 -50 10 24 -30
