0 BFC CERTIFY CW
1 16 -26 -72 -8 4 0 0 0 14 0 0 0 4 4-4cyli.dat
1 16 -26 -72 -8 4 0 0 0 1 0 0 0 4 4-4edge.dat
1 16 -26 -72 -8 4 0 0 0 1 0 0 0 4 4-4disc.dat
1 16 -12.773 4.651 -8 3.91259 0.207912 0 -0.831647 0.978148 0 0 0 4 4-4edge.dat
1 16 -12.773 4.651 -8 3.91259 -0.207912 0 -0.831647 -0.978148 0 0 0 -4 4-4disc.dat
1 16 -25.913 -57.168 -8 3.91259 13.14 0 -0.831647 61.8189 0 0 0 4 4-4cyli.dat
1 16 -26 -58 -8 4 0 0 0 0.42042 0 0 0 4 2-4cyls.dat
1 16 -26 -58 -8 4 0 0 0 0.42042 0 0 0 -4 2-4cyls.dat
1 16 -25.913 -57.168 -8 3.91259 -0.0874102 0 -0.831647 -0.411233 0 0 0 4 2-4cyls.dat
1 16 -25.913 -57.168 -8 3.91259 -0.0874102 0 -0.831647 -0.411233 0 0 0 -4 2-4cyls.dat
1 16 -22 -58 -9 4 0 0 0 0 -4 0 18 0 4-4cyli.dat
1 16 -22 -58 9 4 0 0 0 0 4 0 -1 0 4-4disc.dat
1 16 -22 -58 9 4 0 0 0 0 -4 0 1 0 4-4edge.dat
1 16 -22 -58 -9 4 0 0 0 0 -4 0 1 0 4-4disc.dat
1 16 -22 -58 -9 4 0 0 0 0 -4 0 1 0 4-4edge.dat
4 16 -24 -12 -16 -20 -12 -16 -20 4 -16 -24 4 -16
4 16 -24 -24 -14 -20 -24 -14 -20 -12 -16 -24 -12 -16
4 16 -24 8 -16 -24 8 -14 -24 -24 -14 -24 -12 -16
4 16 -20 -12 -16 -20 -24 -14 -20 8 -14 -20 8 -16
4 16 -24 -5 -14 -24 -5 -10 -24 -24 -10 -24 -24 -14
4 16 -24 0 -14 -24 0 -11 -24 -5 -10 -24 -5 -14
4 16 -24 8 -14 -24 8 -11 -24 0 -11 -24 0 -14
4 16 -20 -24 -14 -20 -24 -12 -20 8 -12 -20 8 -14
4 16 -24 -24 -14 -24 -24 -10 -20 -24 -10 -20 -24 -14
4 16 -20 -24 -12 -20 -24 -10 -18.8629 -24 -10 -18.8629 -24 -12
4 16 -24 -5 -10 -16 -5 -10 -20 -24 -10 -24 -24 -10
4 16 -24 0 -11 -17 0 -11 -17 -5 -10 -24 -5 -10
4 16 -24 8 -11 -17 8 -11 -17 0 -11 -24 0 -11
4 16 -20 0 -12 -20 -24 -12 -18.8629 -24 -12 -13.7616 0 -12
4 16 -17 0 -12 -17 4 -12 -20 4 -12 -20 0 -12
3 4 -10 4 -8 -17 -24 -8 -17 4 -8
3 16 -17 -1.32892 -10.7342 -17 0 -11 -17 0 -10.3208
1 16 -13 0 0 0 1 0 -2 0 0 0 0 -2 2-4edge.dat
1 16 -13 4 2 0 1 0 -2 0 0 0 0 2 2-4edge.dat
1 16 -13 -4 2 0 1 0 -2 0 0 0 0 2 2-4edge.dat
1 16 -13 0 0 0 -1 0 -2 0 0 0 0 -2 2-4ndis.dat
1 16 -13 -4 2 0 -1 0 -2 0 0 0 0 2 2-4disc.dat
1 16 -13 4 2 0 -1 0 -2 0 0 0 0 2 2-4disc.dat
4 16 -13 -8 -8 -13 -6 2 -13 -2 2 -13 -2 -2
4 16 -13 2 -2 -13 2 2 -13 6 2 -13 8 -8
4 16 -13 -8 -8 -13 -2 -2 -13 2 -2 -13 8 -8
1 16 -17 0 0 0 1 0 -2 0 0 0 0 -2 2-4edge.dat
1 16 -17 4 2 0 1 0 -2 0 0 0 0 2 2-4edge.dat
1 16 -17 -4 2 0 1 0 -2 0 0 0 0 2 2-4edge.dat
1 16 -17 0 0 0 1 0 2 0 0 0 0 -2 2-4ndis.dat
1 16 -17 4 2 0 1 0 2 0 0 0 0 2 2-4disc.dat
1 16 -17 -4 2 0 1 0 2 0 0 0 0 2 2-4disc.dat
4 16 -17 8 -8 -17 6 2 -17 2 2 -17 2 -2
4 16 -17 -2 -2 -17 -2 2 -17 -6 2 -17 -8 -8
4 16 -17 8 -8 -17 2 -2 -17 -2 -2 -17 -8 -8
0 BFC INVERTNEXT
1 16 -17 0 0 0 4 0 -2 0 0 0 0 -2 2-4cyli.dat
1 16 -17 -4 2 0 4 0 -2 0 0 0 0 2 2-4cyli.dat
1 16 -17 4 2 0 4 0 -2 0 0 0 0 2 2-4cyli.dat
4 16 -17 -2 2 -17 -2 0 -13 -2 0 -13 -2 2
4 16 -13 2 2 -13 2 0 -17 2 0 -17 2 2
4 16 -13 8 -8 -13 6 2 -17 6 2 -17 8 -8
4 16 -17 -8 -8 -17 -6 2 -13 -6 2 -13 -8 -8
