0 BFC CERTIFY CCW
0 BFC INVERTNEXT
1 16 150 0 0 4 0 0 0 6.67 0 0 0 4 p/4-4cyli.dat
0 BFC INVERTNEXT
1 16 150 6.67 0 4 0 0 0 13.33 0 0 0 4 p/1-4cyls.dat
0 BFC INVERTNEXT
1 16 150 6.67 0 4 0 0 0 13.33 0 0 0 -4 p/1-4cyls.dat
0 BFC INVERTNEXT
1 16 150 6.67 0 0 0 -4 0 13.33 0 4 0 0 p/2-4cyli.dat
0 BFC INVERTNEXT
1 16 150 20 0 4 0 0 0 2 0 0 0 4 p/1-4cyls2.dat
0 BFC INVERTNEXT
1 16 150 20 0 4 0 0 0 2 0 0 0 -4 p/1-4cyls2.dat
1 16 150 0 0 6 0 0 0 20 0 0 0 6 p/1-4cyls.dat
1 16 150 0 0 6 0 0 0 20 0 0 0 -6 p/1-4cyls.dat
1 16 150 0 0 0 0 -6 0 20 0 6 0 0 p/2-4cyli.dat
1 16 150 20 0 6 0 0 0 4 0 0 0 6 p/1-4cyls2.dat
1 16 150 20 0 6 0 0 0 4 0 0 0 -6 p/1-4cyls2.dat
1 16 150 0 0 1 0 0 0 1 0 0 0 1 p/stud2a.dat
0 BFC INVERTNEXT
1 16 130 34 0 4 0 0 0 4 0 0 0 4 p/2-4cyls.dat
0 BFC INVERTNEXT
1 16 130 34 0 4 0 0 0 4 0 0 0 -4 p/2-4cyls.dat
0 BFC INVERTNEXT
1 16 130 0 0 4 0 0 0 34 0 0 0 -4 p/4-4cyli.dat
1 16 130 38 0 4 1 0 -4 0 0 0 0 4 p/4-4edge.dat
1 16 130 32 0 6 0 0 0 6 0 0 0 6 p/2-4cyls.dat
1 16 130 32 0 6 0 0 0 6 0 0 0 -6 p/2-4cyls.dat
1 16 130 0 0 6 0 0 0 32 0 0 0 -6 p/4-4cyli.dat
1 16 130 38 0 6 1 0 -6 0 0 0 0 6 p/4-4edge.dat
1 16 130 0 0 1 0 0 0 1 0 0 0 1 p/stud2a.dat
4 16 144.21 0 1 135.79 0 1 135 0 0 145 0 0
4 16 145 0 0 135 0 0 135.79 0 -1 144.21 0 -1
4 16 135.79 32.21 1 135.79 0 1 144.21 0 1 144.21 23.79 1
4 16 144.21 23.79 -1 144.21 0 -1 135.79 0 -1 135.79 32.21 -1
3 16 154.4 0 4 156 0 4 154.4 5.32 4
3 16 154.4 0 4 155.54 0 2.3 156 0 4
3 16 155.54 0 2.3 156 0 0 156 0 4
3 16 154.4 5.32 -4 156 0 -4 154.4 0 -4
3 16 156 0 -4 155.54 0 -2.3 154.4 0 -4
3 16 156 0 -4 156 0 0 155.54 0 -2.3
3 16 124 0 -4 125.6 0 -4 124.46 0 -2.3
3 16 124 0 -4 124.46 0 -2.3 124 0 0
4 16 125.6 0 -4 124 0 -4 124 44 -4 125.6 42.41 -4
3 16 124.46 0 2.3 125.6 0 4 124 0 4
3 16 124 0 0 124.46 0 2.3 124 0 4
4 16 125.6 42.41 4 124 44 4 124 0 4 125.6 0 4
