0 BFC CERTIFY CCW
1 16 0 0 0 0.92388 0 -0.38268 0 1 0 0.38268 0 0.92388 parts/s/26832s02.dat
1 16 -1.4787 10 49.1065 0 2.9574 0 -10 0 0 0 0 12.6304 p/1-4cyli.dat
1 16 -7.5e-005 22.5 61.73732 0.00015 0 -1.47865 12.5 0 0 -0.00065 -1 -0.00065 p/rect1.dat
4 16 -1.5378 35 56.8791 -1.4788 35 61.737 1.4788 35 61.737 1.5378 35 56.8791
4 16 -1.5378 8 56.8791 -1.5378 35 56.8791 1.5378 35 56.8791 1.5378 8 56.8791
4 16 1.5849 4 52.9928 -1.5849 4 52.9928 -1.5378 8 56.8791 1.5378 8 56.8791
1 16 -1.4787 10 49.1065 0 -0.1534 0 0 0 -10 12.6304 0 0 p/1-4cyls.dat
1 16 1.4787 10 49.1065 0 0.1534 0 0 0 -10 12.6304 0 0 p/1-4cyls.dat
3 16 -1.4787 0 49.1065 -1.6321 0 49.1065 -16.8126 0 40.5891
4 16 -1.5849 4 52.9928 1.5849 4 52.9928 14.5967 4 45.6922 -14.5967 4 45.6922
4 16 -1.4787 0 49.1065 -16.8126 0 40.5891 16.8126 0 40.5891 1.4787 0 49.1065
3 16 1.6321 0 49.1065 1.4787 0 49.1065 16.8126 0 40.5891
3 16 -21.9878 4 42.6307 -14.5967 4 45.6922 14.5967 4 45.6922
