0 BFC CERTIFY CCW
1 16 0 0 0 1 0 0 0 1 0 0 0 1 parts/s/27262s02.dat
1 16 0 0 0 -1 0 0 0 1 0 0 0 1 parts/s/27262s02.dat
4 16 -10 14 -110 -6.299858 14 -106 6.29986 14 -106 10 14 -110
1 16 0 11.5 -106 0 0 -6.29986 2.5 0 0 0 -1 0 p/rect.dat
1 16 0 10 -110 0 0 -10 -4 0 0 0 1 0 p/rect.dat
4 16 8.66814 8.303611 -102.953297 6.29986 9 -106 -6.29986 9 -106 -8.66814 8.303611 -102.95329701141
1 16 0 1.1089505 -71.4766485 -8.66814 0 0 0 -1 -7.1946605 0 0 31.4766485 p/rect3.dat
4 16 8.66814 -6.08571 -12 8.66814 -6.08571 -40 -8.66814 -6.08571 -40 -8.66814 -6.08571 -12
4 16 -14 6 -10 14 6 -10 17.663606 6 -12 -17.663606 6 -12
4 16 17.663606 0 -12 8.66814 -6.08571 -12 -8.66814 -6.08571 -12 -17.663606 0 -12
1 16 0 3 -12 -17.663606 0 0 0 0 3 0 1 0 p/rect3.dat
1 16 0 2 -10 14 0 0 0 0 4 0 -1 0 p/rect3.dat
4 16 14 -2 -10 -14 -2 -10 -10 -10 -10 10 -10 -10
1 16 -14 0 0 0 28 0 4 0 0 0 0 -4 p/4-4cyli.dat
