0 BFC CERTIFY CCW
4 16 -6 8 6 -6 8 -10 -10 8 -10 -10 8 10
4 16 6 8 6 -6 8 6 -10 8 10 10 8 10
4 16 6 8 -10 6 8 6 10 8 10 10 8 -10
0 BFC INVERTNEXT
1 16 0 8 -2 -6 0 0 0 -4 0 0 0 8 p/box5-1.dat
1 16 0 6 -10 -1.5 0 0 0 0 2 0 4 0 p/box4-1.dat
1 16 0 4 -10 0 0 10 -4 0 0 0 20 0 p/box3u4a.dat
3 16 -10 24 -10 -10 8 -10 -6 8 -10
4 16 10 24 -10 -10 24 -10 -6 8 -10 6 8 -10
3 16 6 8 -10 10 8 -10 10 24 -10
1 16 0 24 -20 6 0 0 0 1 0 0 0 6 p/recte3.dat
1 16 0 16 -14 0 0 -6 -8 0 0 0 1 0 p/rect2p.dat
4 16 -6 8 -14 -6 20 -26 -6 24 -26 -6 24 -14
4 16 6 8 -14 6 24 -14 6 24 -26 6 20 -26
0 BFC INVERTNEXT
1 16 0 16 -20 6 0 0 0 -2 6 0 0 -6 p/box2-5.dat
4 16 -6 24 -14 -6 24 -26 -10 24 -30 -10 24 -10
4 16 6 24 -14 -6 24 -14 -10 24 -10 10 24 -10
4 16 6 24 -26 6 24 -14 10 24 -10 10 24 -30
4 16 -6 24 -26 6 24 -26 10 24 -30 -10 24 -30
1 16 0 24 -20 10 0 0 0 1 0 0 0 10 p/recte3.dat
4 16 -10 24 -10 -10 24 -30 -10 20 -30 -10 8 -10
3 16 -10 0 -10 -10 8 -10 -10 20 -30
4 16 10 8 -10 10 20 -30 10 24 -30 10 24 -10
3 16 10 20 -30 10 8 -10 10 0 -10
1 16 0 10 -20 10 0 0 0 1 -10 0 0 10 p/recte3.dat
1 16 0 22 -30 10 0 0 0 0 2 0 1 0 p/rect.dat
