0 BFC CERTIFY CCW
1 16 0 0 0 1 0 0 0 1 0 0 0 1 parts/s/2924s04.dat
1 16 0 0 0 -1 0 0 0 1 0 0 0 1 parts/s/2924s04.dat
0 BFC INVERTNEXT
1 16 0 -92 20 0 0 -40 4 0 0 0 -20 0 p/box3u2p.dat
1 16 0 -96 -1.5 0 0 -40 0 1 0 1.5 0 0 p/rect2p.dat
0 BFC INVERTNEXT
1 16 0 -96 -10 0 0 -40 0 4 0 7 0 0 p/box5-2p.dat
1 16 0 -96 -18.5 40 0 0 0 1 0 0 0 -1.5 p/rect3.dat
4 16 -40 -96 -20 -4.5 -88 -20 4.5 -88 -20 40 -96 -20
4 16 -4.5 -84 -20 4.5 -84 -20 4.5 -88 -20 -4.5 -88 -20
4 16 -4.5 -60 -20 4.5 -60 -20 4.5 -84 -20 -4.5 -84 -20
4 16 -4.5 -56 -20 4.5 -56 -20 4.5 -60 -20 -4.5 -60 -20
4 16 -4.5 -88 -16 4.5 -88 -16 4.5 -84 -16 -4.5 -84 -16
4 16 -4.5 -84 -16 4.5 -84 -16 4.5 -60 -16 -4.5 -60 -16
4 16 -4.5 -60 -16 4.5 -60 -16 4.5 -56 -16 -4.5 -56 -16
1 16 -50 20 0 0 0 1 0 -1 0 1 0 0 p/stud3.dat
1 16 50 20 0 0 0 1 0 -1 0 1 0 0 p/stud3.dat
4 16 -40 -56 0 -8.5 -56 -16 8.5 -56 -16 40 -56 0
4 16 40 -88 0 8.5 -88 -16 -8.5 -88 -16 -40 -88 0
4 16 -40 -32 0 -40 -24 0 -44 16 0 -44 -52 0
3 16 -44 16 0 -40 -24 0 -40 16 0
3 16 -40 -52 0 -40 -32 0 -44 -52 0
4 16 44 -52 0 44 16 0 40 -24 0 40 -32 0
3 16 40 16 0 40 -24 0 44 16 0
3 16 44 -52 0 40 -32 0 40 -52 0
0 BFC INVERTNEXT
1 16 0 -42 0 40 0 0 0 0 10 0 -16 0 p/box5.dat
3 16 -36 -56 -20 -40 -56 -20 -40 -24 -20
3 16 -8.5 -56 -20 -36 -56 -20 -40 -24 -20
3 16 -40 -24 -20 -4.5 -56 -20 -8.5 -56 -20
4 16 40 -24 -20 4.5 -56 -20 -4.5 -56 -20 -40 -24 -20
3 16 8.5 -56 -20 4.5 -56 -20 40 -24 -20
3 16 40 -24 -20 36 -56 -20 8.5 -56 -20
3 16 40 -24 -20 40 -56 -20 36 -56 -20
3 16 -40 16 0 -40 -24 0 -40 -24 -4
4 16 -40 16 0 -40 -24 -4 -40 -24 -16 -40 24 -20
3 16 -40 -24 -16 -40 -24 -20 -40 24 -20
3 16 40 -24 -4 40 -24 0 40 16 0
4 16 40 24 -20 40 -24 -16 40 -24 -4 40 16 0
3 16 40 24 -20 40 -24 -20 40 -24 -16
0 BFC INVERTNEXT
1 16 0 -24 -10 0 0 -40 0 -4 0 6 0 0 p/box5-2p.dat
1 16 0 -54 0 0 0 40 -2 0 0 0 -1 0 p/rect1.dat
1 16 0 -28 0 0 0 -40 4 0 0 0 -1 0 p/rect1.dat
1 16 0 -24 -2 0 0 -40 0 -1 0 -2 0 0 p/rect2p.dat
1 16 0 -24 -18 40 0 0 0 -1 0 0 0 -2 p/rect3.dat
1 16 38 -28 -10 0 0 -2 0 4 0 1.5 0 0 p/box4-1.dat
1 16 -38 -28 -10 0 0 2 0 4 0 1.5 0 0 p/box4-1.dat
1 16 0 -28 -10 1 0 0 0 -1 0 0 0 1 p/stug3-1x3.dat
1 16 50 -96 10 1 0 0 0 1 0 0 0 1 p/stud2a.dat
1 16 30 -96 -10 1 0 0 0 1 0 0 0 1 p/stud2a.dat
1 16 10 -96 -10 1 0 0 0 1 0 0 0 1 p/stud2a.dat
1 16 -10 -96 -10 1 0 0 0 1 0 0 0 1 p/stud2a.dat
1 16 -30 -96 -10 1 0 0 0 1 0 0 0 1 p/stud2a.dat
1 16 -50 -96 10 1 0 0 0 1 0 0 0 1 p/stud2a.dat
