0 BFC CERTIFY CCW
1 16 0 0 0 3.5 0 0 0 3.5 0 0 0 3.5 p/8-8sphe.dat
1 16 0 0 3.4 2 0 0 0 0 2 0 -1 0 p/4-4cyli.dat
1 16 0 0 3.8 .5 0 0 0 0 .5 0 -.4 0 p/4-4con4.dat
1 16 0 0 4.3 2.5 0 0 0 0 2.5 0 -.5 0 p/4-4con1.dat
1 16 0 0 4.3 5 0 0 0 0 5 0 1.5 0 p/4-4cylo.dat
1 16 0 0 5.8 1 0 0 0 0 1 0 .3 0 p/4-4con4.dat
1 16 0 0 6.1 .5 0 0 0 0 .5 0 .4 0 p/4-4con7.dat
1 16 0 0 6.5 3.5 0 0 0 0 3.5 0 1 0 p/4-4cyli.dat
1 16 0 0 8 .5 0 0 0 0 .5 0 -.5 0 p/4-4con7.dat
1 16 0 0 8.6 2 0 0 0 0 2 0 -.6 0 p/4-4con2.dat
1 16 0 0 8.6 6 0 0 0 0 6 0 1.5 0 p/4-4cylo.dat
1 16 0 0 10.1 2 0 0 0 0 2 0 .6 0 p/4-4con2.dat
1 16 0 0 10.7 4 0 0 0 0 4 0 -1 0 p/4-4edge.dat
1 16 0 0 12.5 .5 0 0 0 0 .5 0 -1.8 0 p/4-4con8.dat
1 16 0 0 12.5 4.5 0 0 0 0 4.5 0 -1 0 p/4-4edge.dat
1 16 0 0 0 1 0 0 0 1 0 0 0 1 parts/s/29601s02.dat
1 16 0 0 0 1 0 0 0 -1 0 0 0 1 parts/s/29601s02.dat
1 16 0 0 0 -1 0 0 0 1 0 0 0 1 parts/s/29601s02.dat
1 16 0 0 0 -1 0 0 0 -1 0 0 0 1 parts/s/29601s02.dat
1 16 0 0 18.5 .5 0 0 0 0 .5 0 -1 0 p/4-4con15.dat
1 16 0 0 18.5 8 0 0 0 0 8 0 1 0 p/4-4edge.dat
1 16 0 0 17.5 7.5 0 0 0 0 7.5 0 1 0 p/4-4edge.dat
0 BFC INVERTNEXT
1 16 7 0 24.25 0 5 0 -2.25 0 0 0 0 2.25 p/4-4cylc.dat
1 16 12 0 24.25 0 -1 0 .5625 0 0 0 0 .5625 p/4-4ring4.dat
1 16 12 0 24.25 0 1 0 -2.8125 0 0 0 0 2.8125 p/4-4edge.dat
1 16 8.5 0 24.25 0 3.5 0 1.40625 0 0 0 0 1.40625 p/4-4con2.dat
0 BFC INVERTNEXT
1 16 -4 0 24.25 0 -8 0 -2.25 0 0 0 0 2.25 p/4-4cylc.dat
1 16 -12 0 24.25 0 1 0 .5625 0 0 0 0 .5625 p/4-4ring4.dat
1 16 -12 0 24.25 0 -1 0 -2.8125 0 0 0 0 2.8125 p/4-4edge.dat
1 16 -8.5 0 24.25 0 -3.5 0 1.40625 0 0 0 0 1.40625 p/4-4con2.dat
4 16 0 9.85 24.25 0 10 21.2 -3.8268 9.2388 21.2 -3.7694 9.1002 24.25
4 16 0 10 21.2 0 9.4 18.5 -3.5972 8.6845 18.5 -3.8268 9.2388 21.2
4 16 3.5972 8.6845 18.5 0 9.4 18.5 0 10 21.2 3.8268 9.2388 21.2
4 16 3.8268 9.2388 21.2 0 10 21.2 0 9.85 24.25 3.7694 9.1002 24.25
1 16 2 -8 45 0 -4 0 2 0 0 0 0 2 p/2-4cylo.dat
0 BFC INVERTNEXT
1 16 2 0 45 0 -4 0 -6 0 0 0 0 -6 p/1-4cylo.dat
1 16 -2 -8 45 0 1 0 2 0 0 0 0 2 p/2-4chrd.dat
1 16 -2 0 45 0 1 0 -6 0 0 0 0 -6 p/1-4ndis.dat
1 16 2 -8 45 0 -1 0 2 0 0 0 0 2 p/2-4chrd.dat
1 16 2 0 45 0 -1 0 -6 0 0 0 0 -6 p/1-4ndis.dat
1 16 0 -10 34.625 0 0 2 0 1 0 -10.375 0 0 p/rect2p.dat
3 16 -2 -10 24.25 -2 -9.6022 21.2 0 -10 21.2
3 16 -2 -10 24.25 0 -10 21.2 2 -10 24.25
3 16 2 -10 24.25 0 -10 21.2 2 -9.6022 21.2
4 16 2 -9.6022 21.2 0 -10 21.2 0 -9.4 18.5 3.5972 -8.6845 18.5
3 16 3.8268 -9.2388 21.2 2 -9.6022 21.2 3.5972 -8.6845 18.5
4 16 0 -9.85 24.25 2 -9.6022 21.2 3.8268 -9.2388 21.2 3.7694 -9.1002 24.25
4 16 0 -9.4 18.5 0 -10 21.2 -2 -9.6022 21.2 -3.5972 -8.6845 18.5
3 16 -2 -9.6022 21.2 -3.8268 -9.2388 21.2 -3.5972 -8.6845 18.5
4 16 -3.8268 -9.2388 21.2 -2 -9.6022 21.2 0 -9.85 24.25 -3.7694 -9.1002 24.25
3 16 -2 -10 24.25 -2 -9.4522 24.25 -2 -9.6022 21.2
4 16 -2 -8.7022 27.6 -2 -9.4522 24.25 -2 -10 24.25 -2 -10 45
3 16 -2 -10 45 -2 -6 45 -2 -6 39
3 16 -2 -10 45 -2 -7.1022 31.6 -2 -8.7022 27.6
3 16 -2 -7.1022 31.6 -2 -10 45 -2 -5.6022 34.4
3 16 -2 -5.6022 34.4 -2 -10 45 -2 -6 39
3 16 -2 -6 39 -2 -4.8284 35.6252 -2 -5.6022 34.4
3 16 -2 -6 39 -2 -4.3256 36.3 -2 -4.8284 35.6252
3 16 -2 -6 39 -2 -2.6743 38.1 -2 -4.3256 36.3
3 16 -2 -2.6743 38.1 -2 -6 39 -2 -2 38.6716
3 16 -2 -2 38.6716 -2 -6 39 -2 0 39
3 16 2 -9.4522 24.25 2 -10 24.25 2 -9.6022 21.2
4 16 2 -10 24.25 2 -9.4522 24.25 2 -8.7022 27.6 2 -10 45
3 16 2 -6 45 2 -10 45 2 -6 39
3 16 2 -7.1022 31.6 2 -10 45 2 -8.7022 27.6
3 16 2 -10 45 2 -7.1022 31.6 2 -5.6022 34.4
3 16 2 -10 45 2 -5.6022 34.4 2 -6 39
3 16 2 -4.8284 35.6252 2 -6 39 2 -5.6022 34.4
3 16 2 -4.3256 36.3 2 -6 39 2 -4.8284 35.6252
3 16 2 -2.6743 38.1 2 -6 39 2 -4.3256 36.3
3 16 2 -6 39 2 -2.6743 38.1 2 -2 38.6716
3 16 2 -6 39 2 -2 38.6716 2 0 39
1 16 -2 9 23.5 0 4 0 0 0 4 -4 0 0 p/7-16cylo.dat
1 16 -2 9 23.5 0 1 0 0 0 4 -4 0 0 p/1-4chrd.dat
1 16 2 9 23.5 0 -1 0 0 0 4 -4 0 0 p/1-4chrd.dat
1 16 -2 9 23.5 0 1 0 4 0 0 0 0 4 p/3-16chrd.dat
1 16 2 9 23.5 0 -1 0 4 0 0 0 0 4 p/3-16chrd.dat
4 16 2 10.5308 27.1956 2 8.7927 27.1956 2 9 19.5 2 13 23.5
4 16 -2 8.7927 27.1956 -2 10.5308 27.1956 -2 13 23.5 -2 9 19.5
