0 BFC CERTIFY CCW
4 16 6.344 40 -14.635 6.344 36 -14.635 7.704 36 -15.543 7.704 40 -15.543
4 16 7.704 40 -15.543 7.704 36 -15.543 10 36 -16 10 40 -16
4 16 10 40 -16 10 36 -16 11.939 36 -15.614 11.939 40 -15.614
4 16 6.123 40 -14.782 6.123 36 -14.782 6.344 36 -14.635 6.344 40 -14.635
4 16 11.939 40 -15.614 11.939 36 -15.614 7.654 36 -18.478 7.654 40 -18.478
4 16 6.123 40 -14.782 6.344 40 -14.635 7.704 40 -15.543 7.654 40 -18.478
3 16 7.704 40 -15.543 10 40 -16 7.654 40 -18.478
3 16 10 40 -16 11.939 40 -15.614 7.654 40 -18.478
4 16 6.344 36 -14.635 11.314 36 -11.314 14.142 36 -14.142 11.939 36 -15.614
4 16 11.939 36 -15.614 10 36 -16 7.704 36 -15.543 6.344 36 -14.635
1 16 0 40 0 0 0 16 0 1 0 -16 0 0 p/1-16edge.dat
1 16 0 40 0 0 0 20 0 1 0 -20 0 0 p/1-16edge.dat
1 16 0 40 0 0 0 4 0 -1 0 -4 0 0 p/1-16rin4.dat
0 BFC INVERTNEXT
1 16 0 40 0 0 0 16 0 -4 0 -16 0 0 p/1-16cyli.dat
1 16 0 40 0 0 0 20 0 -4 0 -20 0 0 p/1-16cyli.dat
