0 BFC CERTIFY CCW
1 16 0 4 0 1 0 0 0 -1 0 0 0 1 stud4.dat
0 BFC INVERTNEXT
1 16 0 8 0 16 0 0 0 -4 0 0 0 16 box5.dat
0 BFC INVERTNEXT
1 16 27 8 0 0 0 -9 0 -4 0 16 0 0 box4-1.dat
4 16 16 8 16 18 8 16 18 8 -16 16 8 -16
0 BFC INVERTNEXT
1 16 -27 8 0 0 0 9 0 -4 0 16 0 0 box4-1.dat
4 16 -18 8 -16 -18 8 16 -16 8 16 -16 8 -16
3 16 -36 8 12 -36 8 16 -36 4 16
4 16 -36 4 16 -36 4 -16 -36 8 -12 -36 8 12
3 16 -36 4 -16 -36 8 -16 -36 8 -12
3 16 36 8 -12 36 8 -16 36 4 -16
4 16 36 8 12 36 8 -12 36 4 -16 36 4 16
3 16 36 4 16 36 8 16 36 8 12
4 16 40 8 20 36 8 16 -36 8 16 -40 8 20
4 16 -40 8 -20 -36 8 -16 36 8 -16 40 8 -20
4 16 40 8 12 36 8 12 36 8 16 40 8 20
4 16 36 8 -12 40 8 -12 40 8 -20 36 8 -16
4 16 -36 8 16 -36 8 12 -40 8 12 -40 8 20
4 16 -36 8 -12 -36 8 -16 -40 8 -20 -40 8 -12
3 16 -40 8 -12 -40 8 -20 -40 0 -20
4 16 -40 8 12 -40 8 -12 -40 0 -20 -40 0 20
3 16 -40 0 20 -40 8 20 -40 8 12
3 16 40 8 12 40 8 20 40 0 20
4 16 40 0 20 40 0 -20 40 8 -12 40 8 12
3 16 40 0 -20 40 8 -20 40 8 -12
1 16 0 8 0 40 0 0 0 -8 0 0 0 20 box3u8p.dat
1 16 20 0 0 0 0 1 0 1 0 -1 0 0 stug-2x2.dat
1 16 -20 0 0 0 0 1 0 1 0 -1 0 0 stug-2x2.dat
