0 BFC CERTIFY CCW
4 16 16.403707891 -25.093 -10.232332109 13.4121 -29.5846 -13.2233 15.4514 -29.4142 -17.4802 19.5857 -23.1142 -13.4144
1 16 18.5857 -21.7 -14.4143 1.41421 -3.18198 0 0 -1.9788 -2 1.41421 3.18198 0 p/1-8cylo.dat
1 16 18.5857 -21.7 -14.4143 1.41421 -.70711 0 0 0 -2 1.41421 .70711 0 p/1-8chrd.dat
1 16 15.40372 -23.6788 -11.23232 1.41421 .70711 0 0 0 -2 1.41421 -.70711 0 p/1-8chrd.dat
3 16 12.6715 -30 -13.5 14.9014 -29.8478 -17.8478 13.1355 -29.8262 -13.5
3 16 14.9014 -29.8478 -17.8478 12.6715 -30 -13.5 14.136 -30 -18
4 16 13.4121 -29.5846 -13.2233 13.1355 -29.8262 -13.5 14.9014 -29.8478 -17.8478 15.4514 -29.4142 -17.4802
0 BFC INVERTNEXT
1 16 14 -8 -8.636 0 5 0 4 0 0 0 0 -4 p/1-4cylo.dat
1 16 14 -8 -8.636 0 1 0 4 0 0 0 0 -4 p/1-4ndis.dat
1 16 16.5 -4.1213 -4.3237 -2.5 0 0 0 0 .1213 0 1 -.08105 p/rect3.dat
3 16 14 -1.5308 -3.6956 14 0 -4 14 -4.2426 -4.2426
3 16 14 -2.8284 -2.8284 14 -1.5308 -3.6956 14 -4.2426 -4.2426
1 16 10 -20 -18 0 0 6 -6 0 0 0 1.05931 0 p/2-4cyli.dat
1 16 10 -20 -18 0 0 -6 6 0 0 0 1 0 p/2-4edge.dat
1 16 10 -20 -18 0 0 4 4 0 0 0 1 0 p/4-4edge.dat
