0 BFC CERTIFY CCW
1 16 20 0 -7.5 0 -1 0 0 0 -8 1.5 0 0 p/rect.dat
1 16 -20 0 -7.5 0 1 0 0 0 8 1.5 0 0 p/rect.dat
1 16 0 20 -7.5 0 0 8 0 -1 0 1.5 0 0 p/rect.dat
1 16 0 -20 -7.5 0 0 -8 0 1 0 1.5 0 0 p/rect.dat
4 16 20 8 -9 8 20 -9 8 20 -6 20 8 -6
4 16 -20 8 -6 -8 20 -6 -8 20 -9 -20 8 -9
4 16 20 -8 -6 8 -20 -6 8 -20 -9 20 -8 -9
4 16 -20 -8 -9 -8 -20 -9 -8 -20 -6 -20 -8 -6
4 16 -20 -8 -6 20 -8 -6 20 8 -6 -20 8 -6
4 16 -20 -8 -6 -8 -20 -6 8 -20 -6 20 -8 -6
4 16 20 8 -6 8 20 -6 -8 20 -6 -20 8 -6
1 16 0 0 0 1 0 0 0 1 0 0 0 1 p/clip4.dat
