0 BFC CERTIFY CCW
1 16 10 20 -10 1 0 0 0 -1 0 0 0 1 STUD4A.dat
1 16 10 4 -10 6 0 0 0 1 0 0 0 6 2-4edge.dat
1 16 10 4 -10 6 0 0 0 1 6 0 0 -6 2-4edge.dat
1 16 10 4 -10 8 0 0 0 1 0 0 0 8 2-4edge.dat
1 16 10 4 -10 8 0 0 0 1 8 0 0 -8 2-4edge.dat
0 BFC INVERTNEXT
1 16 10 10 -10 0 0 6 0 -6 0 -6 0 0 1-4cyls.dat
0 BFC INVERTNEXT
1 16 10 10 -10 0 0 -6 0 -6 0 -6 0 0 1-4cyls.dat
0 BFC INVERTNEXT
1 16 10 4 -10 6 0 0 0 16 0 0 0 6 2-4cyli.dat
0 BFC INVERTNEXT
1 16 10 10 -10 6 0 0 0 10 0 0 0 -6 2-4cyli.dat
1 16 10 12 -10 0 0 8 0 -8 0 -8 0 0 1-4cyls.dat
1 16 10 12 -10 0 0 -8 0 -8 0 -8 0 0 1-4cyls.dat
1 16 10 4 -10 8 0 0 0 16 0 0 0 8 2-4cyli.dat
1 16 10 12 -10 8 0 0 0 8 0 0 0 -8 2-4cyli.dat
1 16 -10 20 -10 1 0 0 0 -1 0 0 0 1 STUD4A.dat
1 16 -10 4 -10 6 0 0 0 1 0 0 0 6 2-4edge.dat
1 16 -10 4 -10 6 0 0 0 1 6 0 0 -6 2-4edge.dat
1 16 -10 4 -10 8 0 0 0 1 0 0 0 8 2-4edge.dat
1 16 -10 4 -10 8 0 0 0 1 8 0 0 -8 2-4edge.dat
0 BFC INVERTNEXT
1 16 -10 10 -10 0 0 6 0 -6 0 -6 0 0 1-4cyls.dat
0 BFC INVERTNEXT
1 16 -10 10 -10 0 0 -6 0 -6 0 -6 0 0 1-4cyls.dat
0 BFC INVERTNEXT
1 16 -10 4 -10 6 0 0 0 16 0 0 0 6 2-4cyli.dat
0 BFC INVERTNEXT
1 16 -10 10 -10 6 0 0 0 10 0 0 0 -6 2-4cyli.dat
1 16 -10 12 -10 0 0 8 0 -8 0 -8 0 0 1-4cyls.dat
1 16 -10 12 -10 0 0 -8 0 -8 0 -8 0 0 1-4cyls.dat
1 16 -10 4 -10 8 0 0 0 16 0 0 0 8 2-4cyli.dat
1 16 -10 12 -10 8 0 0 0 8 0 0 0 -8 2-4cyli.dat
4 16 30 24 10 26 24 6 -26 24 6 -30 24 10
4 16 -30 24 10 -26 24 6 -26 24 -26 -30 24 -30
4 16 -30 24 -30 -26 24 -26 26 24 -26 30 24 -30
4 16 30 24 -30 26 24 -26 26 24 6 30 24 10
4 16 26 4 6 26 4 -10 -26 4 -10 -26 4 6
4 16 30 0 10 -30 0 10 -30 0 -10 30 0 -10
4 16 30 24 10 -30 24 10 -30 0 10 30 0 10
4 16 26 24 6 26 4 6 -26 4 6 -26 24 6
4 16 26 24 -26 -26 24 -26 -26 20 -26 26 20 -26
4 16 30 24 -30 30 20 -30 -30 20 -30 -30 24 -30
4 16 30 24 10 30 0 10 30 20 -30 30 24 -30
3 16 30 0 10 30 0 -10 30 20 -30
4 16 26 24 6 26 24 -26 26 20 -26 26 4 6
3 16 26 4 6 26 20 -26 26 4 -10
4 16 -26 24 6 -26 4 6 -26 20 -26 -26 24 -26
3 16 -26 4 6 -26 4 -10 -26 20 -26
4 16 -30 24 10 -30 24 -30 -30 20 -30 -30 0 10
3 16 -30 0 10 -30 20 -30 -30 0 -10
4 16 26 20 -26 -26 20 -26 -26 4 -10 26 4 -10
1 16 -20 0 0 1 0 0 0 1 0 0 0 1 stud.dat
1 16 0 0 0 1 0 0 0 1 0 0 0 1 stud.dat
1 16 20 0 0 1 0 0 0 1 0 0 0 1 stud.dat
