0 BFC CERTIFY CW
4 16 -78 70 140 -39 63.276 140 -39 72 140 -78 72 140
4 16 78 72 140 39 72 140 39 63.276 140 78 70 140
4 16 -80 72 180 -76 72 176 -44 72 176 -40 72 180
4 16 -80 72 140 -76 72 144 -76 72 176 -80 72 180
4 16 -40 72 140 -44 72 144 -76 72 144 -80 72 140
4 16 -40 72 180 -44 72 176 -44 72 144 -40 72 140
1 16 0 72 142 0 0 40 0 -1 0 2 0 0 rect1.dat
1 16 0 72 178 0 0 40 0 -1 0 -2 0 0 rect1.dat
4 16 40 72 180 44 72 176 76 72 176 80 72 180
4 16 40 72 140 44 72 144 44 72 176 40 72 180
4 16 80 72 140 76 72 144 44 72 144 40 72 140
4 16 80 72 180 76 72 176 76 72 144 80 72 140
1 16 38 50 150.5 0 0 -2 0 22 0 1 0 0 box4-3p.dat
1 16 38 50 169.5 0 0 -2 0 22 0 1 0 0 box4-3p.dat
1 16 -38 50 150.5 0 0 2 0 22 0 1 0 0 box4-3p.dat
1 16 -38 50 169.5 0 0 2 0 22 0 1 0 0 box4-3p.dat
1 16 -60 52 160 1 0 0 0 -5 0 0 0 1 stud4.dat
1 16 -20 4 160 1 0 0 0 -16 0 0 0 1 stud4.dat
1 16 0 4 160 1 0 0 0 -16 0 0 0 1 stud4.dat
1 16 20 4 160 1 0 0 0 -16 0 0 0 1 stud4.dat
1 16 60 52 160 1 0 0 0 -5 0 0 0 1 stud4.dat
1 16 20 4 148 0 0 1 0 44 0 4 0 0 BOX3U2P.DAT
1 16 0 4 148 0 0 1 0 44 0 4 0 0 BOX3U2P.DAT
1 16 -20 4 148 0 0 1 0 44 0 4 0 0 BOX3U2P.DAT
1 16 -20 4 172 0 0 1 0 44 0 4 0 0 BOX3U2P.DAT
1 16 0 4 172 0 0 1 0 44 0 4 0 0 BOX3U2P.DAT
1 16 20 4 172 0 0 1 0 44 0 4 0 0 BOX3U2P.DAT
0 BFC INVERTNEXT
1 16 -60 72 160 16 0 0 0 -20 0 0 0 16 box5.dat
0 BFC INVERTNEXT
1 16 60 72 160 16 0 0 0 -20 0 0 0 16 box5.dat
0 BFC INVERTNEXT
1 16 0 50 160 36 0 0 0 -46 0 0 0 16 box5-4a.dat
0 BFC INVERTNEXT
1 16 0 72 160 40 0 0 0 -22 0 0 0 16 box4o8a.dat
4 16 -36 50 144 -36 50 176 -40 50 176 -40 50 144
4 16 40 50 144 40 50 176 36 50 176 36 50 144
4 16 -40 0 180 -40 48 180 40 48 180 40 0 180
4 16 -40 48 180 -80 72 180 80 72 180 40 48 180
3 16 -80 48 180 -80 72 180 -40 48 180
4 16 -80 48 140 -80 68 140 -80 72 180 -80 48 180
1 16 0 67.4655 140 37 0 0 0 0 4.5345 0 1 0 rect3.dat
4 16 -37 62.931 140 -20 60 140 20 60 140 37 62.931 140
3 16 40 48 140 20 58 140 40 0 140
4 16 40 0 140 20 58 140 -20 58 140 -40 0 140
3 16 80 48 140 80 68 140 78 68 140
4 16 80 48 140 78 68 140 20 58 140 40 48 140
3 16 -20 58 140 -40 48 140 -40 0 140
3 16 -78 68 140 -80 68 140 -80 48 140
4 16 -40 48 140 -20 58 140 -78 68 140 -80 48 140
4 16 80 48 180 80 72 180 80 68 140 80 48 140
3 16 40 48 180 80 72 180 80 48 180
0 BFC INVERTNEXT
1 16 60 24 160 0 0 -20 0 24 0 20 0 0 box2-5.dat
0 BFC INVERTNEXT
1 16 -60 24 160 0 0 20 0 24 0 -20 0 0 box2-5.dat
1 16 0 0 160 40 0 0 0 1 0 0 0 20 rect2p.dat
