0 BFC CERTIFY CCW
1 16 0 20 -10 1 0 0 0 -1 0 0 0 1 p/stud4a.dat
1 16 0 4 -10 6 0 0 0 6 0 0 0 6 p/2-4edge.dat
1 16 0 4 -10 6 0 0 0 99 6 0 0 -6 p/2-4edge.dat
1 16 0 4 -10 8 0 0 0 8 0 0 0 8 p/2-4edge.dat
1 16 0 4 -10 8 0 0 0 99 8 0 0 -8 p/2-4edge.dat
0 BFC INVERTNEXT
1 16 0 10 -10 0 0 6 0 -6 0 -6 0 0 p/1-4cyls.dat
0 BFC INVERTNEXT
1 16 0 10 -10 0 0 -6 0 -6 0 -6 0 0 p/1-4cyls.dat
0 BFC INVERTNEXT
1 16 0 4 -10 6 0 0 0 16 0 0 0 6 p/2-4cyli.dat
0 BFC INVERTNEXT
1 16 0 10 -10 6 0 0 0 10 0 0 0 -6 p/2-4cyli.dat
1 16 0 12 -10 0 0 8 0 -8 0 -8 0 0 p/1-4cyls.dat
1 16 0 12 -10 0 0 -8 0 -8 0 -8 0 0 p/1-4cyls.dat
1 16 0 4 -10 8 0 0 0 16 0 0 0 8 p/2-4cyli.dat
1 16 0 12 -10 8 0 0 0 8 0 0 0 -8 p/2-4cyli.dat
4 16 20 24 10 16 24 6 -16 24 6 -20 24 10
4 16 -20 24 10 -16 24 6 -16 24 -26 -20 24 -30
4 16 -20 24 -30 -16 24 -26 16 24 -26 20 24 -30
4 16 20 24 -30 16 24 -26 16 24 6 20 24 10
4 16 16 4 6 16 4 -10 -16 4 -10 -16 4 6
4 16 20 0 -10 20 0 10 -20 0 10 -20 0 -10
4 16 -20 24 10 -20 0 10 20 0 10 20 24 10
4 16 16 24 6 16 4 6 -16 4 6 -16 24 6
4 16 -16 24 -26 -16 20 -26 16 20 -26 16 24 -26
4 16 20 24 -30 20 20 -30 -20 20 -30 -20 24 -30
4 16 20 24 10 20 0 10 20 20 -30 20 24 -30
3 16 20 0 10 20 0 -10 20 20 -30
4 16 16 20 -26 16 4 6 16 24 6 16 24 -26
3 16 16 20 -26 16 4 -10 16 4 6
4 16 -16 24 6 -16 4 6 -16 20 -26 -16 24 -26
3 16 -16 4 6 -16 4 -10 -16 20 -26
4 16 -20 20 -30 -20 0 10 -20 24 10 -20 24 -30
3 16 -20 20 -30 -20 0 -10 -20 0 10
4 16 16 20 -26 -16 20 -26 -16 4 -10 16 4 -10
1 16 -10 0 0 1 0 0 0 1 0 0 0 1 p/stud.dat
1 16 10 0 0 1 0 0 0 1 0 0 0 1 p/stud.dat
