0 BFC CERTIFY CCW
1 16 12 -170 -9 0 0 59 0 4 0 -31 0 0 p/48/3-16cylo.dat
1 16 12 -170 -9 0 0 59 0 1 0 -31 0 0 p/48/3-16chrd.dat
1 16 12 -166 -9 0 0 59 0 -1 0 -31 0 0 p/48/3-16chrd.dat
4 16 80 0 -40 76 0 -36 76 0 36 80 0 40
1 16 40 -20 0 -1 0 0 0 -4 0 0 0 1 p/stud8a.dat
1 16 40 -20 0 -11.3137 0 -11.3137 0 -1 0 11.3137 0 -11.3137 p/1-4edge.dat
1 16 40 -20 0 -11.3137 0 -11.3137 0 -1 0 11.3137 0 -11.3137 p/1-4ndis.dat
1 16 40 -20 0 -11.3137 0 11.3137 0 -18 0 -11.3137 0 -11.3137 p/3-4cyli.dat
0 BFC INVERTNEXT
1 16 40 -20 0 -9.89949 0 9.89949 0 -18 0 -9.89949 0 -9.89949 p/3-4cyli.dat
1 16 40 -20 0 -12.9343 0 -5.35757 0 -1 0 5.35757 0 -12.9343 p/1-8edge.dat
1 16 40 -20 0 -12.9343 0 -5.35757 0 -1 0 5.35757 0 -12.9343 p/1-8chrd.dat
1 16 40 -38 0 -11.3137 0 11.3137 0 -1 0 -11.3137 0 -11.3137 p/3-4edge.dat
1 16 40 -38 0 -11.3137 0 11.3137 0 -1 0 -11.3137 0 -11.3137 p/1-8ndis.dat
1 16 40 -38 0 -11.3137 0 11.3137 0 -1 0 11.3137 0 11.3137 p/1-8ndis.dat
1 16 40 -38 0 0 0 16 0 -1 0 -16 0 0 p/2-4ndis.dat
1 16 40 -38 0 -9.89949 0 9.89949 0 -1 0 -9.89949 0 -9.89949 p/3-4edge.dat
1 16 40 -38 0 -9.89949 0 9.89949 0 -1 0 -9.89949 0 -9.89949 p/3-4chrd.dat
4 16 28.6864 -20 -7.7833 28.6864 -38 -7.7833 30.1005 -38 -9.8995 30.1005 -20 -9.8995
4 16 30.1005 -38 9.8995 28.6864 -38 7.7833 28.6864 -20 7.7833 30.1005 -20 9.8995
1 16 28.6864 -29 0 0 -1 0 -9 0 0 0 0 -7.7833 p/rect.dat
4 16 67 -85 -20 60 -85 -20 60 -67.8 -21.6 67.7 -67.8 -21.6
4 16 67.7 -67.8 -21.6 60 -67.8 -21.6 60 -53 -25.2 69.5 -53 -25.2
4 16 69.5 -53 -25.2 60 -53 -25.2 60 -41 -29 72.4 -41 -29
3 16 72.4 -41 -29 60 -41 -29 74.9 -34 -32.8
4 16 60 -41 -29 26 -41 -29 26 -34 -32.8 74.9 -34 -32.8
4 16 74.9 -34 -32.8 26 -34 -32.8 26 -24 -40 80 -24 -40
4 16 60 -67.8 21.6 60 -85 20 67 -85 20 67.7 -67.8 21.6
4 16 60 -53 25.2 60 -67.8 21.6 67.7 -67.8 21.6 69.5 -53 25.2
4 16 60 -41 29 60 -53 25.2 69.5 -53 25.2 72.4 -41 29
3 16 60 -41 29 72.4 -41 29 74.9 -34 32.8
4 16 26 -34 32.8 26 -41 29 60 -41 29 74.9 -34 32.8
4 16 26 -24 40 26 -34 32.8 74.9 -34 32.8 80 -24 40
4 16 73.1596 -26.7944 33.8842 73.1596 -26.7944 -33.8842 80 -24 -35.9695 80 -24 35.9695
4 16 68.2771 -31 -30.7 73.1596 -26.7944 -33.8842 73.1596 -26.7944 33.8842 68.2771 -31 30.7
4 16 68.2771 -31 -30.7 68.2771 -31 30.7 64.7056 -38 26.9 64.7056 -38 -26.9
4 16 63 -49.5 -22.8 64.7056 -38 -26.9 64.7056 -38 26.9 63 -49.5 22.8
3 16 67 -85 -16 67 -85 -20 67.7 -67.8 -21.6
3 16 67 -85 -16 67.7 -67.8 -21.6 67.9068 -66.1 -18.5
3 16 67.9068 -66.1 -18.5 67.7 -67.8 -21.6 69.5 -53 -25.2
3 16 69.5 -53 -25.2 70.2636 -49.5 -22.8 67.9068 -66.1 -18.5
3 16 70.2636 -49.5 -22.8 69.5 -53 -25.2 72.4 -41 -29
3 16 72.4 -41 -29 73.2 -38 -26.9 70.2636 -49.5 -22.8
3 16 73.2 -38 -26.9 72.4 -41 -29 74.9 -34 -32.8
3 16 74.9 -34 -32.8 76.18 -31 -30.7 73.2 -38 -26.9
3 16 76.18 -31 -30.7 74.9 -34 -32.8 80 -24 -35.9695
3 16 74.9 -34 -32.8 80 -24 -40 80 -24 -35.9695
4 16 63 -85 -16 67 -85 -16 67.9068 -66.1 -18.5 63 -66.1 -18.5
4 16 63 -66.1 -18.5 67.9068 -66.1 -18.5 70.2636 -49.5 -22.8 63 -49.5 -22.8
4 16 63 -49.5 -22.8 70.2636 -49.5 -22.8 73.2 -38 -26.9 64.7056 -38 -26.9
4 16 68.2771 -31 -30.7 64.7056 -38 -26.9 73.2 -38 -26.9 76.18 -31 -30.7
4 16 73.1596 -26.7944 -33.8842 68.2771 -31 -30.7 76.18 -31 -30.7 80 -24 -35.9695
3 16 67.7 -67.8 21.6 67 -85 20 67 -85 16
3 16 67.7 -67.8 21.6 67 -85 16 67.9068 -66.1 18.5
3 16 69.5 -53 25.2 67.7 -67.8 21.6 67.9068 -66.1 18.5
3 16 67.9068 -66.1 18.5 70.2636 -49.5 22.8 69.5 -53 25.2
3 16 72.4 -41 29 69.5 -53 25.2 70.2636 -49.5 22.8
3 16 70.2636 -49.5 22.8 73.2 -38 26.9 72.4 -41 29
3 16 74.9 -34 32.8 72.4 -41 29 73.2 -38 26.9
3 16 73.2 -38 26.9 76.18 -31 30.7 74.9 -34 32.8
3 16 80 -24 40 74.9 -34 32.8 80 -24 35.9695
3 16 74.9 -34 32.8 76.18 -31 30.7 80 -24 35.9695
4 16 67.9068 -66.1 18.5 67 -85 16 63 -85 16 63 -66.1 18.5
4 16 70.2636 -49.5 22.8 67.9068 -66.1 18.5 63 -66.1 18.5 63 -49.5 22.8
4 16 73.2 -38 26.9 70.2636 -49.5 22.8 63 -49.5 22.8 64.7056 -38 26.9
4 16 73.2 -38 26.9 64.7056 -38 26.9 68.2771 -31 30.7 76.18 -31 30.7
4 16 76.18 -31 30.7 68.2771 -31 30.7 73.1596 -26.7944 33.8842 80 -24 35.9695
1 16 63 -72 0 0 17 0 12 0 0 0 0 12 p/4-4cylo.dat
0 BFC INVERTNEXT
1 16 60 -72 0 0 20 0 9 0 0 0 0 9 p/4-4cylo.dat
1 16 63 -72 0 0 -1 0 12 0 0 0 0 12 p/4-4ndis.dat
1 16 60 -72 0 0 1 0 9 0 0 0 0 9 p/4-4ndis.dat
1 16 80 -72 0 0 -1 0 3 0 0 0 0 3 p/4-4ring3.dat
4 16 63 -60 12 63 -60 -12 63 -49.5 -22.8 63 -49.5 22.8
4 16 63 -66.1 18.5 63 -85 16 63 -84 12 63 -60 12
4 16 63 -84 -12 63 -85 -16 63 -66.1 -18.5 63 -60 -12
3 16 63 -66.1 -18.5 63 -49.5 -22.8 63 -60 -12
3 16 63 -66.1 18.5 63 -60 12 63 -49.5 22.8
4 16 63 -85 -16 63 -84 -12 63 -84 12 63 -85 16
4 16 60 -53 25.2 60 -41 29 60 -41 -29 60 -53 -25.2
4 16 60 -63 -9 60 -63 9 60 -53 25.2 60 -53 -25.2
4 16 60 -85 -20 60 -81 -9 60 -63 -9 60 -67.8 -21.6
4 16 60 -81 9 60 -81 -9 60 -85 -20 60 -85 20
4 16 60 -63 9 60 -81 9 60 -85 20 60 -67.8 21.6
3 16 60 -67.8 21.6 60 -53 25.2 60 -63 9
3 16 60 -67.8 -21.6 60 -63 -9 60 -53 -25.2
4 16 70.5 -24 -36 70.5 -24 36 76 -20 36 76 -20 -36
4 16 70.5 -24 -36 63.5 -31 -30.7 63.5 -31 30.7 70.5 -24 36
4 16 63.5 -31 -30.7 60.9 -38 -26.9 60.9 -38 26.9 63.5 -31 30.7
4 16 76 -20 36 70.5 -24 36 28.6863 -24 36 28.6863 -20 36
4 16 63.5 -31 30.7 28.6863 -31 30.7 28.6863 -24 36 70.5 -24 36
4 16 28.6863 -31 30.7 63.5 -31 30.7 60.9 -38 26.9 28.6863 -38 26.9
4 16 28.6863 -24 -36 70.5 -24 -36 76 -20 -36 28.6863 -20 -36
4 16 28.6863 -24 -36 28.6863 -31 -30.7 63.5 -31 -30.7 70.5 -24 -36
4 16 60.9 -38 -26.9 63.5 -31 -30.7 28.6863 -31 -30.7 28.6863 -38 -26.9
4 16 28.6863 -20 -11.3137 28.6863 -38 -11.3137 28.6863 -38 -26.9 28.6863 -31 -30.7
4 16 28.6863 -20 -11.3137 28.6863 -31 -30.7 28.6863 -24 -36 28.6863 -20 -36
4 16 28.6863 -38 26.9 28.6863 -38 11.3137 28.6863 -20 11.3137 28.6863 -31 30.7
4 16 28.6863 -24 36 28.6863 -31 30.7 28.6863 -20 11.3137 28.6863 -20 36
1 16 43 -41 0 17 0 0 0 1 0 0 0 29 p/rect.dat
4 16 26 -41 -29 26 -41 29 26 -34 32.8 26 -34 -32.8
4 16 26 -24 -40 26 -34 -32.8 26 -34 32.8 26 -24 40
1 16 60 -94 0 0 1 0 0 0 -9 -20 0 0 p/rect3.dat
1 16 43 -103 0 0 0 -17 0 -1 0 -20 0 0 p/rect3.dat
4 16 26 -112 -20 26 -112 -16 26 -107 -16 26 -103 -20
4 16 26 -107 16 26 -112 16 26 -112 20 26 -103 20
4 16 26 -107 -16 26 -107 16 26 -103 20 26 -103 -20
1 16 63 -113 0 0 -1 0 0 0 -28 16 0 0 p/rect3.dat
1 16 43 -107 0 0 0 -17 0 1 0 16 0 0 p/rect.dat
1 16 60 -124.3 0 0 1 0 0 0 -17.3 -16 0 0 p/rect3.dat
4 16 60 -107 -16 26 -107 -16 26 -112 -16 60 -141.6 -16
4 16 26 -112 16 26 -107 16 60 -107 16 60 -141.6 16
4 16 65.2153 -149.884 -16 63 -141 -16 63 -141 16 65.2153 -149.884 16
4 16 66.4238 -158.865 -16 65.2153 -149.884 -16 65.2153 -149.884 16 66.4238 -158.865 16
4 16 67 -168 -16 66.4238 -158.865 -16 66.4238 -158.865 16 67 -168 16
4 16 60 -141.6 16 60 -141.6 -16 62.2153 -149.884 -16 62.2153 -149.884 16
4 16 62.2153 -149.884 16 62.2153 -149.884 -16 63.4238 -158.865 -16 63.4238 -158.865 16
4 16 63.4238 -158.865 16 63.4238 -158.865 -16 64 -168 -16 64 -168 16
1 16 65.5 -168 0 -1.5 0 0 0 1 0 0 0 -16 p/rect.dat
4 16 67 -85 -16 63 -85 -16 63 -141 -16 65.2153 -149.884 -16
3 16 66.4238 -158.865 -16 67 -168 -16 67 -85 -16
3 16 66.4238 -158.865 -16 67 -85 -16 65.2153 -149.884 -16
4 16 67 -166 -20 67 -85 -20 67 -85 -16 67 -168 -16
4 16 60 -103 -20 60 -85 -20 67 -85 -20 67 -166 -20
4 16 63 -141 16 63 -85 16 67 -85 16 65.2153 -149.884 16
3 16 67 -168 16 66.4238 -158.865 16 67 -85 16
3 16 67 -85 16 66.4238 -158.865 16 65.2153 -149.884 16
4 16 67 -85 16 67 -85 20 67 -168 20 67 -168 16
4 16 67 -85 20 60 -85 20 60 -103 20 67 -168 20
1 16 11.3445 -171.296 -32 0 -1 0.25785 0 0 1.296 -8 0 0 p/rect3.dat
1 16 11.3445 -164.704 -32 0 -1 0.25785 0 0 -1.296 8 0 0 p/rect3.dat
4 16 25.6409 -211.576 -16 28 -210.759 -20 33.5 -208.97 -20 33.5 -208.97 -16
4 16 24 -211.952 -30 24 -170 -30 28 -170 -30 28 -210.759 -30
1 16 28 -190.38 -25 0 -1 0 0 0 20.3795 -5 0 0 p/rect.dat
1 16 24 -190.976 -27 0 1 0 0 0 -20.976 -3 0 0 p/rect.dat
4 16 28 -210.759 -20 25.6409 -211.576 -16 25.6409 -211.576 -30 28 -210.759 -30
4 16 24 -211.952 -24 24 -211.952 -30 25.6409 -211.576 -30 25.6409 -211.576 -16
3 16 24 -211.952 -16 24 -211.952 -20 25.6409 -211.576 -16
1 16 22.8876 -162.408 -27 0 1 0.7147 0 0 -3.592 -3 0 0 p/rect3.dat
4 16 27.6023 -166 -30 23.6023 -166 -30 22.1729 -158.816 -30 25.8684 -157.285 -30
1 16 26.7354 -161.643 -25 0 -1 0.86695 0 0 -4.3575 5 0 0 p/rect3.dat
3 16 12 -168 -40 11.6023 -166 -40 12 -166 -40
3 16 12 -170 -40 11.6023 -170 -40 12 -168 -40
4 16 23.6023 -166 -24 12 -166 -40 11.6023 -166 -40 11.6023 -166 -24
4 16 23.6023 -166 -24 11.6023 -166 -24 11.0866 -163.408 -24 22.1729 -158.816 -24
3 16 11.0866 -163.408 -24 12 -156 -24 22.1729 -158.816 -24
3 16 22.1729 -158.816 -24 12 -156 -24 0 -143.999 -24
3 16 0 -143.999 -24 12 -156 -24 0 -156 -24
4 16 67 -170 -20 67 -166 -20 67 -168 -16 67 -170 -16
4 16 67 -170 -20 66.5101 -170 -20.8637 66.5101 -166 -20.8637 67 -166 -20
4 16 67 -170 -16 67 -168 -16 64 -168 -16 25.6409 -211.576 -16
4 16 67 -170 -20 33.5 -208.97 -20 28 -210.759 -20 28 -170 -20
4 16 28 -170 -20 28 -170 -30 66.5101 -170 -20.8637 67 -170 -20
4 16 24 -170 -24 11.6023 -170 -24 11.6023 -170 -40 12 -170 -40
3 16 24 -170 -30 24 -170 -24 12 -170 -40
3 16 24 -170 -30 12 -170 -40 28 -170 -30
3 16 28 -170 -30 12 -170 -40 66.5101 -170 -20.8637
4 16 12 -180 -24 11.0866 -172.592 -24 11.6023 -170 -24 24 -170 -24
4 16 12 -180 -24 24 -170 -24 24 -211.952 -24 17.3396 -213.465 -24
3 16 12 -166 -40 23.6023 -166 -24 23.6023 -166 -30
3 16 12 -166 -40 23.6023 -166 -30 27.6023 -166 -30
4 16 66.5101 -166 -20.8637 27.6023 -166 -30 27.6023 -166 -20 67 -166 -20
3 16 12 -166 -40 27.6023 -166 -30 66.5101 -166 -20.8637
4 16 26 -103 -20 60 -103 -20 67 -166 -20 26 -112 -20
4 16 15.1535 -131.416 -20 26 -112 -20 67 -166 -20 25.8684 -157.285 -20
3 16 27.6023 -166 -20 25.8684 -157.285 -20 67 -166 -20
1 16 24 -189.976 -18 0 1 0 0 0 -21.976 -2 0 0 p/rect3.dat
4 16 64 -168 -16 24 -168 -16 24 -211.952 -16 25.6409 -211.576 -16
4 16 63.4238 -158.865 -16 24 -144 -16 24 -168 -16 64 -168 -16
4 16 24 -144 -16 63.4238 -158.865 -16 62.2153 -149.884 -16 60 -141.6 -16
4 16 26 -112 -16 0 -144 -16 24 -144 -16 60 -141.6 -16
3 16 0 -144 -20 0 -159 -20 9 -159 -20
3 16 0 -144 -20 9 -159 -20 24 -168 -20
4 16 24 -168 -20 9 -159 -20 9 -177 -20 24 -211.952 -20
4 16 17.3396 -213.465 -24 0 -215 -24 0 -180 -24 12 -180 -24
3 16 24 -211.952 -20 24 -211.952 -24 25.6409 -211.576 -16
4 16 17.3396 -213.465 -20 17.3396 -213.465 -24 24 -211.952 -24 24 -211.952 -20
4 16 9 -177 -20 0 -177 -20 0 -215 -20 17.3396 -213.465 -20
3 16 9 -177 -20 17.3396 -213.465 -20 24 -211.952 -20
1 16 11.3445 -171.296 32 0 -1 0.25785 0 0 1.296 -8 0 0 p/rect3.dat
1 16 11.3445 -164.704 32 0 -1 0.25785 0 0 -1.296 8 0 0 p/rect3.dat
4 16 33.5 -208.97 20 28 -210.759 20 25.6409 -211.576 16 33.5 -208.97 16
4 16 28 -170 30 24 -170 30 24 -211.952 30 28 -210.759 30
1 16 28 -190.38 25 0 -1 0 -20.3795 0 0 0 0 -5 p/rect.dat
1 16 24 -190.976 27 0 1 0 20.976 0 0 0 0 -3 p/rect.dat
4 16 25.6409 -211.576 30 25.6409 -211.576 16 28 -210.759 20 28 -210.759 30
4 16 25.6409 -211.576 30 24 -211.952 30 24 -211.952 24 25.6409 -211.576 16
3 16 24 -211.952 20 24 -211.952 16 25.6409 -211.576 16
1 16 22.8876 -162.408 27 0 1 0.7147 0 0 -3.592 -3 0 0 p/rect3.dat
4 16 22.1729 -158.816 30 23.6023 -166 30 27.6023 -166 30 25.8684 -157.285 30
1 16 26.7354 -161.643 25 0 -1 0.86695 0 0 -4.3575 5 0 0 p/rect3.dat
3 16 11.6023 -166 40 12 -168 40 12 -166 40
3 16 11.6023 -170 40 12 -170 40 12 -168 40
4 16 11.6023 -166 40 12 -166 40 23.6023 -166 24 11.6023 -166 24
4 16 11.0866 -163.408 24 11.6023 -166 24 23.6023 -166 24 22.1729 -158.816 24
3 16 12 -156 24 11.0866 -163.408 24 22.1729 -158.816 24
3 16 12 -156 24 22.1729 -158.816 24 0 -143.999 24
3 16 12 -156 24 0 -143.999 24 0 -156 24
4 16 67 -168 16 67 -166 20 67 -170 20 67 -170 16
4 16 66.5101 -166 20.8637 66.5101 -170 20.8637 67 -170 20 67 -166 20
4 16 64 -168 16 67 -168 16 67 -170 16 25.6409 -211.576 16
4 16 28 -210.759 20 33.5 -208.97 20 67 -170 20 28 -170 20
4 16 66.5101 -170 20.8637 28 -170 30 28 -170 20 67 -170 20
4 16 11.6023 -170 40 11.6023 -170 24 24 -170 24 12 -170 40
3 16 24 -170 24 24 -170 30 12 -170 40
3 16 12 -170 40 24 -170 30 28 -170 30
3 16 12 -170 40 28 -170 30 66.5101 -170 20.8637
4 16 11.6023 -170 24 11.0866 -172.592 24 12 -180 24 24 -170 24
4 16 24 -211.952 24 24 -170 24 12 -180 24 17.3396 -213.465 24
3 16 23.6023 -166 24 12 -166 40 23.6023 -166 30
3 16 23.6023 -166 30 12 -166 40 27.6023 -166 30
4 16 27.6023 -166 20 27.6023 -166 30 66.5101 -166 20.8637 67 -166 20
3 16 27.6023 -166 30 12 -166 40 66.5101 -166 20.8637
4 16 67 -166 20 60 -103 20 26 -103 20 26 -112 20
4 16 67 -166 20 26 -112 20 15.1535 -131.416 20 25.8684 -157.285 20
3 16 25.8684 -157.285 20 27.6023 -166 20 67 -166 20
1 16 24 -189.976 18 0 1 0 0 0 -21.976 -2 0 0 p/rect3.dat
4 16 24 -211.952 16 24 -168 16 64 -168 16 25.6409 -211.576 16
4 16 24 -168 16 24 -144 16 63.4238 -158.865 16 64 -168 16
4 16 62.2153 -149.884 16 63.4238 -158.865 16 24 -144 16 60 -141.6 16
4 16 24 -144 16 0 -144 16 26 -112 16 60 -141.6 16
3 16 0 -159 20 0 -144 20 9 -159 20
3 16 9 -159 20 0 -144 20 24 -168 20
4 16 9 -177 20 9 -159 20 24 -168 20 24 -211.952 20
4 16 0 -180 24 0 -215 24 17.3396 -213.465 24 12 -180 24
3 16 24 -211.952 24 24 -211.952 20 25.6409 -211.576 16
4 16 24 -211.952 24 17.3396 -213.465 24 17.3396 -213.465 20 24 -211.952 20
4 16 0 -215 20 0 -177 20 9 -177 20 17.3396 -213.465 20
3 16 17.3396 -213.465 20 9 -177 20 24 -211.952 20
4 16 30.1005 -38 -9.8995 28.6864 -38 -7.7833 28.6864 -38 7.7833 30.1005 -38 9.8995
3 16 28.6863 -38 11.3137 28.6863 -38 26.9 40 -38 22.6274
3 16 40 -38 22.6274 28.6863 -38 26.9 60.9 -38 26.9
3 16 28.6863 -38 -26.9 28.6863 -38 -11.3137 40 -38 -22.6274
3 16 28.6863 -38 -26.9 40 -38 -22.6274 60.9 -38 -26.9
4 16 40 -38 -22.6274 40 -38 -16 56 -38 -16 60.9 -38 -26.9
4 16 60.9 -38 -26.9 56 -38 -16 56 -38 16 60.9 -38 26.9
4 16 40 -38 22.6274 60.9 -38 26.9 56 -38 16 40 -38 15.9998
1 16 0 -170 -24 0 0 67 -45 0 0 0 4 0 p/48/1-24cylo.dat
1 16 0 -170 -24 0 0 67 -45 0 0 0 1 0 p/48/1-24chrd.dat
1 16 0 -170 -20 0 0 67 -45 0 0 0 -1 0 p/48/1-24chrd.dat
1 16 0 -170 -16 67 0 0 0 0 -45 0 -1 0 p/48/3-16chrd.dat
1 16 0 -170 -16 67 0 0 0 0 -45 0 1 0 p/48/3-16edge.dat
1 16 0 -170 -20 67 0 0 0 0 -45 0 -1 0 p/48/1-6edge.dat
1 16 0 -170 -20 67 0 0 0 0 -45 0 1 0 p/48/1-6chrd.dat
1 16 0 -170 -20 67 0 0 0 0 -45 0 4 0 p/48/1-6cyli.dat
1 16 0 -170 24 0 0 67 -45 0 0 0 -4 0 p/48/1-24cylo.dat
1 16 0 -170 24 0 0 67 -45 0 0 0 -1 0 p/48/1-24chrd.dat
1 16 0 -170 20 0 0 67 -45 0 0 0 1 0 p/48/1-24chrd.dat
1 16 0 -170 16 67 0 0 0 0 -45 0 1 0 p/48/3-16chrd.dat
1 16 0 -170 20 67 0 0 0 0 -45 0 -1 0 p/48/1-6chrd.dat
1 16 0 -170 20 67 0 0 0 0 -45 0 -4 0 p/48/1-6cyli.dat
1 16 0 -168 -24 0 0 12 12 0 0 0 1 0 p/3-16ndis.dat
1 16 0 -168 -24 0 0 12 -12 0 0 0 1 0 p/3-16ndis.dat
1 16 0 -168 -20 24 0 0 0 0 24 0 -1 0 p/1-4chrd.dat
1 16 0 -168 -24 22.1731 0 -9.1844 9.1844 0 22.1731 0 1 0 p/3-16chrd.dat
1 16 0 -168 24 0 0 12 12 0 0 0 -1 0 p/3-16ndis.dat
1 16 0 -168 24 0 0 12 -12 0 0 0 -1 0 p/3-16ndis.dat
1 16 0 -168 20 24 0 0 0 0 24 0 1 0 p/1-4chrd.dat
1 16 0 -168 24 22.1731 0 -9.1844 9.1844 0 22.1731 0 -1 0 p/3-16chrd.dat
1 16 0 -168 20 25.8686 0 -10.7151 10.7151 0 25.8686 0 -1 0 p/3-16ndis.dat
1 16 0 -168 -20 25.8686 0 -10.7151 10.7151 0 25.8686 0 1 0 p/3-16ndis.dat
1 16 12 -170 9 0 0 59 0 4 0 31 0 0 p/48/3-16cylo.dat
1 16 12 -170 9 0 0 59 0 1 0 31 0 0 p/48/3-16chrd.dat
1 16 12 -166 9 0 0 59 0 -1 0 31 0 0 p/48/3-16chrd.dat
1 16 0 -170 16 67 0 0 0 0 -45 0 -1 0 p/48/3-16edge.dat
1 16 0 -170 20 67 0 0 0 0 -45 0 1 0 p/48/1-6edge.dat
4 16 17.3726 -20 0 28.6863 -20 -11.3137 28.6863 -20 -36 16 -20 -16
4 16 28.6863 -20 36 28.6863 -20 11.3137 17.3726 -20 0 16 -20 16
4 16 28.6864 -20 -7.7833 27.0654 -20 -5.3578 27.0654 -20 5.3578 28.6864 -20 7.7833
3 16 16 -20 16 17.3726 -20 0 16 -20 -16
