0 BFC CERTIFY CCW
1 16 0 72 0 6 0 0 0 1 0 0 0 6 p/4-4edge.dat
1 16 0 72 0 10 0 0 0 1 0 0 0 -10 p/3-4edge.dat
1 16 0 4 0 6 0 0 0 1 0 0 0 6 p/4-4edge.dat
1 16 0 0 0 10 0 0 0 1 0 0 0 -10 p/3-4edge.dat
1 16 6 33 40 0 1 0 -2 0 0 0 0 -2 p/1-4edge.dat
1 16 6 39 40 0 1 0 2 0 0 0 0 -2 p/1-4edge.dat
1 16 10 33 40 0 1 0 0 0 -2 2 0 0 p/2-4edge.dat
1 16 10 39 40 0 1 0 0 0 2 2 0 0 p/2-4edge.dat
1 16 13 33 40 0 1 0 -2 0 0 0 0 -2 p/1-4edge.dat
1 16 13 39 40 0 1 0 2 0 0 0 0 -2 p/1-4edge.dat
1 16 15 33 40 0 1 0 0 0 -2 2 0 0 p/2-4edge.dat
1 16 15 39 40 0 1 0 0 0 2 2 0 0 p/2-4edge.dat
1 16 0 72 0 0 0 6 0 -1 0 6 0 0 p/1-4ndis.dat
4 16 0 72 6 0 72 10 6 72 10 6 72 6
4 16 6 72 0 6 72 50 10 72 50 10 72 0
0 BFC INVERTNEXT
1 16 0 4 0 6 0 0 0 68 0 0 0 6 p/4-4cyli.dat
1 16 0 4 0 6 0 0 0 -1 0 0 0 6 p/4-4disc.dat
1 16 0 72 0 0 0 -2 0 -1 0 2 0 0 p/3-4ring3.dat
1 16 0 72 0 0 0 -2 0 -1 0 2 0 0 p/3-4ring4.dat
4 16 6 72 10 6 41 38 6 41 40 6 72 50
4 16 6 72 50 6 41 40 6 31 40 6 0 50
4 16 6 0 50 6 31 40 6 31 38 6 0 10
4 16 6 0 10 6 31 38 6 41 38 6 72 10
4 16 6 72 50 6 0 50 10 0 50 10 72 50
4 16 10 72 50 10 41 42 10 41 38 10 72 0
4 16 10 0 50 10 31 42 10 41 42 10 72 50
4 16 10 0 0 10 31 38 10 31 42 10 0 50
4 16 10 72 0 10 41 38 10 31 38 10 0 0
1 16 0 0 0 10 0 0 0 72 0 0 0 -10 p/3-4cyli.dat
4 16 0 72 10 0 0 10 6 0 10 6 72 10
1 16 0 0 0 10 0 0 0 1 0 0 0 -10 p/3-4disc.dat
4 16 10 0 0 10 0 10 0 0 10 0 0 0
4 16 10 0 10 10 0 50 6 0 50 6 0 10
4 16 10 33 42 15 33 42 15 39 42 10 39 42
4 16 6 41 40 13 41 40 13 31 40 6 31 40
4 16 13 39 38 15 39 38 15 33 38 13 33 38
4 16 6 33 38 10 33 38 10 39 38 6 39 38
4 16 13 39 40 13 39 38 13 33 38 13 33 40
4 16 15 33 42 15 33 38 15 39 38 15 39 42
1 16 6 33 40 0 1 0 -2 0 0 0 0 -2 p/1-4ndis.dat
1 16 6 39 40 0 1 0 2 0 0 0 0 -2 p/1-4ndis.dat
1 16 10 33 40 0 -1 0 0 0 -2 -2 0 0 p/2-4ndis.dat
1 16 10 39 40 0 -1 0 0 0 2 -2 0 0 p/2-4ndis.dat
1 16 13 33 40 0 1 0 -2 0 0 0 0 -2 p/1-4disc.dat
1 16 13 39 40 0 1 0 2 0 0 0 0 -2 p/1-4disc.dat
1 16 15 33 40 0 -1 0 0 0 -2 -2 0 0 p/2-4disc.dat
1 16 15 39 40 0 -1 0 0 0 2 -2 0 0 p/2-4disc.dat
1 16 10 33 40 0 5 0 -2 0 0 0 0 2 p/1-4cyli.dat
1 16 10 39 40 0 5 0 2 0 0 0 0 2 p/1-4cyli.dat
0 BFC INVERTNEXT
1 16 6 33 40 0 4 0 -2 0 0 0 0 -2 p/1-4cyli.dat
0 BFC INVERTNEXT
1 16 6 39 40 0 4 0 2 0 0 0 0 -2 p/1-4cyli.dat
1 16 13 33 40 0 2 0 -2 0 0 0 0 -2 p/1-4cyli.dat
1 16 13 39 40 0 2 0 2 0 0 0 0 -2 p/1-4cyli.dat
