0 BFC CERTIFY CCW
1 16 0 0 10 -1 0 0 0 0 -1 0 -1 0 p/axl2hol2.dat
1 16 0 0 29 -1 0 0 0 0 -1 0 -1 0 p/axl2hol9.dat
1 16 0 0 10 -1 0 0 0 0 -1 0 -1 0 p/axl2hol9.dat
1 16 0 0 29 -1 0 0 0 0 -1 0 -19 0 p/axl2hol8.dat
1 16 0 0 29 -1 0 0 0 0 -1 0 -1 0 p/axl2ho10.dat
1 16 0 0 29 -1 0 0 0 0 -1 0 1 0 p/axl2hol3.dat
0 BFC INVERTNEXT
1 16 0 0 29 -6 0 0 0 0 -6 0 1 0 p/4-4cyli.dat
1 16 0 0 30 -6 0 0 0 0 -6 0 1 0 p/4-4edge.dat
1 16 0 0 30 0 0 -6 6 0 0 0 -1 0 p/1-8tndis.dat
1 16 0 0 30 0 0 6 6 0 0 0 -1 0 p/1-8tndis.dat
1 16 0 0 30 -6 0 0 0 0 -6 0 -1 0 p/1-8tndis.dat
1 16 0 0 30 -6 0 0 0 0 6 0 -1 0 p/1-8tndis.dat
1 16 0 0 30 0 0 6 -6 0 0 0 -1 0 p/1-8tndis.dat
1 16 0 0 30 0 0 -6 -6 0 0 0 -1 0 p/1-8tndis.dat
1 16 0 0 30 6 0 0 0 0 6 0 -1 0 p/1-8tndis.dat
1 16 0 0 30 6 0 0 0 0 -6 0 -1 0 p/1-8tndis.dat
1 16 0 0 10 -6 0 0 0 0 6 0 -1 0 p/4-4disc.dat
1 16 -8.5 0 19.157 0 1 0 -3.44415 0 0 0 0 10.8425 p/rect3.dat
1 16 -8.5 0 0 0 -1 0 3.44415 0 -8.31492 8.31492 0 3.44415 p/1-8edge.dat
1 16 0 4.447 30 -3.44399 0 17.3142 -12.9464 0 -2.57519 0 -1 0 p/48/1-16edge.dat
1 16 0 4.447 30 -3.44399 0 17.3142 -12.9464 0 -2.57519 0 -28.614 0 p/48/1-16cyli.dat
1 16 0 4.447 30 -3.44399 0 17.3142 -12.9464 0 -2.57519 0 -1 0 p/48/1-16chrd.dat
1 16 -9.755 -9.755 30 1.25542 0 6.31142 6.31142 0 -1.25542 0 1 0 p/3-16edge.dat
1 16 -9.755 -9.755 30 1.25542 0 6.31142 6.31142 0 -1.25542 0 -1 0 p/3-16tang.dat
0 BFC INVERTNEXT
1 16 -9.755 -9.755 30 1.25542 0 6.31142 6.31142 0 -1.25542 0 -21.685 0 p/3-16cyli.dat
0 BFC INVERTNEXT
1 16 -9.755 -9.755 8.315 1.25542 0 6.31142 6.31142 0 -1.25542 0 -9.5 0 p/3-16cyls.dat
1 16 9.755 -9.755 30 -1.25542 0 -6.31142 6.31142 0 -1.25542 0 1 0 p/3-16edge.dat
1 16 9.755 -9.755 30 -1.25542 0 -6.31142 6.31142 0 -1.25542 0 -1 0 p/3-16tang.dat
0 BFC INVERTNEXT
1 16 9.755 -9.755 30 -1.25542 0 -6.31142 6.31142 0 -1.25542 0 -21.685 0 p/3-16cyli.dat
0 BFC INVERTNEXT
1 16 9.755 -9.755 8.315 -1.25542 0 -6.31142 6.31142 0 -1.25542 0 -9.5 0 p/3-16cyls.dat
1 16 8.5 0 19.158 0 -1 0 3.44415 0 0 0 0 10.8425 p/rect3.dat
1 16 8.5 0 0 0 1 0 -3.44415 0 8.31492 8.31492 0 3.44415 p/1-8edge.dat
1 16 0 -4.447 30 3.44399 0 -17.3142 12.9464 0 2.57519 0 -1 0 p/48/1-16edge.dat
1 16 0 -4.447 30 3.44399 0 -17.3142 12.9464 0 2.57519 0 -28.614 0 p/48/1-16cyli.dat
1 16 0 -4.447 30 3.44399 0 -17.3142 12.9464 0 2.57519 0 -1 0 p/48/1-16chrd.dat
1 16 9.755 9.755 30 -1.25542 0 -6.31142 -6.31142 0 1.25542 0 1 0 p/3-16edge.dat
1 16 9.755 9.755 30 -1.25542 0 -6.31142 -6.31142 0 1.25542 0 -1 0 p/3-16tang.dat
0 BFC INVERTNEXT
1 16 9.755 9.755 30 -1.25542 0 -6.31142 -6.31142 0 1.25542 0 -21.685 0 p/3-16cyli.dat
0 BFC INVERTNEXT
1 16 9.755 9.755 8.315 -1.25542 0 -6.31142 -6.31142 0 1.25542 0 -9.5 0 p/3-16cyls.dat
1 16 -9.755 9.755 30 1.25542 0 6.31142 -6.31142 0 1.25542 0 1 0 p/3-16edge.dat
1 16 -9.755 9.755 30 1.25542 0 6.31142 -6.31142 0 1.25542 0 -1 0 p/3-16tang.dat
0 BFC INVERTNEXT
1 16 -9.755 9.755 30 1.25542 0 6.31142 -6.31142 0 1.25542 0 -21.685 0 p/3-16cyli.dat
0 BFC INVERTNEXT
1 16 -9.755 9.755 8.315 1.25542 0 6.31142 -6.31142 0 1.25542 0 -9.5 0 p/3-16cyls.dat
4 16 -7.2442 -3.6933 30 -6 0 30 -8.5 3.4442 29.9995 -8.5 -3.4442 29.9995
3 16 -7.2442 3.6933 30 -8.5 3.4442 29.9995 -6 0 30
4 16 -6.1797 4.4043 30 -7.2442 3.6933 30 -6 0 30 -6 4.2426 30
4 16 -5.1152 5.1154 30 -6.1797 4.4043 30 -6 4.2426 30 -4.2426 4.2426 30
4 16 -4.4045 6.1799 30 -5.1152 5.1154 30 -4.2426 4.2426 30 -4.2426 6 30
4 16 -4.4045 6.1799 30 -4.2426 6 30 0 6 30 -3.693 7.2439 30
4 16 3.4434 8.4995 30 -3.4442 8.4997 30 -3.693 7.2439 30 0 6 30
3 16 3.693 7.2439 30 3.4434 8.4995 30 0 6 30
4 16 0 6 30 4.2426 6 30 4.4045 6.1799 30 3.693 7.2439 30
4 16 5.1152 5.1154 30 4.4045 6.1799 30 4.2426 6 30 4.2426 4.2426 30
4 16 6.1797 4.4043 30 5.1152 5.1154 30 4.2426 4.2426 30 6 4.2426 30
4 16 8.4996 -3.4436 30 8.4996 3.4436 30 7.2442 3.6933 30 6 0 30
4 16 6.1797 4.4043 30 6 4.2426 30 6 0 30 7.2442 3.6933 30
4 16 6 0 30 6 -4.2426 30 6.1797 -4.4043 30 7.2442 -3.6933 30
3 16 7.2442 -3.6933 30 8.4996 -3.4436 30 6 0 30
4 16 4.4045 -6.1799 30 5.1152 -5.1154 30 4.2426 -4.2426 30 4.2426 -6 30
4 16 6 -4.2426 30 4.2426 -4.2426 30 5.1152 -5.1154 30 6.1797 -4.4043 30
4 16 4.4045 -6.1799 30 4.2426 -6 30 0 -6 30 3.693 -7.2439 30
4 16 3.693 -7.2439 30 0 -6 30 -3.444 -8.4994 30 3.4434 -8.4995 30
3 16 -3.693 -7.2439 30 -3.444 -8.4994 30 0 -6 30
4 16 0 -6 30 -4.2426 -6 30 -4.4045 -6.1799 30 -3.693 -7.2439 30
4 16 -6.1797 -4.4043 30 -5.1152 -5.1154 30 -4.2426 -4.2426 30 -6 -4.2426 30
4 16 -4.2426 -6 30 -4.2426 -4.2426 30 -5.1152 -5.1154 30 -4.4045 -6.1799 30
4 16 -6 0 30 -7.2442 -3.6933 30 -6.1797 -4.4043 30 -6 -4.2426 30
