0 BFC CERTIFY CW
1 16 -3.75 1.001 0 0 -0.625 0.625 0 -0.5 -0.5 2 0 0 box2-5.dat
1 16 -1.25 1.001 0 0 -0.625 0.625 0 -0.5 -0.5 2 0 0 box2-5.dat
1 16 1.25 1.001 0 0 -0.625 0.625 0 -0.5 -0.5 2 0 0 box2-5.dat
1 16 3.75 1.001 0 0 -0.625 0.625 0 -0.5 -0.5 2 0 0 box2-5.dat
3 16 0 1 2 2.5 1 2 1.25 0 2
3 16 2.5 1 2 5 1 2 3.75 0 2
3 16 2.5 1 -2 0 1 -2 1.25 0 -2
3 16 5 1 -2 2.5 1 -2 3.75 0 -2
3 16 -2.5 1 2 0 1 2 -1.25 0 2
3 16 0 1 -2 -2.5 1 -2 -1.25 0 -2
3 16 -5 1 2 -2.5 1 2 -3.75 0 2
3 16 -2.5 1 -2 -5 1 -2 -3.75 0 -2
