0 BFC CERTIFY CCW
1 16 0 10 -10 1 0 0 0 0 -1 0 1 0 p/peghole2.dat
1 16 0 10 -10 -8 0 0 0 0 -8 0 1 0 p/2-4ndis.dat
1 16 0 10 0 1 0 0 0 0 1 0 -1 0 p/connhol3.dat
1 16 0 10 10 9 0 0 0 0 9 0 -1 0 p/4-4ndis.dat
1 16 0 10 -6 8 0 0 0 0 8 0 -1 0 p/2-4ndis.dat
1 16 8 6 0.5 0 -1 0 0 0 -4 6.5 0 0 p/rect3.dat
1 16 0 10 -6 -8 0 0 0 0 8 0 13 0 p/2-4cylo.dat
1 16 -8 6 0.5 0 1 0 0 0 -4 -6.5 0 0 p/rect3.dat
1 16 0 10 7 -8 0 0 0 0 8 0 1 0 p/2-4ndis.dat
1 16 0 20.9503 7 0 0 .5 -3.0497 0 0 0 -1 0 p/box3u5p.dat
3 16 0 18 -6 8 18 -6 8 24 -6
3 16 0 18 -6 8 24 -6 -8 24 -6
3 16 0 18 -6 -8 24 -6 -8 18 -6
4 16 9.5 24 7 9.5 2 7 8 2 7 8 10 7
3 16 9.5 24 7 8 10 7 8 18 7
4 16 9.5 24 7 8 18 7 .5 18 7 .5 24 7
4 16 -9.5 24 7 -8 10 7 -8 2 7 -9.5 2 7
3 16 -9.5 24 7 -8 18 7 -8 10 7
4 16 -9.5 24 7 -.5 24 7 -.5 18 7 -8 18 7
4 16 -8 24 -8 -8 24 -6 8 24 -6 8 24 -8
4 16 -.5 24 6 -.5 24 7 .5 24 7 .5 24 6
