0 BFC CERTIFY CCW
1 16 0 0 0 1 0 0 0 -5 0 0 0 1 p/stud4.dat
1 16 13.9 0 0 -6.1 0 0 0 10 0 0 0 1 p/box3u6.dat
1 16 0 0 -13.9 0 0 1 0 10 0 6.1 0 0 p/box3u6.dat
1 16 -13.9 0 0 6.1 0 0 0 10 0 0 0 -1 p/box3u6.dat
1 16 0 0 13.9 0 0 -1 0 10 0 -6.1 0 0 p/box3u6.dat
1 16 5.387 10 0 2.41421 0 1 0 1 0 1 0 -2.41421 p/1-8edge.dat
1 16 0 10 5.387 -1 0 2.41421 0 1 0 2.41421 0 1 p/1-8edge.dat
1 16 -5.387 10 0 -2.41421 0 -1 0 1 0 -1 0 2.41421 p/1-8edge.dat
1 16 0 10 -5.387 1 0 -2.41421 0 1 0 -2.41421 0 -1 p/1-8edge.dat
