0 BFC CERTIFY CCW
1 16 0 4 0 1 0 0 0 -1 0 0 0 1 p/stud4.dat
0 BFC INVERTNEXT
1 16 0 8 0 16 0 0 0 -4 0 0 0 16 p/box5.dat
4 16 20 8 -20 16 8 -16 16 8 16 20 8 20
4 16 20 8 20 16 8 16 -16 8 16 -20 8 20
4 16 -20 8 20 -16 8 16 -16 8 -16 -20 8 -20
4 16 -20 8 -20 -16 8 -16 16 8 -16 20 8 -20
4 16 13 0 -8.5 13 0 8.5 -13 0 8.5 -13 0 -8.5
1 16 -14.5 0 0 1.5 0 0 0 1 0 0 0 8.5 p/rect2p.dat
1 16 14.5 0 0 1.5 0 0 0 1 0 0 0 8.5 p/rect2p.dat
1 16 0 0 -12.25 0 0 -13 0 1 0 3.75 0 0 p/rect2p.dat
1 16 0 0 12.25 0 0 -13 0 1 0 3.75 0 0 p/rect2p.dat
0 BFC INVERTNEXT
1 16 0 -8 -16 -13 0 0 0 0 8 0 -.75 0 p/box4-5a.dat
0 BFC INVERTNEXT
1 16 0 -8 16 -13 0 0 0 0 8 0 .75 0 p/box4-5a.dat
0 BFC INVERTNEXT
1 16 16 -8 0 0 .75 0 0 0 8 -8.5 0 0 p/box4-5a.dat
0 BFC INVERTNEXT
1 16 -16 -8 0 0 -.75 0 0 0 8 -8.5 0 0 p/box4-5a.dat
1 16 14.5 -8 -12.25 0 -1.5 0 -8 0 0 0 0 3.75 p/box2-11.dat
1 16 14.5 -8 12.25 0 -1.5 0 -8 0 0 0 0 -3.75 p/box2-11.dat
1 16 -14.5 -8 -12.25 0 1.5 0 -8 0 0 0 0 3.75 p/box2-11.dat
1 16 -14.5 -8 12.25 0 1.5 0 -8 0 0 0 0 -3.75 p/box2-11.dat
4 16 -20 -16 -20 -16 -16 -16 -16 -16 -8.5 -16.75 -16 -8.5
4 16 -16 -16 8.5 -16 -16 16 -20 -16 20 -16.75 -16 8.5
4 16 -16 -16 16 -13 -16 16 -13 -16 16.75 -20 -16 20
4 16 -13 -16 -16.75 -13 -16 -16 -16 -16 -16 -20 -16 -20
4 16 16 -16 -8.5 16 -16 -16 20 -16 -20 16.75 -16 -8.5
4 16 20 -16 20 16 -16 16 16 -16 8.5 16.75 -16 8.5
4 16 13 -16 16.75 13 -16 16 16 -16 16 20 -16 20
4 16 16 -16 -16 13 -16 -16 13 -16 -16.75 20 -16 -20
4 16 13 -16 -16.75 -13 -16 -16.75 -20 -16 -20 20 -16 -20
4 16 20 -16 20 16.75 -16 8.5 16.75 -16 -8.5 20 -16 -20
4 16 13 -16 16.75 20 -16 20 -20 -16 20 -13 -16 16.75
4 16 -16.75 -16 -8.5 -16.75 -16 8.5 -20 -16 20 -20 -16 -20
1 16 0 0 0 1 0 0 0 1 0 0 0 1 parts/s/35700s02.dat
1 16 0 0 0 1 0 0 0 1 0 0 0 -1 parts/s/35700s02.dat
1 16 0 0 0 -1 0 0 0 1 0 0 0 1 parts/s/35700s02.dat
1 16 0 0 0 -1 0 0 0 1 0 0 0 -1 parts/s/35700s02.dat
