0 BFC CERTIFY CCW
1 16 0 4 0 1 0 0 0 -5 0 0 0 1 p/stud3.dat
0 BFC INVERTNEXT
1 16 0 24 0 16 0 0 0 -20 0 0 0 6 p/box5.dat
4 16 16 24 6 -16 24 6 -20 24 10 20 24 10
4 16 -16 24 6 -16 24 -6 -20 24 -10 -20 24 10
4 16 -16 24 -6 16 24 -6 20 24 -10 -20 24 -10
4 16 16 24 -6 16 24 6 20 24 10 20 24 -10
1 16 0 24 0 20 0 0 0 -1 0 0 0 -10 p/recte3.dat
0 BFC INVERTNEXT
1 16 0 10 -18 18 0 0 0 2 -8 0 0 -8 p/box2-5.dat
4 16 20 4 -30 20 24 -10 20 24 10 20 0 10
3 16 20 4 -30 20 0 10 20 0 -30
1 16 0 12 10 20 0 0 0 0 12 0 -1 0 p/rect.dat
4 16 -20 4 -30 -20 0 10 -20 24 10 -20 24 -10
3 16 -20 4 -30 -20 0 -30 -20 0 10
1 16 0 2 -30 20 0 0 0 0 2 0 1 0 p/rect.dat
4 16 18 0 -10 18 20 -10 18 4 -26 18 0 -26
4 16 -18 0 -10 -18 0 -26 -18 4 -26 -18 20 -10
1 16 0 10 -10 18 0 0 0 0 -10 0 1 0 p/rect3.dat
4 16 18 0 -10 20 0 10 -20 0 10 -18 0 -10
4 16 -18 0 -10 -20 0 10 -20 0 -30 -18 0 -26
4 16 -18 0 -26 -20 0 -30 20 0 -30 18 0 -26
4 16 18 0 -26 20 0 -30 20 0 10 18 0 -10
1 16 10 0 0 0 0 1 0 1 0 -1 0 0 p/stud.dat
1 16 10 4 -20 1 0 0 0 2 0 0 0 1 p/stud2a.dat
1 16 10 4 -20 0 0 1 0 6 0 -1 0 0 p/stud2s.dat
1 16 -10 0 0 0 0 1 0 1 0 -1 0 0 p/stud.dat
1 16 -10 4 -20 1 0 0 0 2 0 0 0 1 p/stud2a.dat
1 16 -10 4 -20 0 0 1 0 6 0 -1 0 0 p/stud2s.dat
