0 BFC CERTIFY CW
0 BFC INVERTNEXT
1 16 0 24 0 6 0 0 0 -20 0 0 0 6 p/box5.dat
4 16 -10 24 10 -6 24 6 6 24 6 10 24 10
4 16 -10 24 -10 -6 24 -6 -6 24 6 -10 24 10
4 16 10 24 -10 6 24 -6 -6 24 -6 -10 24 -10
4 16 10 24 10 6 24 6 6 24 -6 10 24 -10
0 BFC INVERTNEXT
1 16 0 10 -18 8 0 0 0 2 -8 0 0 -8 p/box2-5.dat
4 16 10 24 10 10 24 -10 10 4 -30 10 0 10
3 16 10 0 10 10 4 -30 10 0 -30
1 16 0 12 10 10 0 0 0 0 12 0 -1 0 p/rect.dat
4 16 -10 24 10 -10 0 10 -10 4 -30 -10 24 -10
3 16 -10 0 -30 -10 4 -30 -10 0 10
1 16 0 2 -30 10 0 0 0 0 2 0 1 0 p/rect.dat
4 16 8 4 -26 8 20 -10 8 0 -10 8 0 -26
4 16 -8 4 -26 -8 0 -26 -8 0 -10 -8 20 -10
1 16 0 10 -10 8 0 0 0 0 -10 0 1 0 p/rect3.dat
4 16 -10 0 10 10 0 10 8 0 -10 -8 0 -10
4 16 -10 0 -30 -10 0 10 -8 0 -10 -8 0 -26
4 16 10 0 -30 -10 0 -30 -8 0 -26 8 0 -26
4 16 10 0 10 10 0 -30 8 0 -26 8 0 -10
1 16 0 0 0 0 0 1 0 1 0 -1 0 0 p/stud.dat
1 16 0 4 -20 1 0 0 0 2 0 0 0 1 p/stud2a.dat
1 16 0 4 -20 0 0 1 0 6 0 -1 0 0 p/stud2s.dat
