0 BFC CERTIFY CCW
1 16 0 11 -10 6 0 0 0 1 21 0 0 -6 p/2-4edge.dat
1 16 0 11 -10 8 0 0 0 1 28 0 0 -8 p/2-4edge.dat
1 16 0 39 -10 0 0 -8 0 -28 0 -8 0 0 p/1-4cyls.dat
1 16 0 39 -10 0 0 8 0 -28 0 -8 0 0 p/1-4cyls.dat
0 BFC INVERTNEXT
1 16 0 32 -10 0 0 -6 0 -21 0 -6 0 0 p/1-4cyls.dat
0 BFC INVERTNEXT
1 16 0 32 -10 0 0 6 0 -21 0 -6 0 0 p/1-4cyls.dat
0 BFC INVERTNEXT
1 16 0 32 -10 6 0 0 0 7 0 0 0 -6 p/4-4cyli.dat
1 16 0 4 -10 8 0 0 0 35 0 0 0 8 p/2-4cyli.dat
0 BFC INVERTNEXT
1 16 0 4 -10 6 0 0 0 28 0 0 0 6 p/2-4cyli.dat
1 16 0 4 -10 6 0 0 0 1 0 0 0 6 p/2-4edge.dat
1 16 0 4 -10 8 0 0 0 1 0 0 0 8 p/2-4edge.dat
1 16 0 39 -10 1 0 0 0 -8.25 0 0 0 1 p/stud4a.dat
4 16 20 72 10 16 72 6 -16 72 6 -20 72 10
4 16 -20 72 -30 -16 72 -26 16 72 -26 20 72 -30
4 16 -16 72 -26 -20 72 -30 -20 72 10 -16 72 6
4 16 20 72 10 20 72 -30 16 72 -26 16 72 6
1 16 0 38 6 -16 0 0 0 0 34 0 1 0 p/rect.dat
1 16 0 69.5 -26 16 0 0 0 0 2.5 0 -1 0 p/rect.dat
1 16 0 70 -30 0 0 -20 -2 0 0 0 1 0 p/rect.dat
1 16 0 0 0 -20 0 0 0 1 0 0 0 -10 p/rect.dat
1 16 0 35.5 -17 16 0 0 0 -1 -31.5 0 0 9 p/rect3.dat
1 16 0 4 -1 0 0 16 0 -1 0 7 0 0 p/rect2p.dat
3 16 -16 4 6 -16 4 -8 -16 72 6
4 16 -16 4 -8 -16 67 -26 -16 72 -26 -16 72 6
4 16 16 67 -26 16 4 -8 16 72 6 16 72 -26
3 16 16 4 -8 16 4 6 16 72 6
4 16 20 72 10 20 0 10 20 0 -10 20 68 -30
3 16 20 72 -30 20 72 10 20 68 -30
4 16 -20 0 -10 -20 0 10 -20 72 10 -20 68 -30
3 16 -20 68 -30 -20 72 10 -20 72 -30
