0 BFC CERTIFY CCW
0 BFC INVERTNEXT
1 16 0 4 0 26 0 0 0 116 0 0 0 6 p/box4.dat
4 16 30 120 10 26 120 6 -26 120 6 -30 120 10
4 16 -30 120 10 -26 120 6 -26 120 -6 -30 120 -10
4 16 -30 120 -10 -26 120 -6 26 120 -6 30 120 -10
4 16 30 120 -10 26 120 -6 26 120 6 30 120 10
1 16 0 60 -10 0 0 30 60 0 0 0 20 0 p/box3u2p.dat
1 16 20 4 0 4 0 0 0 1 0 0 0 4 p/4-4edge.dat
1 16 -20 4 0 4 0 0 0 1 0 0 0 4 p/4-4edge.dat
1 16 20 0 0 6 0 0 0 1 0 0 0 6 p/4-4edge.dat
1 16 -20 0 0 6 0 0 0 1 0 0 0 6 p/4-4edge.dat
1 16 20 4 0 4 0 0 0 -1 0 0 0 4 p/4-4ndis.dat
1 16 -20 4 0 4 0 0 0 -1 0 0 0 4 p/4-4ndis.dat
4 16 26 4 6 24 4 4 -24 4 4 -26 4 6
4 16 -26 4 6 -24 4 4 -24 4 -4 -26 4 -6
4 16 -26 4 -6 -24 4 -4 24 4 -4 26 4 -6
4 16 26 4 -6 24 4 -4 24 4 4 26 4 6
4 16 16 4 -4 -16 4 -4 -16 4 4 16 4 4
1 16 20 0 0 6 0 0 0 1 0 0 0 6 p/4-4ndis.dat
1 16 -20 0 0 6 0 0 0 1 0 0 0 6 p/4-4ndis.dat
4 16 -30 0 10 -26 0 6 26 0 6 30 0 10
4 16 -30 0 -10 -26 0 -6 -26 0 6 -30 0 10
4 16 30 0 -10 26 0 -6 -26 0 -6 -30 0 -10
4 16 30 0 10 26 0 6 26 0 -6 30 0 -10
4 16 14 0 6 -14 0 6 -14 0 -6 14 0 -6
0 BFC INVERTNEXT
1 16 20 0 0 4 0 0 0 4 0 0 0 4 p/4-4cyli.dat
0 BFC INVERTNEXT
1 16 -20 0 0 4 0 0 0 4 0 0 0 4 p/4-4cyli.dat
1 16 20 0 0 1 0 0 0 1 0 0 0 1 p/stud2a.dat
1 16 0 0 0 1 0 0 0 1 0 0 0 1 p/stud2.dat
1 16 -20 0 0 1 0 0 0 1 0 0 0 1 p/stud2a.dat
