0 BFC CERTIFY CCW
4 16 8.1 -2.438 1.511 8.1 0 1.511 7.39 0 1.793 6.878 -.256 1.997
3 16 6.878 -.256 1.997 7.254 -2.882 1.848 8.1 -2.438 1.511
3 16 6.878 -.256 1.997 6.878 -3.825 1.997 7.254 -2.882 1.848
3 16 6.878 -3.825 1.997 6.878 -.256 1.997 5.912 -.738 2.477
4 16 5.659 -4.391 2.603 6.878 -3.825 1.997 5.912 -.738 2.477 5.659 -.846 2.603
4 16 5.659 -.846 2.603 4.485 -1.348 3.296 4.611 -3.973 3.221 5.659 -4.391 2.603
3 16 4.611 -3.973 3.221 4.485 -1.348 3.296 4.485 -4.025 3.296
4 16 4.049 -4.205 3.594 4.485 -4.025 3.296 4.485 -1.348 3.296 3.396 -1.813 4.042
3 16 3.396 -5.221 4.042 3.396 -1.813 4.042 3.197 -1.898 4.2
4 16 3.197 -1.898 4.2 2.433 -2.125 4.809 2.433 -5.505 4.809 3.396 -5.221 4.042
4 16 1.638 -5.251 5.562 2.433 -5.505 4.809 2.433 -2.125 4.809 1.638 -2.361 5.562
4 16 1.05 -2.535 6.27 1.373 -5.048 5.881 1.638 -5.251 5.562 1.638 -2.361 5.562
3 16 1.05 -2.535 6.27 1.29 -4.94 5.981 1.373 -5.048 5.881
3 16 1.05 -2.535 6.27 1.05 -5.001 6.27 1.29 -4.94 5.981
3 16 1.05 -5.001 6.27 1.05 -2.535 6.27 .625 -2.661 6.33
4 16 .625 -2.661 6.33 -.199 -2.794 6.445 .812 -5.062 6.304 1.05 -5.001 6.27
4 16 .695 -5.344 6.32 .812 -5.062 6.304 -.199 -2.794 6.445 -.199 -6.055 6.445
3 16 -.199 -6.055 6.445 -.199 -2.794 6.445 -1.818 -3.056 6.227
3 16 -1.818 -3.056 6.227 -2.013 -3.061 6.201 -.199 -6.055 6.445
3 16 -2.032 -5.377 6.197 -2.013 -5.401 6.201 -2.013 -3.061 6.201
4 16 -2.013 -3.061 6.201 -3.947 -3.109 5.768 -2.46 -5.397 6.101 -2.032 -5.377 6.197
4 16 -5.327 -5.228 5.356 -3.947 -6.234 5.768 -3.947 -3.109 5.768 -4.146 -3.114 5.709
4 16 -5.327 -5.228 5.356 -4.146 -3.114 5.709 -5.929 -2.912 5.176 -5.762 -5.148 5.226
3 16 -5.762 -5.148 5.226 -5.929 -2.912 5.176 -5.929 -5.357 5.176
3 16 -5.929 -5.357 5.176 -5.913 -5.345 5.18 -5.762 -5.148 5.226
4 16 -5.929 -5.357 5.176 -5.929 -2.912 5.176 -6.373 -2.862 5.011 -7.885 -5.556 4.449
3 16 -6.373 -2.862 5.011 -7.885 -2.486 4.449 -7.885 -5.556 4.449
4 16 -8.572 -4.633 4.142 -7.885 -5.556 4.449 -7.885 -2.486 4.449 -8.593 -4.472 4.132
3 16 -7.885 -2.486 4.449 -9.147 -4.294 3.884 -8.593 -4.472 4.132
4 16 -8.513 -2.331 4.168 -9.743 -4.637 3.617 -9.147 -4.294 3.884 -7.885 -2.486 4.449
3 16 -8.513 -2.331 4.168 -9.743 -1.865 3.617 -9.743 -4.637 3.617
4 16 -9.743 -4.637 3.617 -9.743 -1.865 3.617 -10.579 -1.549 3.166 -11.431 -4.131 2.706
3 16 -10.579 -1.549 3.166 -11.431 -1.124 2.706 -11.431 -4.131 2.706
4 16 -11.75 -3.539 2.494 -11.431 -4.131 2.706 -11.431 -1.124 2.706 -11.802 -3.113 2.459
4 16 -11.802 -3.113 2.459 -11.431 -1.124 2.706 -12.586 -.548 1.936 -12.874 -1.228 1.744
3 16 -12.874 -1.228 1.744 -12.415 -2.748 2.05 -11.802 -3.113 2.459
4 16 -12.598 -2.889 1.928 -12.415 -2.748 2.05 -12.874 -1.228 1.744 -12.874 -3.003 1.744
4 16 -13.008 -3.059 1.633 -12.874 -3.003 1.744 -12.874 -1.228 1.744 -13.654 -3.068 1.097
3 16 -13.654 -3.068 1.097 -13.008 -3.452 1.633 -13.008 -3.059 1.633
3 16 -11.75 -3.539 2.494 -11.591 -3.922 2.599 -11.431 -4.131 2.706
3 16 -11.431 -4.131 2.706 -11.339 -4.251 2.756 -9.743 -4.637 3.617
4 16 -11.339 -4.251 2.756 -11.009 -4.504 2.934 -10.626 -4.662 3.141 -9.743 -4.637 3.617
3 16 -10.626 -4.662 3.141 -9.804 -4.662 3.585 -9.743 -4.637 3.617
3 16 -10.626 -4.662 3.141 -10.215 -4.716 3.363 -9.804 -4.662 3.585
3 16 -9.743 -4.637 3.617 -9.42 -4.504 3.762 -9.147 -4.294 3.884
4 16 -8.161 -5.345 4.326 -7.885 -5.556 4.449 -8.572 -4.633 4.142 -8.413 -5.016 4.213
4 16 -5.929 -5.357 5.176 -7.885 -5.556 4.449 -7.831 -5.598 4.469 -6.242 -5.598 5.059
4 16 -6.626 -5.756 4.917 -6.242 -5.598 5.059 -7.831 -5.598 4.469 -7.448 -5.756 4.612
3 16 -7.448 -5.756 4.612 -7.037 -5.811 4.764 -6.626 -5.756 4.917
3 16 -5.327 -5.228 5.356 -5.235 -5.451 5.383 -3.947 -6.234 5.768
4 16 -4.653 -6.033 5.557 -3.947 -6.234 5.768 -5.235 -5.451 5.383 -4.983 -5.78 5.459
3 16 -4.653 -6.033 5.557 -4.27 -6.192 5.672 -3.947 -6.234 5.768
4 16 -3.947 -3.109 5.768 -3.947 -6.234 5.768 -2.483 -5.451 6.096 -2.46 -5.397 6.101
4 16 -3.064 -6.033 5.966 -2.735 -5.78 6.039 -2.483 -5.451 6.096 -3.947 -6.234 5.768
4 16 -3.064 -6.033 5.966 -3.947 -6.234 5.768 -3.859 -6.246 5.788 -3.448 -6.192 5.88
4 16 -2.013 -3.061 6.201 -2.013 -5.401 6.201 -1.805 -5.673 6.229 -.199 -6.055 6.445
4 16 -1.092 -6.084 6.325 -.199 -6.055 6.445 -1.805 -5.673 6.229 -1.475 -5.926 6.273
3 16 -1.092 -6.084 6.325 -.27 -6.084 6.436 -.199 -6.055 6.445
3 16 -1.092 -6.084 6.325 -.681 -6.138 6.38 -.27 -6.084 6.436
4 16 .114 -5.926 6.401 .443 -5.673 6.355 .695 -5.344 6.32 -.199 -6.055 6.445
4 16 2.086 -5.46 5.138 2.433 -5.505 4.809 1.638 -5.251 5.562 1.703 -5.301 5.501
4 16 3.396 -5.221 4.042 2.433 -5.505 4.809 2.908 -5.46 4.43 3.292 -5.301 4.125
3 16 2.433 -5.505 4.809 2.497 -5.514 4.758 2.908 -5.46 4.43
4 16 3.396 -1.813 4.042 3.396 -5.221 4.042 4.032 -4.336 3.606 4.049 -4.205 3.594
4 16 4.032 -4.336 3.606 3.396 -5.221 4.042 3.621 -5.048 3.888 3.873 -4.719 3.715
4 16 5.264 -4.339 2.836 5.659 -4.391 2.603 4.611 -3.973 3.221 4.881 -4.18 3.062
4 16 6.878 -3.825 1.997 5.659 -4.391 2.603 6.47 -4.18 2.2 6.799 -3.927 2.036
4 16 5.675 -4.393 2.595 6.086 -4.339 2.391 6.47 -4.18 2.2 5.659 -4.391 2.603
4 16 7.051 -3.598 1.928 7.21 -3.215 1.865 7.254 -2.882 1.848 6.878 -3.825 1.997
4 16 9.284 -1.816 1.178 9.284 0 1.178 8.1 0 1.511 8.1 -2.438 1.511
3 16 9.308 -1.804 1.178 9.284 0 1.178 9.284 -1.816 1.178
4 16 9.284 0 1.178 9.308 -1.804 1.178 13.654 -1.804 1.178 13.654 0 1.178
4 16 -11.973 -4.068 .301 -11.621 -4.229 -.152 -11.621 -3.85 -.152 -11.75 -3.539 .014
4 16 -11.75 -3.539 .014 -11.802 -3.113 .081 -12.415 -2.748 .87 -11.973 -4.068 .301
4 16 -11.973 -4.068 .301 -12.415 -2.748 .87 -12.598 -2.889 1.106 -13.008 -3.452 1.633
3 16 -12.598 -2.889 1.106 -12.982 -3.048 1.6 -13.008 -3.452 1.633
3 16 -12.982 -3.048 1.6 -13.008 -3.059 1.633 -13.008 -3.452 1.633
3 16 -11.591 -3.922 -.178 -11.621 -3.85 -.152 -11.621 -4.229 -.152
3 16 -11.621 -4.229 -.152 -11.339 -4.251 -.395 -11.591 -3.922 -.178
3 16 -11.621 -4.229 -.152 -11.009 -4.504 -.678 -11.339 -4.251 -.395
3 16 -11.621 -4.229 -.152 -9.977 -4.981 -1.564 -11.009 -4.504 -.678
3 16 -9.977 -4.981 -1.564 -10.626 -4.662 -1.007 -11.009 -4.504 -.678
3 16 -9.977 -4.981 -1.564 -10.215 -4.716 -1.36 -10.626 -4.662 -1.007
4 16 -9.977 -4.981 -1.564 -9.82 -5.031 -1.7 -9.82 -4.664 -1.7 -10.215 -4.716 -1.36
3 16 -9.804 -4.662 -1.709 -9.82 -4.664 -1.7 -8.413 -5.016 -2.531
4 16 -8.413 -5.016 -2.531 -8.572 -4.633 -2.437 -9.42 -4.504 -1.935 -9.804 -4.662 -1.709
4 16 -9.147 -4.294 -2.097 -9.42 -4.504 -1.935 -8.572 -4.633 -2.437 -8.593 -4.472 -2.425
4 16 -9.82 -4.664 -1.7 -9.82 -5.031 -1.7 -8.161 -5.345 -2.68 -8.413 -5.016 -2.531
3 16 -9.82 -5.031 -1.7 -7.683 -5.718 -2.962 -8.161 -5.345 -2.68
3 16 -7.683 -5.718 -2.962 -7.831 -5.598 -2.875 -8.161 -5.345 -2.68
3 16 -7.683 -5.718 -2.962 -7.665 -5.667 -2.973 -7.831 -5.598 -2.875
3 16 -7.683 -5.718 -2.962 -7.665 -5.721 -2.973 -7.665 -5.667 -2.973
3 16 -7.448 -5.756 -3.059 -7.665 -5.667 -2.973 -7.665 -5.721 -2.973
3 16 -7.665 -5.721 -2.973 -5.22 -6.171 -3.937 -7.448 -5.756 -3.059
3 16 -5.22 -6.171 -3.937 -7.037 -5.811 -3.221 -7.448 -5.756 -3.059
3 16 -6.626 -5.756 -3.383 -7.037 -5.811 -3.221 -5.22 -6.171 -3.937
4 16 -5.22 -5.471 -3.937 -6.242 -5.598 -3.534 -6.626 -5.756 -3.383 -5.22 -6.171 -3.937
4 16 -5.22 -5.471 -3.937 -5.235 -5.451 -3.931 -5.913 -5.345 -3.664 -6.242 -5.598 -3.534
4 16 -5.762 -5.148 -3.723 -5.913 -5.345 -3.664 -5.235 -5.451 -3.931 -5.327 -5.228 -3.895
3 16 -4.983 -5.78 -3.992 -5.22 -5.471 -3.937 -5.22 -6.171 -3.937
3 16 -5.22 -6.171 -3.937 -4.653 -6.033 -4.068 -4.983 -5.78 -3.992
4 16 -5.109 -6.192 -3.963 -4.27 -6.192 -4.157 -4.653 -6.033 -4.068 -5.22 -6.171 -3.937
3 16 -5.109 -6.192 -3.963 -3.859 -6.246 -4.252 -4.27 -6.192 -4.157
4 16 -2.271 -6.314 -6.213 -1.818 -3.056 -6.246 .625 -2.661 -6.425 .814 -5.998 -6.439
4 16 -2.59 -6.301 -6.19 -2.59 -3.075 -6.19 -1.818 -3.056 -6.246 -2.271 -6.314 -6.213
3 16 -4.146 -3.114 -5.812 -2.59 -3.075 -6.19 -2.59 -6.301 -6.19
4 16 -2.59 -6.301 -6.19 -5.109 -6.192 -5.579 -5.739 -6.076 -5.426 -4.146 -3.114 -5.812
3 16 -5.739 -6.076 -5.426 -5.739 -2.933 -5.426 -4.146 -3.114 -5.812
4 16 -5.739 -6.076 -5.426 -7.683 -5.718 -4.6 -6.373 -2.862 -5.156 -5.739 -2.933 -5.426
4 16 -8.474 -2.34 -4.264 -6.373 -2.862 -5.156 -7.683 -5.718 -4.6 -8.474 -5.464 -4.264
4 16 -8.474 -5.464 -4.264 -9.977 -4.981 -3.294 -8.513 -2.331 -4.239 -8.474 -2.34 -4.264
4 16 -10.723 -4.64 -2.812 -10.579 -1.549 -2.905 -8.513 -2.331 -4.239 -9.977 -4.981 -3.294
3 16 -10.723 -4.64 -2.812 -10.723 -1.477 -2.812 -10.579 -1.549 -2.905
4 16 -10.723 -4.64 -2.812 -11.973 -4.068 -1.604 -12.412 -3.807 -1.18 -10.723 -1.477 -2.812
3 16 -12.412 -3.807 -1.18 -12.412 -.634 -1.18 -10.723 -1.477 -2.812
4 16 -12.412 -3.807 -1.18 -13.467 -3.179 .523 -12.586 -.548 -.9 -12.412 -.634 -1.18
3 16 -13.467 -3.179 .523 -13.467 -2.627 .523 -12.586 -.548 -.9
3 16 -13.467 -2.627 .523 -13.467 -3.179 .523 -13.654 -3.068 1.055
4 16 .814 -5.998 -6.439 .625 -2.661 -6.425 .899 -2.58 -6.445 .899 -5.976 -6.445
4 16 3.197 -1.898 -6.224 4.127 -5.155 -6.134 .899 -5.976 -6.445 .899 -2.58 -6.445
4 16 4.127 -5.155 -6.134 3.197 -1.898 -6.224 4.655 -1.275 -6.084 4.655 -4.937 -6.084
4 16 5.912 -.738 -5.737 7.654 -3.698 -5.258 4.655 -4.937 -6.084 4.655 -1.275 -6.084
3 16 5.912 -.738 -5.737 7.39 0 -5.33 7.654 -3.698 -5.258
4 16 8.603 -3.199 -4.996 7.654 -3.698 -5.258 7.39 0 -5.33 8.603 0 -4.996
3 16 8.603 0 -4.996 9.532 -2.712 -4.996 8.603 -3.199 -4.996
4 16 9.532 -2.712 -4.996 8.603 0 -4.996 13.654 0 -4.996 13.654 -2.712 -4.996
3 16 1.373 -5.048 -4.729 1.29 -4.94 -4.734 .812 -5.062 -4.763
4 16 1.373 -5.048 -4.729 .812 -5.062 -4.763 .695 -5.344 -4.77 1.703 -5.301 -4.709
4 16 .443 -5.673 -4.785 2.086 -5.46 -4.685 1.703 -5.301 -4.709 .695 -5.344 -4.77
4 16 2.086 -5.46 -4.685 .443 -5.673 -4.785 .814 -5.998 -4.763 2.497 -5.514 -4.66
3 16 2.908 -5.46 -4.635 2.497 -5.514 -4.66 .814 -5.998 -4.763
3 16 2.908 -5.46 -4.635 .814 -5.998 -4.763 3.24 -5.381 -4.615
3 16 3.24 -5.381 -4.615 3.24 -5.322 -4.615 2.908 -5.46 -4.635
3 16 3.292 -5.301 -4.604 3.24 -5.322 -4.615 3.24 -5.381 -4.615
4 16 3.24 -5.381 -4.615 4.127 -5.155 -4.427 3.621 -5.048 -4.534 3.292 -5.301 -4.604
4 16 3.621 -5.048 -4.534 4.127 -5.155 -4.427 5.675 -4.393 -4.1 3.873 -4.719 -4.481
3 16 6.086 -4.339 -4.013 5.675 -4.393 -4.1 4.127 -5.155 -4.427
3 16 6.086 -4.339 -4.013 4.127 -5.155 -4.427 6.227 -4.288 -3.983
3 16 6.227 -4.288 -3.983 6.227 -4.28 -3.983 6.086 -4.339 -4.013
3 16 6.47 -4.18 -3.891 6.227 -4.28 -3.983 6.227 -4.288 -3.983
3 16 6.47 -4.18 -3.891 6.227 -4.288 -3.983 7.654 -3.698 -3.444
3 16 6.799 -3.927 -3.767 6.47 -4.18 -3.891 7.654 -3.698 -3.444
3 16 7.051 -3.598 -3.672 6.799 -3.927 -3.767 7.654 -3.698 -3.444
3 16 7.21 -3.215 -3.612 7.051 -3.598 -3.672 7.654 -3.698 -3.444
4 16 7.654 -3.698 -3.444 9.194 -2.89 -2.862 7.254 -2.882 -3.595 7.21 -3.215 -3.612
3 16 9.194 -2.89 -2.862 9.194 -1.864 -2.862 7.254 -2.882 -3.595
4 16 9.308 -1.804 -2.862 9.194 -1.864 -2.862 9.194 -2.89 -2.862 9.532 -2.712 -2.862
4 16 13.654 -2.712 -2.862 13.654 -1.804 -2.862 9.308 -1.804 -2.862 9.532 -2.712 -2.862
4 16 5.675 -4.393 -4.1 5.264 -4.339 -4.187 4.032 -4.336 -4.447 3.873 -4.719 -4.481
4 16 4.032 -4.336 -4.447 5.264 -4.339 -4.187 4.881 -4.18 -4.268 4.049 -4.205 -4.444
3 16 4.881 -4.18 -4.268 4.611 -3.973 -4.325 4.049 -4.205 -4.444
4 16 .295 -6.051 -4.794 .814 -5.998 -4.763 .443 -5.673 -4.785 .295 -5.786 -4.794
3 16 .295 -6.051 -4.794 .295 -5.786 -4.794 .114 -5.926 -4.779
3 16 .114 -5.926 -4.779 -.27 -6.084 -4.747 .295 -6.051 -4.794
3 16 -.27 -6.084 -4.747 -.681 -6.138 -4.712 .295 -6.051 -4.794
3 16 -.681 -6.138 -4.712 -2.271 -6.314 -4.579 .295 -6.051 -4.794
4 16 -2.271 -6.314 -4.579 -.681 -6.138 -4.712 -1.092 -6.084 -4.678 -2.545 -6.302 -4.556
3 16 -2.545 -6.302 -4.556 -1.092 -6.084 -4.678 -1.475 -5.926 -4.646
3 16 -2.545 -6.302 -4.556 -1.475 -5.926 -4.646 -1.805 -5.673 -4.618
4 16 -2.545 -6.302 -4.556 -1.805 -5.673 -4.618 -2.483 -5.451 -4.562 -2.545 -5.533 -4.556
3 16 -2.46 -5.397 -4.563 -2.483 -5.451 -4.562 -1.805 -5.673 -4.618
3 16 -1.805 -5.673 -4.618 -2.032 -5.377 -4.599 -2.46 -5.397 -4.563
3 16 -2.545 -6.302 -4.556 -2.545 -5.533 -4.556 -2.735 -5.78 -4.512
3 16 -2.735 -5.78 -4.512 -3.064 -6.033 -4.436 -2.545 -6.302 -4.556
3 16 -3.064 -6.033 -4.436 -3.448 -6.192 -4.348 -2.545 -6.302 -4.556
3 16 -3.448 -6.192 -4.348 -3.859 -6.246 -4.252 -2.545 -6.302 -4.556
4 16 -5.22 -6.171 -3.937 -7.665 -5.721 -2.973 -7.683 -5.718 -4.6 -5.739 -6.076 -5.426
4 16 -5.109 -6.192 -3.963 -5.22 -6.171 -3.937 -5.739 -6.076 -5.426 -5.109 -6.192 -5.579
4 16 -3.859 -6.246 -4.252 -5.109 -6.192 -3.963 -5.109 -6.192 -5.579 -2.59 -6.301 -6.19
4 16 -3.859 -6.246 -4.252 -2.59 -6.301 -6.19 -2.271 -6.314 -6.213 -2.545 -6.302 -4.556
3 16 -2.271 -6.314 -6.213 -2.271 -6.314 -4.579 -2.545 -6.302 -4.556
4 16 -2.271 -6.314 -4.579 -2.271 -6.314 -6.213 .814 -5.998 -6.439 .295 -6.051 -4.794
3 16 .814 -5.998 -6.439 .814 -5.998 -4.763 .295 -6.051 -4.794
4 16 .899 -5.976 -6.445 3.24 -5.381 -4.615 .814 -5.998 -4.763 .814 -5.998 -6.439
4 16 4.127 -5.155 -4.427 3.24 -5.381 -4.615 .899 -5.976 -6.445 4.127 -5.155 -6.134
4 16 6.227 -4.288 -3.983 4.127 -5.155 -4.427 4.127 -5.155 -6.134 4.655 -4.937 -6.084
4 16 7.654 -3.698 -3.444 6.227 -4.288 -3.983 4.655 -4.937 -6.084 7.654 -3.698 -5.258
4 16 9.194 -2.889 -2.862 7.654 -3.698 -3.444 7.654 -3.698 -5.258 8.603 -3.199 -4.996
4 16 9.532 -2.712 -2.862 9.194 -2.889 -2.862 8.603 -3.199 -4.996 9.532 -2.712 -4.996
4 16 13.654 -2.712 -2.862 9.532 -2.712 -2.862 9.532 -2.712 -4.996 13.654 -2.712 -4.996
3 16 -7.683 -5.718 -2.962 -7.683 -5.718 -4.6 -7.665 -5.721 -2.973
4 16 -7.683 -5.718 -4.6 -7.683 -5.718 -2.962 -9.82 -5.031 -1.7 -8.474 -5.464 -4.264
4 16 -9.82 -5.031 -1.7 -9.977 -4.981 -1.564 -9.977 -4.981 -3.294 -8.474 -5.464 -4.264
3 16 -10.723 -4.64 -2.812 -9.977 -4.981 -3.294 -9.977 -4.981 -1.564
4 16 -9.977 -4.981 -1.564 -11.621 -4.229 -.152 -11.973 -4.068 -1.604 -10.723 -4.64 -2.812
3 16 -11.621 -4.229 -.152 -11.973 -4.068 .301 -11.973 -4.068 -1.604
3 16 -12.412 -3.807 -1.18 -11.973 -4.068 -1.604 -11.973 -4.068 .301
4 16 -13.467 -3.179 .523 -12.412 -3.807 -1.18 -11.973 -4.068 .301 -13.008 -3.452 1.633
4 16 -13.654 -3.068 1.097 -13.654 -3.068 1.055 -13.467 -3.179 .523 -13.008 -3.452 1.633
3 16 -12.874 -3.003 1.744 -13.008 -3.059 1.633 -12.982 -3.048 1.6
4 16 -12.982 -3.048 1.6 -12.598 -2.889 1.106 -12.598 -2.889 1.928 -12.874 -3.003 1.744
4 16 -12.415 -2.748 .87 -12.415 -2.748 2.05 -12.598 -2.889 1.928 -12.598 -2.889 1.106
4 16 -12.415 -2.748 2.05 -12.415 -2.748 .87 -11.802 -3.113 .081 -11.802 -3.113 2.459
4 16 -11.75 -3.539 .014 -11.75 -3.539 2.494 -11.802 -3.113 2.459 -11.802 -3.113 .081
4 16 -11.75 -3.539 2.494 -11.75 -3.539 .014 -11.621 -3.85 -.152 -11.591 -3.922 2.599
3 16 -11.621 -3.85 -.152 -11.591 -3.922 -.178 -11.591 -3.922 2.599
4 16 -11.339 -4.251 -.395 -11.339 -4.251 2.756 -11.591 -3.922 2.599 -11.591 -3.922 -.178
4 16 -11.009 -4.503 2.934 -11.339 -4.251 2.756 -11.339 -4.251 -.395 -11.009 -4.503 -.678
4 16 -10.626 -4.662 3.141 -11.009 -4.503 2.934 -11.009 -4.503 -.678 -10.626 -4.662 -1.007
4 16 -10.215 -4.716 3.363 -10.626 -4.662 3.141 -10.626 -4.662 -1.007 -10.215 -4.716 -1.36
4 16 -9.804 -4.662 3.585 -10.215 -4.716 3.363 -10.215 -4.716 -1.36 -9.82 -4.664 -1.7
3 16 -9.82 -4.664 -1.7 -9.804 -4.662 -1.709 -9.804 -4.662 3.585
4 16 -9.743 -4.637 3.617 -9.804 -4.662 3.585 -9.804 -4.662 -1.709 -9.42 -4.503 -1.935
3 16 -9.42 -4.503 -1.935 -9.42 -4.503 3.762 -9.743 -4.637 3.617
4 16 -9.147 -4.294 3.884 -9.42 -4.503 3.762 -9.42 -4.503 -1.935 -9.147 -4.294 -2.097
4 16 -8.593 -4.472 -2.425 -8.593 -4.472 4.132 -9.147 -4.294 3.884 -9.147 -4.294 -2.097
4 16 -8.572 -4.633 -2.437 -8.572 -4.633 4.142 -8.593 -4.472 4.132 -8.593 -4.472 -2.425
4 16 -8.413 -5.016 -2.531 -8.413 -5.016 4.213 -8.572 -4.633 4.142 -8.572 -4.633 -2.437
4 16 -8.161 -5.345 -2.68 -8.161 -5.345 4.326 -8.413 -5.016 4.213 -8.413 -5.016 -2.531
4 16 -7.885 -5.556 4.449 -8.161 -5.345 4.326 -8.161 -5.345 -2.68 -7.831 -5.598 -2.875
3 16 -7.831 -5.598 -2.875 -7.831 -5.598 4.469 -7.885 -5.556 4.449
3 16 -7.831 -5.598 4.469 -7.831 -5.598 -2.875 -7.665 -5.667 -2.973
4 16 -7.831 -5.598 4.469 -7.665 -5.667 -2.973 -7.448 -5.756 -3.059 -7.448 -5.756 4.612
4 16 -7.037 -5.811 4.764 -7.448 -5.756 4.612 -7.448 -5.756 -3.059 -7.037 -5.811 -3.221
4 16 -6.626 -5.756 4.917 -7.037 -5.811 4.764 -7.037 -5.811 -3.221 -6.626 -5.756 -3.383
4 16 -6.242 -5.598 5.059 -6.626 -5.756 4.917 -6.626 -5.756 -3.383 -6.242 -5.598 -3.534
4 16 -5.913 -5.345 -3.664 -5.929 -5.357 5.176 -6.242 -5.598 5.059 -6.242 -5.598 -3.534
3 16 -5.913 -5.345 -3.664 -5.913 -5.345 5.18 -5.929 -5.357 5.176
4 16 -5.762 -5.148 -3.723 -5.762 -5.148 5.226 -5.913 -5.345 5.18 -5.913 -5.345 -3.664
4 16 -5.762 -5.148 -3.723 -5.327 -5.228 -3.895 -5.327 -5.228 5.356 -5.762 -5.148 5.226
4 16 -5.235 -5.451 -3.931 -5.235 -5.451 5.383 -5.327 -5.228 5.356 -5.327 -5.228 -3.895
3 16 -5.235 -5.451 -3.931 -5.22 -5.471 -3.937 -5.235 -5.451 5.383
4 16 -4.983 -5.78 -3.992 -4.983 -5.78 5.459 -5.235 -5.451 5.383 -5.22 -5.471 -3.937
4 16 -4.653 -6.033 5.557 -4.983 -5.78 5.459 -4.983 -5.78 -3.992 -4.653 -6.033 -4.068
4 16 -4.27 -6.192 5.672 -4.653 -6.033 5.557 -4.653 -6.033 -4.068 -4.27 -6.192 -4.157
4 16 -3.947 -6.234 5.768 -4.27 -6.192 5.672 -4.27 -6.192 -4.157 -3.859 -6.246 -4.252
3 16 -3.859 -6.246 -4.252 -3.859 -6.246 5.788 -3.947 -6.234 5.768
4 16 -3.448 -6.192 -4.348 -3.448 -6.192 5.88 -3.859 -6.246 5.788 -3.859 -6.246 -4.252
4 16 -3.448 -6.192 5.88 -3.448 -6.192 -4.348 -3.064 -6.033 -4.436 -3.064 -6.033 5.966
4 16 -2.735 -5.78 6.039 -3.064 -6.033 5.966 -3.064 -6.033 -4.436 -2.735 -5.78 -4.512
4 16 -2.735 -5.78 6.039 -2.735 -5.78 -4.512 -2.545 -5.533 -4.556 -2.483 -5.451 6.096
3 16 -2.545 -5.533 -4.556 -2.483 -5.451 -4.562 -2.483 -5.451 6.096
4 16 -2.46 -5.397 -4.563 -2.46 -5.397 6.101 -2.483 -5.451 6.096 -2.483 -5.451 -4.562
4 16 -2.032 -5.377 6.197 -2.46 -5.397 6.101 -2.46 -5.397 -4.563 -2.032 -5.377 -4.599
4 16 -1.805 -5.673 -4.618 -1.805 -5.673 6.229 -2.032 -5.377 6.197 -2.032 -5.377 -4.599
4 16 -1.475 -5.926 6.273 -1.805 -5.673 6.229 -1.805 -5.673 -4.618 -1.475 -5.926 -4.646
4 16 -1.092 -6.084 6.325 -1.475 -5.926 6.273 -1.475 -5.926 -4.646 -1.092 -6.084 -4.678
4 16 -.681 -6.138 6.38 -1.092 -6.084 6.325 -1.092 -6.084 -4.678 -.681 -6.138 -4.712
4 16 -.27 -6.084 6.436 -.681 -6.138 6.38 -.681 -6.138 -4.712 -.27 -6.084 -4.747
4 16 -.199 -6.055 6.445 -.27 -6.084 6.436 -.27 -6.084 -4.747 .114 -5.926 -4.779
3 16 .114 -5.926 -4.779 .114 -5.926 6.401 -.199 -6.055 6.445
4 16 .295 -5.786 -4.794 .443 -5.673 6.355 .114 -5.926 6.401 .114 -5.926 -4.779
3 16 .295 -5.786 -4.794 .443 -5.673 -4.785 .443 -5.673 6.355
4 16 .695 -5.344 6.32 .443 -5.673 6.355 .443 -5.673 -4.785 .695 -5.344 -4.77
4 16 .812 -5.062 6.304 .695 -5.344 6.32 .695 -5.344 -4.77 .812 -5.062 -4.763
4 16 1.05 -5.001 6.27 .812 -5.062 6.304 .812 -5.062 -4.763 1.29 -4.94 -4.734
3 16 1.29 -4.94 -4.734 1.29 -4.94 5.981 1.05 -5.001 6.27
4 16 1.373 -5.048 5.881 1.29 -4.94 5.981 1.29 -4.94 -4.734 1.373 -5.048 -4.729
4 16 1.373 -5.048 -4.729 1.703 -5.301 -4.709 1.638 -5.251 5.562 1.373 -5.048 5.881
3 16 1.703 -5.301 -4.709 1.703 -5.301 5.501 1.638 -5.251 5.562
4 16 2.086 -5.46 5.138 1.703 -5.301 5.501 1.703 -5.301 -4.709 2.086 -5.46 -4.685
4 16 2.433 -5.505 4.809 2.086 -5.46 5.138 2.086 -5.46 -4.685 2.497 -5.514 -4.66
3 16 2.497 -5.514 -4.66 2.497 -5.514 4.758 2.433 -5.505 4.809
4 16 2.497 -5.514 -4.66 2.908 -5.46 -4.635 2.908 -5.46 4.43 2.497 -5.514 4.758
4 16 3.292 -5.301 4.125 2.908 -5.46 4.43 2.908 -5.46 -4.635 3.24 -5.322 -4.615
3 16 3.24 -5.322 -4.615 3.292 -5.301 -4.604 3.292 -5.301 4.125
4 16 3.396 -5.221 4.042 3.292 -5.301 4.125 3.292 -5.301 -4.604 3.621 -5.048 -4.534
3 16 3.621 -5.048 -4.534 3.621 -5.048 3.888 3.396 -5.221 4.042
4 16 3.621 -5.048 -4.534 3.873 -4.719 -4.481 3.873 -4.719 3.715 3.621 -5.048 3.888
4 16 4.032 -4.336 3.606 3.873 -4.719 3.715 3.873 -4.719 -4.481 4.032 -4.336 -4.447
4 16 4.049 -4.205 3.594 4.032 -4.336 3.606 4.032 -4.336 -4.447 4.049 -4.205 -4.444
3 16 4.485 -4.025 3.296 4.049 -4.205 3.594 4.049 -4.205 -4.444
4 16 4.049 -4.205 -4.444 4.611 -3.973 -4.325 4.611 -3.973 3.221 4.485 -4.025 3.296
4 16 4.881 -4.18 -4.268 4.881 -4.18 3.062 4.611 -3.973 3.221 4.611 -3.973 -4.325
4 16 5.264 -4.339 -4.187 5.264 -4.339 2.836 4.881 -4.18 3.062 4.881 -4.18 -4.268
4 16 5.659 -4.391 2.603 5.264 -4.339 2.836 5.264 -4.339 -4.187 5.675 -4.393 -4.1
3 16 5.675 -4.393 -4.1 5.675 -4.393 2.595 5.659 -4.391 2.603
4 16 5.675 -4.393 2.595 5.675 -4.393 -4.1 6.086 -4.339 -4.013 6.086 -4.339 2.391
3 16 6.086 -4.339 2.391 6.086 -4.339 -4.013 6.227 -4.28 -3.983
4 16 6.47 -4.18 -3.891 6.47 -4.18 2.2 6.086 -4.339 2.391 6.227 -4.28 -3.983
4 16 6.799 -3.927 2.036 6.47 -4.18 2.2 6.47 -4.18 -3.891 6.799 -3.927 -3.767
4 16 6.878 -3.825 1.997 6.799 -3.927 2.036 6.799 -3.927 -3.767 7.051 -3.598 -3.672
3 16 7.051 -3.598 -3.672 7.051 -3.598 1.928 6.878 -3.825 1.997
4 16 7.21 -3.215 1.865 7.051 -3.598 1.928 7.051 -3.598 -3.672 7.21 -3.215 -3.612
4 16 7.21 -3.215 -3.612 7.254 -2.882 -3.595 7.254 -2.882 1.848 7.21 -3.215 1.865
4 16 8.1 -2.438 1.511 7.254 -2.882 1.848 7.254 -2.882 -3.595 9.194 -1.864 -2.862
4 16 8.1 -2.438 1.511 9.194 -1.864 -2.862 9.308 -1.804 -2.862 9.284 -1.816 1.178
3 16 9.308 -1.804 -2.862 9.308 -1.804 1.178 9.284 -1.816 1.178
4 16 13.654 -1.804 1.178 9.308 -1.804 1.178 9.308 -1.804 -2.862 13.654 -1.804 -2.862
3 16 -1.805 -5.673 6.229 -2.013 -5.401 6.201 -2.032 -5.377 6.197
3 16 -11.339 -4.251 2.756 -11.431 -4.131 2.706 -11.591 -3.922 2.599
4 16 -13.654 -3.068 1.055 -12.586 -.548 1.936 -12.586 -.548 -.9 -13.467 -2.627 .523
4 16 -12.874 -1.228 1.744 -12.586 -.548 1.936 -13.654 -3.068 1.055 -13.654 -3.068 1.097
4 16 -11.431 -1.124 2.706 -12.412 -.634 -1.18 -12.586 -.548 -.9 -12.586 -.548 1.936
4 16 -10.579 -1.549 3.166 -10.723 -1.477 -2.812 -12.412 -.634 -1.18 -11.431 -1.124 2.706
3 16 -10.579 -1.549 3.166 -10.579 -1.549 -2.905 -10.723 -1.477 -2.812
4 16 -10.579 -1.549 -2.905 -10.579 -1.549 3.166 -9.743 -1.865 3.617 -8.513 -2.331 -4.239
3 16 -9.743 -1.865 3.617 -8.513 -2.331 4.168 -8.513 -2.331 -4.239
4 16 -7.885 -2.486 4.449 -8.474 -2.34 -4.264 -8.513 -2.331 -4.239 -8.513 -2.331 4.168
4 16 -6.373 -2.862 5.011 -6.373 -2.862 -5.156 -8.474 -2.34 -4.264 -7.885 -2.486 4.449
4 16 -5.929 -2.912 5.176 -5.739 -2.933 -5.426 -6.373 -2.862 -5.156 -6.373 -2.862 5.011
4 16 -4.146 -3.113 -5.812 -5.739 -2.933 -5.426 -5.929 -2.912 5.176 -4.146 -3.113 5.709
4 16 -2.59 -3.075 -6.19 -4.146 -3.113 -5.812 -4.146 -3.113 5.709 -3.947 -3.109 5.768
3 16 -3.947 -3.109 5.768 -2.013 -3.061 6.201 -2.59 -3.075 -6.19
4 16 -2.59 -3.075 -6.19 -2.013 -3.061 6.201 -1.818 -3.056 6.227 -1.818 -3.056 -6.246
4 16 -1.818 -3.056 -6.246 -1.818 -3.056 6.227 -.199 -2.794 6.445 .625 -2.661 -6.425
3 16 -.199 -2.794 6.445 .625 -2.661 6.33 .625 -2.661 -6.425
4 16 .899 -2.58 -6.445 .625 -2.661 -6.425 .625 -2.661 6.33 1.05 -2.535 6.27
4 16 1.638 -2.361 5.562 3.197 -1.898 -6.224 .899 -2.58 -6.445 1.05 -2.535 6.27
3 16 1.638 -2.361 5.562 2.433 -2.125 4.809 3.197 -1.898 -6.224
3 16 2.433 -2.125 4.809 3.197 -1.898 4.2 3.197 -1.898 -6.224
4 16 3.396 -1.813 4.042 4.655 -1.275 -6.084 3.197 -1.898 -6.224 3.197 -1.898 4.2
3 16 3.396 -1.813 4.042 4.485 -1.348 3.296 4.655 -1.275 -6.084
3 16 4.485 -1.348 3.296 5.659 -.846 2.603 4.655 -1.275 -6.084
4 16 5.912 -.738 2.477 5.912 -.738 -5.737 4.655 -1.275 -6.084 5.659 -.846 2.603
4 16 6.878 -.256 1.997 7.39 0 -5.33 5.912 -.738 -5.737 5.912 -.738 2.477
3 16 6.878 -.256 1.997 7.39 0 1.793 7.39 0 -5.33
4 16 8.1 0 1.511 8.603 0 -4.996 7.39 0 -5.33 7.39 0 1.793
3 16 8.1 0 1.511 9.284 0 1.178 8.603 0 -4.996
4 16 13.654 0 1.178 13.654 0 -4.996 8.603 0 -4.996 9.284 0 1.178
