0 BFC CERTIFY CCW
1 16 0 4 0 2 0 0 0 2 0 0 0 2 p/2-4cyli.dat
1 16 0 4 0 2 0 0 0 1 0 0 0 2 p/4-4edge.dat
1 16 0 4 0 -2 0 0 0 -1 0 0 0 2 p/4-8sphe.dat
1 16 0 4 0 -2 0 0 0 1 0 0 0 -2 p/2-4ndis.dat
4 16 2 4 -4 2 6 -39 2 6 0 2 4 0
4 16 2 1 -4 2 1 -39 2 6 -39 2 4 -4
4 16 1 0 -4 1 0 -40 1 1 -39 1 1 -4
4 16 1 6 -39 1 1 -39 1 0 -40 1 6 -40
4 16 -1 6 -40 -1 0 -40 -1 1 -39 -1 6 -39
4 16 -1 1 -4 -1 1 -39 -1 0 -40 -1 0 -4
4 16 -2 4 -4 -2 6 -39 -2 1 -39 -2 1 -4
4 16 -2 4 0 -2 6 0 -2 6 -39 -2 4 -4
1 16 1.5 3.5 -21.5 0.5 0 0 0 -2.5 0 0 0 -17.5 p/box2-7.dat
1 16 -1.5 3.5 -21.5 0.5 0 0 0 -2.5 0 0 0 -17.5 p/box2-7.dat
1 16 0 3 -22 1 0 0 0 -3 0 0 0 -18 p/box2-7.dat
0 BFC INVERTNEXT
1 16 0 2.5 -3 -2 0 0 0 1.5 0 0 0 -1 p/box2-7.dat
1 16 0 0.5 -4 -1 0 0 0 0 -0.5 0 -1 0 p/rect3.dat
