0 BFC CERTIFY CCW
1 16 0 0 0 1 0 0 0 1 0 0 0 1 p/connhole.dat
1 16 0 -10 10 1 0 0 0 8 0 0 0 1 p/npeghol17.dat
1 16 10 -10 0 0 0 1 0 8 0 -1 0 0 p/npeghol17.dat
3 16 8.2614 -10 13.4 6.3641 -10 13.6358 6.6 -10 11.7386
3 16 6.6 -10 8.2614 6.3639 -10 6.3639 8.2614 -10 6.6
3 16 11.7386 -10 6.6 13.6358 -10 6.3641 13.4 -10 8.2614
3 16 13.6358 -10 13.6359 11.7386 -10 13.4 13.4 -10 11.7386
4 16 11.7386 -10 13.4 8.2614 -10 13.4 6.6 -10 11.7386 13.4 -10 11.7386
4 16 13.4 -10 8.2614 13.4 -10 11.7386 6.6 -10 11.7386 6.6 -10 8.2614
4 16 13.4 -10 8.2614 6.6 -10 8.2614 8.2614 -10 6.6 11.7386 -10 6.6
1 16 0 10 10 1 0 0 0 -8 0 0 0 1 p/npeghol17.dat
1 16 10 10 0 0 0 1 0 -8 0 -1 0 0 p/npeghol17.dat
3 16 6.3641 10 13.6358 8.2614 10 13.4 6.6 10 11.7386
3 16 6.3639 10 6.3639 6.6 10 8.2614 8.2614 10 6.6
3 16 13.6358 10 6.3641 11.7386 10 6.6 13.4 10 8.2614
3 16 11.7386 10 13.4 13.6358 10 13.6359 13.4 10 11.7386
4 16 6.6 10 11.7386 8.2614 10 13.4 11.7386 10 13.4 13.4 10 11.7386
4 16 6.6 10 11.7386 13.4 10 11.7386 13.4 10 8.2614 6.6 10 8.2614
4 16 8.2614 10 6.6 6.6 10 8.2614 13.4 10 8.2614 11.7386 10 6.6
