0 BFC CERTIFY CCW
1 16 0 44 0 -1 0 0 0 -1 0 0 0 1 p/stud4a.dat
1 16 0 44 0 8 0 0 0 -1 0 0 0 8 p/4-4ndis.dat
1 16 0 44 0 8 0 0 0 1 0 0 0 8 p/4-4edge.dat
1 16 0 28 0 1 0 0 0 1 0 0 0 1 p/axlehol2.dat
1 16 0 28 0 1 0 0 0 16 0 0 0 1 p/axlehole.dat
1 16 0 44 0 1 0 0 0 1 0 0 0 1 p/axlehol3.dat
1 16 0 28 0 -2 0 0 0 -1 0 0 0 2 p/4-4ring2.dat
1 16 0 2 0 6 0 0 0 22 0 0 0 6 p/4-4cylo.dat
1 16 0 24 0 10 0 0 0 16 0 0 0 10 p/4-4cylo.dat
1 16 0 24 0 2 0 0 0 1 0 0 0 2 p/4-4ring3.dat
1 16 0 24 0 2 0 0 0 1 0 0 0 2 p/4-4ring4.dat
1 16 0 0 0 1 0 0 0 1 0 0 0 1 parts/s/3940s03.dat
1 16 0 0 0 0 0 1 0 1 0 1 0 0 parts/s/3940s03.dat
1 16 0 0 0 0 0 1 0 1 0 -1 0 0 parts/s/3940s03.dat
1 16 0 0 0 1 0 0 0 1 0 0 0 -1 parts/s/3940s03.dat
1 16 0 0 0 -1 0 0 0 1 0 0 0 -1 parts/s/3940s03.dat
1 16 0 0 0 0 0 -1 0 1 0 -1 0 0 parts/s/3940s03.dat
1 16 0 0 0 0 0 -1 0 1 0 1 0 0 parts/s/3940s03.dat
1 16 0 0 0 -1 0 0 0 1 0 0 0 1 parts/s/3940s03.dat
1 16 10 0 10 1 0 0 0 1 0 0 0 1 p/stud6.dat
1 16 10 0 -10 0 0 1 0 1 0 -1 0 0 p/stud6.dat
1 16 -10 0 -10 -1 0 0 0 1 0 0 0 -1 p/stud6.dat
1 16 -10 0 10 0 0 -1 0 1 0 1 0 0 p/stud6.dat
