0 BFC CERTIFY CCW
1 16 0 0 0 1 0 0 0 1 0 0 0 1 parts/s/41751s02.dat
1 16 0 0 0 -1 0 0 0 1 0 0 0 1 parts/s/41751s02.dat
1 16 10 0 -10 0 0 -1 0 1 0 1 0 0 p/stud.dat
1 16 -10 0 -10 0 0 -1 0 1 0 1 0 0 p/stud.dat
1 16 10 0 10 0 0 -1 0 1 0 1 0 0 p/stud2.dat
1 16 -10 0 10 0 0 -1 0 1 0 1 0 0 p/stud2.dat
1 16 0 10 0 1 0 0 0 0 -1 0 1 0 p/peghole2.dat
1 16 0 10 20 -1 0 0 0 0 -1 0 -1 0 p/peghole.dat
1 16 0 18 10 1 0 0 0 -1.5 0 0 0 -1 p/stud3a.dat
1 16 0 18 10 1 0 0 0 1 0 0 0 -1 p/cylj4x8.dat
1 16 0 39.0422 -120 1 0 0 0 -2.23945 0 0 0 -1 p/stud4a.dat
1 16 0 39.042 -120 0 0 -1 0 4.9577 0 -1 0 0 p/stud4s.dat
