0 BFC CERTIFY CW
1 16 -10 67.5 -6.5 1 0 0 0 3.5 0 0 0 0.5 box4-1.dat
1 16 -10 67.5 6.5 1 0 0 0 3.5 0 0 0 -0.5 box4-1.dat
1 16 -20 67.5 0 1 0 0 0 -1 0 0 0 1 stud3.dat
1 16 -30 67.5 -6.5 1 0 0 0 4 0 0 0 0.5 box4-1.dat
1 16 -30 67.5 6.5 1 0 0 0 4 0 0 0 -0.5 box4-1.dat
1 16 -36 64 2 -1.75 0 0 0 1 0 0 0 1.75 4-4edge.dat
1 16 -36 64 2 -1.75 0 0 0 1 0 0 0 1.75 4-4ndis.dat
0 BFC INVERTNEXT
1 16 -36 67.5 2 0 0 1.75 0 -3.5 0 1.75 0 0 2-4cyli.dat
1 16 -36 67.5 2 0 0 1.75 0 1 0 1.75 0 0 2-4edge.dat
1 16 -36 67.5 2 0 0 1.75 0 -1 0 1.75 0 0 2-4ndis.dat
0 BFC INVERTNEXT
1 16 -36 72 2 0 0 -1.75 0 -8 0 -1.75 0 0 2-4cyli.dat
1 16 -36 72 2 0 0 -1.75 0 1 0 -1.75 0 0 2-4edge.dat
1 16 -36 72 2 0 0 -1.75 0 -1 0 -1.75 0 0 2-4ndis.dat
1 16 0 67.5 0 1 0 0 0 -1 0 0 0 1 stud3.dat
1 16 10 67.5 -6.5 1 0 0 0 4 0 0 0 0.5 box4-1.dat
1 16 10 67.5 6.5 1 0 0 0 4 0 0 0 -0.5 box4-1.dat
1 16 20 67.5 0 1 0 0 0 -1 0 0 0 1 stud3.dat
1 16 30 67.5 -6.5 1 0 0 0 4 0 0 0 0.5 box4-1.dat
1 16 30 67.5 6.5 1 0 0 0 4 0 0 0 -0.5 box4-1.dat
1 16 36 64 2 1.75 0 0 0 1 0 0 0 1.75 4-4edge.dat
1 16 36 64 2 1.75 0 0 0 1 0 0 0 1.75 4-4ndis.dat
0 BFC INVERTNEXT
1 16 36 67.5 2 0 0 -1.75 0 -3.5 0 1.75 0 0 2-4cyli.dat
1 16 36 67.5 2 0 0 -1.75 0 1 0 1.75 0 0 2-4edge.dat
1 16 36 67.5 2 0 0 -1.75 0 -1 0 1.75 0 0 2-4ndis.dat
0 BFC INVERTNEXT
1 16 36 72 2 0 0 1.75 0 -8 0 -1.75 0 0 2-4cyli.dat
1 16 36 72 2 0 0 1.75 0 1 0 -1.75 0 0 2-4edge.dat
1 16 36 72 2 0 0 1.75 0 -1 0 -1.75 0 0 2-4ndis.dat
4 16 -34.25 67.5 7 -34.25 67.5 -7 34.25 67.5 -7 34.25 67.5 7
4 16 -34.25 67.5 -7 -34.25 67.5 0.25 -36 67.5 0.25 -36 67.5 -7
4 16 -36 67.5 -7 -36 67.5 0.25 -36 72 0.25 -36 72 -7
4 16 -36 67.5 7 -36 67.5 3.75 -34.25 67.5 3.75 -34.25 67.5 7
4 16 -36 72 7 -36 72 3.75 -36 67.5 3.75 -36 67.5 7
4 16 -36 67.5 7 36 67.5 7 36 72 7 -36 72 7
4 16 -36 72 -7 -36 72 0.25 -40 72 0.25 -40 72 -10
4 16 -40 72 10 -40 72 3.75 -36 72 3.75 -36 72 7
4 16 -37.75 72 0.25 -37.75 72 3.75 -40 72 3.75 -40 72 0.25
4 16 40 72 -10 36 72 -7 -36 72 -7 -40 72 -10
4 16 36 67.5 -7 -36 67.5 -7 -36 72 -7 36 72 -7
4 16 36 67.5 -7 36 67.5 0.25 34.25 67.5 0.25 34.25 67.5 -7
4 16 36 72 -7 36 72 0.25 36 67.5 0.25 36 67.5 -7
4 16 34.25 67.5 7 34.25 67.5 3.75 36 67.5 3.75 36 67.5 7
4 16 36 67.5 7 36 67.5 3.75 36 72 3.75 36 72 7
4 16 40 72 -10 40 72 0.25 36 72 0.25 36 72 -7
4 16 36 72 7 36 72 3.75 40 72 3.75 40 72 10
4 16 40 72 0.25 40 72 3.75 37.75 72 3.75 37.75 72 0.25
4 16 -40 72 10 -36 72 7 36 72 7 40 72 10
1 16 -36 30 6 -1.75 0 0 0 0 1.75 0 1 0 4-4edge.dat
1 16 -36 30 6 -1.75 0 0 0 0 1.75 0 1 0 4-4ndis.dat
0 BFC INVERTNEXT
1 16 -36 30 6 -1.75 0 0 0 0 1.75 0 1 0 4-8sphe.dat
1 16 36 30 6 1.75 0 0 0 0 1.75 0 1 0 4-4edge.dat
1 16 36 30 6 1.75 0 0 0 0 1.75 0 1 0 4-4ndis.dat
0 BFC INVERTNEXT
1 16 36 30 6 1.75 0 0 0 0 1.75 0 1 0 4-8sphe.dat
4 16 -34.25 3 6 34.25 3 6 34.25 64 6 -34.25 64 6
4 16 -37.75 3 6 -34.25 3 6 -34.25 28.25 6 -37.75 28.25 6
4 16 -37.75 64 -10 -37.75 64 0.25 -34.25 64 0.25 -34.25 64 -10
4 16 -37.75 31.75 6 -34.25 31.75 6 -34.25 64 6 -37.75 64 6
4 16 -37.75 64 6 -37.75 64 -10 -40 64 -10 -40 64 6
4 16 -34.25 64 6 -34.25 64 3.75 -37.75 64 3.75 -37.75 64 6
4 16 -37.75 64 6 -40 64 6 -40 3 6 -37.75 3 6
4 16 -40 3 10 -40 3 6 -40 64 6 -40 64 10
4 16 -40 64 -10 40 64 -10 40 72 -10 -40 72 -10
4 16 -40 64 10 -40 64 -10 -40 72 -10 -40 72 10
4 16 34.25 64 6 34.25 64 -10 -34.25 64 -10 -34.25 64 6
4 16 37.75 28.25 6 34.25 28.25 6 34.25 3 6 37.75 3 6
4 16 34.25 64 -10 34.25 64 0.25 37.75 64 0.25 37.75 64 -10
4 16 37.75 64 6 34.25 64 6 34.25 31.75 6 37.75 31.75 6
4 16 40 64 6 40 64 -10 37.75 64 -10 37.75 64 6
4 16 37.75 64 6 37.75 64 3.75 34.25 64 3.75 34.25 64 6
4 16 37.75 3 6 40 3 6 40 64 6 37.75 64 6
4 16 40 3 6 40 3 10 40 64 10 40 64 6
4 16 40 64 -10 40 64 10 40 72 10 40 72 -10
1 16 -10 0 0 1 0 0 0 1 0 0 0 1 stud.dat
1 16 -32 3 -1.75 1.5 0 0 0 1.5 0 0 0 -7.75 box4-1.dat
1 16 10 0 0 1 0 0 0 1 0 0 0 1 stud.dat
1 16 32 3 -1.75 1.5 0 0 0 1.5 0 0 0 -7.75 box4-1.dat
4 16 -37.75 0 -10 -37.75 0 0.25 -34.25 0 0.25 -34.25 0 -10
4 16 -37.75 0 10 -37.75 0 -10 -40 0 -10 -40 0 10
4 16 -34.25 0 10 -34.25 0 3.75 -37.75 0 3.75 -37.75 0 10
4 16 -34.25 3 -10 -34.25 3 0.25 -37.75 3 0.25 -37.75 3 -10
4 16 -40 3 6 -40 3 -10 -37.75 3 -10 -37.75 3 6
4 16 -37.75 3 6 -37.75 3 3.75 -34.25 3 3.75 -34.25 3 6
4 16 -40 0 -10 40 0 -10 40 3 -10 -40 3 -10
4 16 -40 0 10 -40 0 -10 -40 3 -10 -40 3 10
4 16 34.25 0 10 34.25 0 -10 -34.25 0 -10 -34.25 0 10
4 16 -34.25 3 6 -34.25 3 -10 34.25 3 -10 34.25 3 6
4 16 34.25 0 -10 34.25 0 0.25 37.75 0 0.25 37.75 0 -10
4 16 40 0 10 40 0 -10 37.75 0 -10 37.75 0 10
4 16 37.75 0 10 37.75 0 3.75 34.25 0 3.75 34.25 0 10
4 16 37.75 3 -10 37.75 3 0.25 34.25 3 0.25 34.25 3 -10
4 16 37.75 3 6 37.75 3 -10 40 3 -10 40 3 6
4 16 34.25 3 6 34.25 3 3.75 37.75 3 3.75 37.75 3 6
4 16 40 0 -10 40 0 10 40 3 10 40 3 -10
1 16 30 -4 0 0 0 -6 0 1 0 6 0 0 3-4disc.dat
1 16 30 -4 0 0 0 -6 0 1 0 6 0 0 3-4edge.dat
1 16 30 -4 0 0 0 -6 0 4 0 6 0 0  3-4cyli.dat
1 16 30 0 0 0 0 -6 0 1 0 6 0 0 3-4edge.dat
1 16 36 0 2 0 0 1.75 0 1 0 -1.75 0 0 2-4edge.dat
1 16 36 0 2 0 0 1.75 0 1 0 -1.75 0 0 4-4ndis.dat
0 BFC INVERTNEXT
1 16 36 0 2 0 0 1.75 0 3 0 -1.75 0 0 4-4cyli.dat
1 16 36 3 2 0 0 1.75 0 1 0 -1.75 0 0 4-4edge.dat
1 16 36 3 2 0 0 1.75 0 -1 0 -1.75 0 0 4-4ndis.dat
3 16 30 -4 0 30 -4 6 32.296 -4 5.543
3 16 30 -4 0 32.296 -4 5.543 34.243 -4 4.243
3 16 34.25 -4 2 34.383 -4 1.33 30 -4 0
3 16 34.383 -4 1.33 34.763 -4 0.763 30 -4 0
3 16 34.383 -4 2.67 34.25 -4 2 30 -4 0
3 16 34.763 -4 0.763 35.33 -4 0.383 30 -4 0
3 16 34.763 -4 3.237 34.383 -4 2.67 30 -4 0
3 16 30 -4 0 34.243 -4 4.243 34.868 -4 3.308
3 16 34.868 -4 3.308 34.763 -4 3.237 30 -4 0
3 16 35.33 -4 0.383 35.948 -4 0.26 30 -4 0
3 16 30 -4 0 35.948 -4 0.26 36 -4 0
4 16 32.296 -4 5.543 30 -4 6 30 0 6 32.296 0 5.543
4 16 34.243 -4 4.243 32.296 -4 5.543 32.296 0 5.543 34.243 0 4.243
4 16 34.25 0 2 34.383 0 1.33 34.383 -4 1.33 34.25 -4 2
4 16 34.383 0 1.33 34.763 0 0.763 34.763 -4 0.763 34.383 -4 1.33
4 16 34.383 0 2.67 34.25 0 2 34.25 -4 2 34.383 -4 2.67
4 16 34.763 0 0.763 35.33 0 0.383 35.33 -4 0.383 34.763 -4 0.763
4 16 34.763 0 3.237 34.383 0 2.67 34.383 -4 2.67 34.763 -4 3.237
4 16 34.868 -4 3.308 34.243 -4 4.243 34.243 0 4.243 34.868 0 3.308
4 16 34.868 0 3.308 34.763 0 3.237 34.763 -4 3.237 34.868 -4 3.308
4 16 35.33 0 0.383 35.948 0 0.26 35.948 -4 0.26 35.33 -4 0.383
4 16 36 -4 0 35.948 -4 0.26 35.948 0 0.26 36 0 0
1 16 -30 -4 0 0 0 6 0 1 0 6 0 0 3-4disc.dat
1 16 -30 -4 0 0 0 6 0 1 0 6 0 0 3-4edge.dat
1 16 -30 -4 0 0 0 6 0 4 0 6 0 0 3-4cyli.dat
1 16 -30 0 0 0 0 6 0 1 0 6 0 0 3-4edge.dat
1 16 -36 0 2 0 0 -1.75 0 1 0 -1.75 0 0 2-4edge.dat
1 16 -36 0 2 0 0 -1.75 0 1 0 -1.75 0 0 4-4ndis.dat
0 BFC INVERTNEXT
1 16 -36 0 2 0 0 -1.75 0 3 0 -1.75 0 0 4-4cyli.dat
1 16 -36 3 2 0 0 -1.75 0 1 0 -1.75 0 0 4-4edge.dat
1 16 -36 3 2 0 0 -1.75 0 -1 0 -1.75 0 0 4-4ndis.dat
3 16 -32.296 -4 5.543 -30 -4 6 -30 -4 0
3 16 -34.243 -4 4.243 -32.296 -4 5.543 -30 -4 0
3 16 -30 -4 0 -34.383 -4 1.33 -34.25 -4 2
3 16 -30 -4 0 -34.763 -4 0.763 -34.383 -4 1.33
3 16 -30 -4 0 -34.25 -4 2 -34.383 -4 2.67
3 16 -30 -4 0 -35.33 -4 0.383 -34.763 -4 0.763
3 16 -30 -4 0 -34.383 -4 2.67 -34.763 -4 3.237
3 16 -34.868 -4 3.308 -34.243 -4 4.243 -30 -4 0
3 16 -34.868 -4 3.308 -34.763 -4 3.237 -30 -4 0
3 16 -30 -4 0 -35.948 -4 0.26 -35.33 -4 0.383
3 16 -36 -4 0 -35.948 -4 0.26 -30 -4 0
4 16 -32.296 0 5.543 -30 0 6 -30 -4 6 -32.296 -4 5.543
4 16 -34.243 0 4.243 -32.296 0 5.543 -32.296 -4 5.543 -34.243 -4 4.243
4 16 -34.25 -4 2 -34.383 -4 1.33 -34.383 0 1.33 -34.25 0 2
4 16 -34.383 -4 1.33 -34.763 -4 0.763 -34.763 0 0.763 -34.383 0 1.33
4 16 -34.383 -4 2.67 -34.25 -4 2 -34.25 0 2 -34.383 0 2.67
4 16 -34.763 -4 0.763 -35.33 -4 0.383 -35.33 0 0.383 -34.763 0 0.763
4 16 -34.763 -4 3.237 -34.383 -4 2.67 -34.383 0 2.67 -34.763 0 3.237
4 16 -34.868 0 3.308 -34.243 0 4.243 -34.243 -4 4.243 -34.868 -4 3.308
4 16 -34.868 -4 3.308 -34.763 -4 3.237 -34.763 0 3.237 -34.868 0 3.308
4 16 -35.33 -4 0.383 -35.948 -4 0.26 -35.948 0 0.26 -35.33 0 0.383
4 16 -36 0 0 -35.948 0 0.26 -35.948 -4 0.26 -36 -4 0
