0 BFC CERTIFY CCW
4 16 -21.75 3.5327 0 -21 3.5327 -2.6789 -21.6992 4 -2.6789 -22.4492 4 0
3 16 -21 3.5327 -2.6789 -21 4 -3.3781 -21.6992 4 -2.6789
3 16 -21.75 3.5327 0 -20 3 0 -21 3.5327 -2.6789
4 16 -20 3 0 -18 3 0 -18 3.5327 -2.6789 -21 3.5327 -2.6789
4 16 -21 4 -3.3781 -21 3.5327 -2.6789 -18 3.5327 -2.6789 -18 4 -3.3781
4 16 -18 3 0 -18 4 0 -18 4 -3.3781 -18 3.5327 -2.6789
1 16 -20 4 0 -6 0 0 0 -1 0 0 0 -6 p/3-16chrd.dat
4 16 -21 4 -3.3781 -22 4 -5.6023 -22.2962 4 -5.5434 -21.6992 4 -2.6789
4 16 -26 4 0 -22.4492 4 0 -21.6992 4 -2.6789 -22.2962 4 -5.5434
4 16 -22 4 -5.6023 -21 4 -3.3781 -18 4 -3.3781 -18 4 -6
4 16 -18 4 -7.5 -22 4 -7.5 -22 4 -5.6023 -18 4 -6
1 16 -20 14 -7.5 0 0 2 -10 0 0 0 -1 0 p/rect3.dat
1 16 -22.1481 14 -5.5729 .1481 0 0 0 0 10 -.02945 -1 0 p/rect2p.dat
0 BFC INVERTNEXT
1 16 -20 24 0 -6 0 0 0 -20 0 0 0 -6 p/3-16cylo.dat
1 16 -22 14 -6.5512 0 -1 0 0 0 -10 .94885 0 0 p/rect.dat
3 16 -18 4 -7.5 -18 4 -6 -18 10 -6
4 16 -18 4 -7.5 -18 10 -6 -18 16 -6 -18 24 -7.5
4 16 -18 16 -6 -18 20 -5.6023 -18 24 -5.6023 -18 24 -7.5
4 16 -18 20 -5.6023 -18 16 -6 -18 16 0 -18 20 0
1 16 -18 10 0 0 1 0 6 0 0 0 0 -6 p/2-4ndis.dat
1 16 -18 10 0 0 1 0 6 0 0 0 0 -6 p/2-4edge.dat
1 16 -12 10 0 0 8 0 8 0 0 0 0 -8 p/1-4cyli.dat
1 16 -4 10 0 0 1 0 8 0 0 0 0 -8 p/1-4edge.dat
1 16 -4 10 0 0 1 0 8 0 0 0 0 -8 p/1-4ndis.dat
1 16 -12 10 0 0 -8 0 8 0 0 0 0 -8 p/1-4cyls.dat
1 16 -20 10 0 8 0 0 8 1 0 0 0 -8 p/3-16edge.dat
1 16 -17.8519 22 -5.5729 0 0 -.1481 2 0 0 0 -1 -.02945 p/rect3.dat
0 BFC INVERTNEXT
1 16 -20 24 0 6 0 0 0 -4 0 0 0 -6 p/3-16cylo.dat
1 16 -20 20 0 6 0 0 0 -1 0 0 0 -6 p/3-16chrd.dat
4 16 -17.7038 20 -5.5434 -18 20 -5.6023 -18 20 0 -14 20 0
1 16 -20 24 0 -2 0 0 0 -1 0 0 0 -2 p/1-8ring3.dat
1 16 -20 24 0 2 0 0 0 -1 0 0 0 -2 p/1-8ring3.dat
3 16 -21.5 24 -9 -24.25 24 -9 -22 24 -7.5
4 16 -18 24 -7.5 -18.5 24 -9 -21.5 24 -9 -22 24 -7.5
4 16 -15.75 24 -6.597 -15.75 24 -9 -18.5 24 -9 -18 24 -7.5
4 16 -22.2962 24 -5.5434 -22 24 -5.6023 -22 24 -7.5 -24.25 24 -9
3 16 -24.25 24 -6.597 -22.2962 24 -5.5434 -24.25 24 -9
4 16 -24.25 24 -6.597 -25.6568 24 -5.6568 -24.2426 24 -4.2426 -22.2962 24 -5.5434
4 16 -14.3432 24 -5.6568 -15.75 24 -6.597 -17.7038 24 -5.5434 -15.7574 24 -4.2426
4 16 -15.75 24 -6.597 -18 24 -7.5 -18 24 -5.6023 -17.7038 24 -5.5434
1 16 -20 24 0 -8 0 0 0 -20 0 0 0 -8 p/1-8cylo.dat
1 16 -24.9534 14 -6.1269 0 0 .7034 10 0 0 0 1 -.4701 p/rect3.dat
1 16 -24.25 14 -7.7985 0 1 0 10 0 0 0 0 -1.2015 p/rect3.dat
1 16 -15.75 14 -7.7985 0 -1 0 0 0 10 -1.2015 0 0 p/rect.dat
4 16 -14.3432 24 -5.6568 -14.3432 15.6568 -5.6568 -15.75 14.25 -6.597 -15.75 24 -6.597
1 16 -20 24 0 8 0 0 0 1 0 0 0 -8 p/1-8edge.dat
1 16 -20 24 0 8 0 0 0 -6 0 0 0 -8 p/1-8cyli.dat
1 16 -20 18 0 8 0 0 0 -8 0 0 0 -8 p/1-8cyls.dat
4 16 -24.25 4 -6.597 -24.25 4 -9 -28 4 -8 -25.6568 4 -5.6568
1 16 -20 4 0 -8 0 0 0 -1 0 0 0 -8 p/1-8ndis.dat
4 16 -15.75 24 -9 -15.75 4 -9 -18.5 4 -9 -18.5 24 -9
4 16 -24.25 4 -9 -24.25 24 -9 -21.5 24 -9 -21.5 4 -9
1 16 -9.875 7 -8 5.875 0 0 0 0 -3 0 1 0 p/rect3.dat
