0 BFC CERTIFY CCW
1 16 0 0 0 6 0 0 0 -1.5 0 0 0 6 p/4-4cyli.dat
1 16 0 0 0 6 0 0 0 1 0 0 0 6 p/4-4edge.dat
0 BFC INVERTNEXT
1 16 0 0 0 4 0 0 0 -1.5 0 0 0 4 p/4-4cyli.dat
1 16 0 0 0 4 0 0 0 1 0 0 0 4 p/4-4edge.dat
1 16 0 -1.5 0 5.5434 0 -2.2962 0 -6.5 0 2.2962 0 5.5434 p/1-4cyli.dat
1 16 0 -1.5 0 5.5434 0 -2.2962 0 -6.5 0 -2.2962 0 -5.5434 p/1-4cyli.dat
0 BFC INVERTNEXT
1 16 0 -1.5 0 3.6956 0 -1.5308 0 -6.5 0 1.5308 0 3.6956 p/1-4cyli.dat
0 BFC INVERTNEXT
1 16 0 -1.5 0 3.6956 0 -1.5308 0 -6.5 0 -1.5308 0 -3.6956 p/1-4cyli.dat
1 16 0 -8 0 5.5434 0 -2.2962 0 1 0 2.2962 0 5.5434 p/1-4edge.dat
1 16 0 -8 0 0.46195 0 -0.19135 0 -1 0 0.19135 0 0.46195 p/1-4rin12.dat
1 16 0 -8 0 6.00535 0 -2.48755 0 -2 0 2.48755 0 6.00535 p/1-4cylo.dat
1 16 0 -10 0 0.46195 0 -0.19135 0 1 0 0.19135 0 0.46195 p/1-4rin12.dat
1 16 0 -10 0 1.8478 0 -0.7654 0 1 0 0.7654 0 1.8478 p/1-4ring2.dat
1 16 0 -10 0 3.6956 0 -1.5308 0 1 0 1.5308 0 3.6956 p/1-4edge.dat
0 BFC INVERTNEXT
1 16 0 -8 0 3.6956 0 -1.5308 0 -2 0 1.5308 0 3.6956 p/1-4cyli.dat
1 16 0 -8 0 5.5434 0 -2.2962 0 1 0 -2.2962 0 -5.5434 p/1-4edge.dat
1 16 0 -8 0 0.46195 0 -0.19135 0 -1 0 -0.19135 0 -0.46195 p/1-4rin12.dat
1 16 0 -8 0 6.00535 0 -2.48755 0 -2 0 -2.48755 0 -6.00535 p/1-4cylo.dat
1 16 0 -10 0 0.46195 0 -0.19135 0 1 0 -0.19135 0 -0.46195 p/1-4rin12.dat
1 16 0 -10 0 1.8478 0 -0.7654 0 1 0 -0.7654 0 -1.8478 p/1-4ring2.dat
1 16 0 -10 0 3.6956 0 -1.5308 0 1 0 -1.5308 0 -3.6956 p/1-4edge.dat
0 BFC INVERTNEXT
1 16 0 -8 0 3.6956 0 -1.5308 0 -2 0 -1.5308 0 -3.6956 p/1-4cyli.dat
1 16 6 -2.5 0 0 -1 -0.19885 1 0 0 0 0 -1 p/1-4ndis.dat
1 16 6 -2.5 0 0 -1 -0.19885 1 0 0 0 0 1 p/1-4ndis.dat
1 16 4 -2.5 0 0 1 -0.19885 1 0 0 0 0 -1 p/1-4ndis.dat
1 16 4 -2.5 0 0 1 -0.19885 1 0 0 0 0 1 p/1-4ndis.dat
0 BFC INVERTNEXT
1 16 6 -2.5 0 0 -2 -0.19885 1 0 0 0 0 -1 p/1-4cylo.dat
0 BFC INVERTNEXT
1 16 6 -2.5 0 0 -2 -0.19885 1 0 0 0 0 1 p/1-4cylo.dat
4 16 5.80115 -1.5 1 5.5434 -1.5 2.2962 5.5434 -8 2.2962 5.80115 -8 1
4 16 5.5434 -1.5 -2.2962 5.80115 -1.5 -1 5.80115 -8 -1 5.5434 -8 -2.2962
4 16 3.6956 -1.5 1.5308 3.80115 -1.5 1 3.80115 -8 1 3.6956 -8 1.5308
4 16 3.80115 -8 -1 3.80115 -1.5 -1 3.6956 -1.5 -1.5308 3.6956 -8 -1.5308
4 16 6.00535 -8 1 5.80115 -8 1 5.5434 -8 2.2962 6.00535 -8 2.48755
4 16 5.5434 -8 -2.2962 5.80115 -8 -1 6.00535 -8 -1 6.00535 -8 -2.48755
1 16 4.80115 -5.25 1 0 0 1 2.75 0 0 0 1 0 p/rect2p.dat
1 16 4.80115 -5.25 -1 0 0 1 2.75 0 0 0 -1 0 p/rect2p.dat
1 16 3.748375 -9 1.2654 0 1 -.052775 -1 0 0 0 0 .2654 p/rect1.dat
1 16 3.748375 -9 -1.2654 0 1 .052775 -1 0 0 0 0 .2654 p/rect1.dat
1 16 4.80115 -9 1 0 0 -1 -1 0 0 0 1 0 p/rect2a.dat
1 16 4.80115 -9 -1 0 0 -1 -1 0 0 0 -1 0 p/rect2a.dat
1 16 5.90325 -9 1 .1021 0 0 0 0 1 0 1 0 p/rect2p.dat
1 16 5.90325 -9 -1 .1021 0 0 0 0 1 0 -1 0 p/rect2p.dat
1 16 6.00535 -9 1.743775 0 -1 0 1 0 0 0 0 -.743775 p/rect.dat
1 16 6.00535 -9 -1.743775 0 -1 0 1 0 0 0 0 .743775 p/rect.dat
4 16 3.6956 -10 1.5308 3.80115 -10 1 5.80115 -10 1 5.5434 -10 2.2962
4 16 5.5434 -10 2.2962 5.80115 -10 1 6.00535 -10 1 6.00535 -10 2.48755
4 16 5.80115 -10 -1 3.80115 -10 -1 3.6956 -10 -1.5308 5.5434 -10 -2.2962
4 16 6.00535 -10 -1 5.80115 -10 -1 5.5434 -10 -2.2962 6.00535 -10 -2.48755
1 16 -1.9135 -9 4.6195 .3827 1 0 0 0 -1 -.9239 0 0 p/rect2a.dat
1 16 -2.391875 -9 5.774375 0 1 -.095675 1 0 0 0 0 .230975 p/rect3.dat
1 16 -1.9135 -6.6019 4.6195 -.3827 1 0 0 0 1.3981 .9239 0 0 p/rect3.dat
1 16 -1.9135 -9 -4.6195 .3827 1 0 0 0 -1 .9239 0 0 p/rect2a.dat
1 16 -2.391875 -9 -5.774375 0 1 -.095675 1 0 0 0 0 -.230975 p/rect3.dat
1 16 -1.9135 -6.6019 -4.6195 .3827 1 0 0 0 1.3981 .9239 0 0 p/rect3.dat
3 16 -2.2962 -5.2038 5.5434 -4.2426 -3.2574 4.2426 -2.8284 -3.2574 2.8284
3 16 -2.2962 -5.2038 5.5434 -2.8284 -3.2574 2.8284 -1.5308 -5.2038 3.6956
3 16 -4.2426 -3.2574 4.2426 -5.5434 -1.9566 2.2962 -3.6956 -1.9566 1.5308
3 16 -4.2426 -3.2574 4.2426 -3.6956 -1.9566 1.5308 -2.8284 -3.2574 2.8284
3 16 -5.5434 -1.9566 2.2962 -6 -1.5 0 -4 -1.5 0
3 16 -5.5434 -1.9566 2.2962 -4 -1.5 0 -3.6956 -1.9566 1.5308
4 16 -2.2962 -1.5 5.5434 -4.2426 -1.5 4.2426 -4.2426 -3.2574 4.2426 -2.2962 -5.2038 5.5434
4 16 -4.2426 -1.5 4.2426 -5.5434 -1.5 2.2962 -5.5434 -1.9566 2.2962 -4.2426 -3.2574 4.2426
3 16 -5.5434 -1.5 2.2962 -6 -1.5 0 -5.5434 -1.9566 2.2962
4 16 -1.5308 -1.5 3.6956 -1.5308 -5.2038 3.6956 -2.8284 -3.2574 2.8284 -2.8284 -1.5 2.8284
4 16 -2.8284 -1.5 2.8284 -2.8284 -3.2574 2.8284 -3.6956 -1.9566 1.5308 -3.6956 -1.5 1.5308
3 16 -3.6956 -1.5 1.5308 -3.6956 -1.9566 1.5308 -4 -1.5 0
3 16 -4.2426 -3.2574 -4.2426 -2.2962 -5.2038 -5.5434 -2.8284 -3.2574 -2.8284
3 16 -2.8284 -3.2574 -2.8284 -2.2962 -5.2038 -5.5434 -1.5308 -5.2038 -3.6956
3 16 -5.5434 -1.9566 -2.2962 -4.2426 -3.2574 -4.2426 -3.6956 -1.9566 -1.5308
3 16 -3.6956 -1.9566 -1.5308 -4.2426 -3.2574 -4.2426 -2.8284 -3.2574 -2.8284
3 16 -6 -1.5 0 -5.5434 -1.9566 -2.2962 -4 -1.5 0
3 16 -4 -1.5 0 -5.5434 -1.9566 -2.2962 -3.6956 -1.9566 -1.5308
4 16 -4.2426 -3.2574 -4.2426 -4.2426 -1.5 -4.2426 -2.2962 -1.5 -5.5434 -2.2962 -5.2038 -5.5434
4 16 -5.5434 -1.9566 -2.2962 -5.5434 -1.5 -2.2962 -4.2426 -1.5 -4.2426 -4.2426 -3.2574 -4.2426
3 16 -6 -1.5 0 -5.5434 -1.5 -2.2962 -5.5434 -1.9566 -2.2962
4 16 -2.8284 -3.2574 -2.8284 -1.5308 -5.2038 -3.6956 -1.5308 -1.5 -3.6956 -2.8284 -1.5 -2.8284
4 16 -3.6956 -1.9566 -1.5308 -2.8284 -3.2574 -2.8284 -2.8284 -1.5 -2.8284 -3.6956 -1.5 -1.5308
3 16 -3.6956 -1.9566 -1.5308 -3.6956 -1.5 -1.5308 -4 -1.5 0
