0 BFC CERTIFY CW
1 16 10 12 0 0 0 10 0 -12 0 -40 0 0 p/box3-3.dat
0 BFC INVERTNEXT
1 16 9.375 14 0 0 0 6.625 0 -10 0 -36 0 0 p/box3-3.dat
1 16 1.7325 22 -31.93 0 -1 1.0175 -2 0 0 0 0 -4.07 p/rect.dat
1 16 -1.18 22 -20.28 -1.41 -1 0 0 0 2 5.64 0 0 p/rect.dat
1 16 0 24 20 2 0 0 0 -1 0 0 0 2 p/ring3.dat
1 16 0 24 20 6 0 0 0 1 0 0 0 6 p/4-4edge.dat
1 16 0 24 20 8 0 0 0 1 0 0 0 8 p/4-4edge.dat
1 16 0 4 20 3.061 0 7.391 0 20 0 7.391 0 -3.061 p/3-8cyli.dat
1 16 0 16.7 20 0 0 -8 0 7.3 0 -8 0 0 p/2-4cyli.dat
1 16 0 4 20 3.061 0 7.391 0 1 0 7.391 0 -3.061 p/3-8edge.dat
1 16 0 16.7 20 -8 0 0 0 -7.7 0 0 0 -8 p/1-4cyls.dat
1 16 0 8 20 -8 0 0 8.7 1 1.3 0 0 -8 p/1-4edge.dat
1 16 0 16.7 20 -8 0 0 0 -9.5 0 0 0 8 p/1-4cyls.dat
1 16 0 7.25 20 -8 0 0 9.55 1 0 0 0 8 p/1-4edge.dat
0 BFC INVERTNEXT
1 16 0 4 20 2.296 0 5.543 0 9.9 0 -5.543 0 2.296 p/3-8cyli.dat
1 16 0 4 20 2.296 0 5.543 0 1 0 -5.543 0 2.296 p/3-8edge.dat
0 BFC INVERTNEXT
1 16 0 13.9 20 6 0 0 0 10.1 0 0 0 6 p/4-4cyli.dat
0 BFC INVERTNEXT
1 16 0 13.9 20 -5.543 0 2.296 0 -9.8 0 -2.296 0 -5.543 p/1-4cyls.dat
1 16 0 8.25 20 -6 0 0 6.2 1 0.5 0 0 -6 p/1-4edge.dat
0 BFC INVERTNEXT
1 16 0 13.9 20 -5.543 0 2.296 0 -10 0 2.296 0 5.543 p/1-4cyls.dat
1 16 0 7 20 -6 0 0 7.4 1 1 0 0 6 p/1-4edge.dat
0 BFC INVERTNEXT
1 16 0 19.7 0 0 0 -6 0 4.3 0 6 0 0 p/3-8cyli.dat
0 BFC INVERTNEXT
1 16 0 19.7 0 -4.243 0 4.243 0 4.3 0 -4.243 0 -4.243 p/3-16cyli.dat
0 BFC INVERTNEXT
1 16 0 4 0 2.296 0 5.543 0 20 0 -5.543 0 2.296 p/3-8cyli.dat
0 BFC INVERTNEXT
1 16 0 19.7 0 -5.543 0 2.296 0 -13.9 0 -2.296 0 -5.543 p/1-4cyls.dat
1 16 0 9.3 0 -6 0 0 10.3 1 2.6 0 0 -6 p/3-16edge.dat
0 BFC INVERTNEXT
1 16 0 19.7 0 -6 0 0 0 -10.8 0 0 0 6 p/1-4cyls.dat
1 16 0 8 0 0 0 -6 0.9 1 11.6 6 0 0 p/1-4edge.dat
1 16 0 4 0 2.2961 0 5.54328 0 1 0 -5.54328 0 2.2961 p/3-8edge.dat
1 16 0 24 0 6 0 0 0 1 0 0 0 6 p/4-4edge.dat
1 16 0 4 0 3.06144 0 7.39097 0 20 0 -7.39097 0 3.06144 p/3-8cyli.dat
1 16 0 17.652 0 -3.061 0 7.391 0 6.348 0 -7.391 0 -3.061 p/1-8cyli.dat
1 16 0 17.652 0 -7.39097 0 -3.06144 0 -19.652 0 3.06144 0 -7.39097 p/1-8cyls2.dat
1 16 0 4 0 3.06144 0 7.39097 0 1 0 -7.39097 0 3.06144 p/3-8edge.dat
1 16 0 24 0 -5.6568 0 5.6568 0 1 0 -5.6568 0 -5.6568 p/3-4edge.dat
1 16 0 24 0 2 0 0 0 -1 0 0 0 2 p/ring3.dat
1 16 11.955 4 0 -4.045 0 0 0 16 0 0 0 0.5 p/box3u2p.dat
0 BFC INVERTNEXT
1 16 0 4 -20 2.296 0 5.543 0 15.4 0 -5.543 0 2.296 p/3-8cyli.dat
0 BFC INVERTNEXT
1 16 0 19.4 -20 2.296 0 5.543 0 4.6 0 -5.543 0 2.296 p/2-4cyli.dat
0 BFC INVERTNEXT
1 16 0 19.4 -20 -5.54328 0 -2.2961 0 -20 0 -2.2961 0 5.54328 p/1-8cyls2.dat
1 16 0 24 -20 2.2961 0 5.5433 0 20 0 -5.5433 0 2.2961 p/2-4edge.dat
1 16 0 4 -20 2.2961 0 5.5433 0 20 0 -5.5433 0 2.2961 p/3-8edge.dat
1 16 0 4 -20 3.0615 0 7.391 0 16 0 -7.391 0 3.0615 p/3-8cyli.dat
1 16 0 20 -20 3.0615 0 7.391 0 4 0 -7.391 0 3.0615 p/2-4cyli.dat
1 16 0 20 -20 -7.391 0 -3.061 0 -22 0 -3.061 0 7.391 p/1-8cyls2.dat
1 16 0 24 -20 3.0615 0 7.391 0 20 0 -7.391 0 3.0615 p/2-4edge.dat
1 16 0 4 -20 3.0615 0 7.391 0 20 0 -7.391 0 3.0615 p/3-8edge.dat
1 16 -6.365 22 -4.597 0.7081 0.7071 0 0 0 2 -1.0597 0.7071 0 p/rect2p.dat
1 16 0 24 -20 0.7654 0 1.8476 0 -1 0 -1.8476 0 0.7654 p/2-4ring3.dat
0 BFC INVERTNEXT
1 16 -15.275 24 28.6 1.75 0 -1.2 0 -4 0 0.4375 0 4.8 p/box3u2p.dat
0 BFC INVERTNEXT
1 16 -10.6 22 9.9 1.75 0 -1.4875 0 -2 0 0.4375 0 5.95 p/box2-5.dat
1 16 -8.06 22 -3.8 0 0 0.98 -2 0 0 0 1 0.245 p/rect3.dat
1 16 -4.65 22 -13.66 1.64 1 0 0 0 2 1.08 0 0 p/rect2p.dat
1 16 -3.155 22 -27.38 0 1 -3.155 2 0 0 0 0 12.62 p/rect3.dat
1 16 -9.9325 22 -0.27 -0.9425 1 0 0 0 2 3.77 0 0 p/rect.dat
1 16 -19.12 22 36.48 0 1 -0.88 2 0 0 0 0 3.52 p/rect3.dat
1 16 -14.98 22 34.92 0 -1 -0.27 2 0 0 0 0 1.08 p/rect3.dat
1 16 -13.081 20 19.825 0.994 0 1.75 0 4 0 -3.975 0 0.4375 p/box3u8p.dat
4 16 16 24 36 20 24 40 -20 24 40 -15.25 24 36
4 16 20 24 40 16 24 36 16 24 -36 20 24 -40
4 16 2.75 24 -36 0 24 -40 20 24 -40 16 24 -36
4 16 -3.0615 24 -12.609 -6.3 24 -14.76 0 24 -40 2.75 24 -36
4 16 3.0615 24 -27.391 2.2961 24 -25.5433 0.24 24 -25.93 0.72 24 -27.85
3 16 -3.0615 24 -12.609 -2.56 24 -14.64 -2.2961 24 -14.4567
4 16 -6.3 20 -14.75 -3.06 20 -12.61 -4.644 20 -6.334 -5.657 20 -5.657
4 16 -6.3 20 -14.75 -5.657 20 -5.657 -7.08 20 -3.555 -9.04 20 -4.045
4 16 -9.06 24 -4.045 -7.08 24 -3.555 -6.4 24 4.63 -10.875 24 3.5
4 16 -18.225 24 32.9625 -14.725 24 33.8375 -15.25 24 36 -20 24 40
4 16 -20 20 40 20 24 40 20 0 40 0 0 40
3 16 -20 20 40 -20 24 40 20 24 40
4 16 2.75 4 36 16 4 36 16 24 36 -15.25 20 36
3 16 -15.25 20 36 16 24 36 -15.25 24 36
4 16 2.75 4 27.453 0 24 28 3.061 24 27.391 3.061 4 27.391
3 16 2.75 4 27.453 0 7.259 28 0 24 28
4 16 3.061 4 12.609 3.061 24 12.609 0 24 12 2.75 4 12.547
3 16 2.75 4 12.547 0 24 12 0 8.889 12
4 16 2.75 4 7.453 0 24 8 3.061 24 7.391 3.061 4 7.391
3 16 2.75 4 7.453 0 8.889 8 0 24 8
4 16 0 24 8 0 8.889 8 -3.061 14.031 7.391 -3.061 24 7.391
4 16 -3.061 24 7.391 -3.061 14.031 7.391 -5.657 17.621 5.657 -5.657 24 5.657
4 16 -5.657 24 5.657 -5.657 17.621 5.657 -6.4 18.779 4.63 -6.4 24 4.63
3 16 -7.363 20 4.387 -6.4 24 4.63 -6.4 18.779 4.63
4 16 -7.363 20 4.387 -10.875 20 3.5 -10.875 24 3.5 -6.4 24 4.63
4 16 0 8.889 6 2.296 4.807 5.543 2.296 24 5.543 0 24 6
4 16 -4.644 20 -6.334 -3.061 24 -7.391 -5.657 24 -5.657 -5.657 20 -5.657
3 16 -4.645 20 -6.334 -3.061 17.652 -7.391 -3.061 24 -7.391
4 16 -2.56 24 -14.64 -2.56 20 -14.64 -2.296 19.396 -14.457 -2.296 24 -14.457
4 16 2.296 24 -25.543 2.296 12.319 -25.543 0.24 20 -25.93 0.24 24 -25.93
4 16 2.75 12.403 -27.453 3.061 24 -27.391 0.72 24 -27.85 0.72 20 -27.85
4 16 2.75 12.403 -27.453 2.75 4 -27.453 3.061 4 -27.391 3.061 24 -27.391
3 16 2.75 4 -36 2.75 4 -18 2.75 20 -36
3 16 2.75 20 -36 2.75 4 -18 -1.75 20 -18
3 16 2.75 4 -18 2.75 4 0 -1.75 20 -18
3 16 -1.75 20 -18 2.75 4 0 -6.25 20 0
3 16 2.75 4 0 2.75 4 18 -6.25 20 0
3 16 -6.25 20 0 2.75 4 18 -10.75 20 18
3 16 2.75 4 36 -10.75 20 18 2.75 4 18
3 16 2.75 4 36 -15.25 20 36 -10.75 20 18
