0 BFC CERTIFY CCW
1 16 0 0 0 0 0 1 0 1 0 -1 0 0 stug2-2x2.dat
1 16 0 0 0 1 0 0 0 1 0 0 0 1 s\43936s03.dat
1 16 0 0 0 -1 0 0 0 1 0 0 0 1 s\43936s03.dat
1 16 0 26 38 1 0 0 0 1 0 0 0 1 s\43936s02.dat
1 16 0 26 38 0 -1 0 1 0 0 0 0 1 s\43936s02.dat
1 16 0 26 38 -1 0 0 0 -1 0 0 0 1 s\43936s02.dat
1 16 0 26 38 0 1 0 -1 0 0 0 0 1 s\43936s02.dat
1 16 0 26 -20 1 0 0 0 0 -1 0 1 0 peghole.dat
1 16 0 26 -20 1 0 0 0 0 -1 0 1 0 2-4ring8.dat
1 16 0 26 -20 .5 0 0 0 0 -.5 0 1 0 2-4rin18.dat
1 16 0 26 -20 8 0 0 0 0 8 0 1 0 2-4ndis.dat
3 16 8 26 -20 8 34 -20 9 26 -20
4 16 9.5 26 -20 9 26 -20 8 34 -20 9.5 39.25 -20
3 16 9.5 39.25 -20 8 34 -20 0 34 -20
4 16 9.5 39.25 -20 0 34 -20 -8 34 -20 -9.5 39.25 -20
3 16 -8 34 -20 -8 26 -20 -9 26 -20
4 16 -9.5 39.25 -20 -8 34 -20 -9 26 -20 -9.5 26 -20
3 16 0 16.5 -20 1.25 16.748 -20 1.25 3 -20
4 16 0 0 -20 -1.25 3 -20 0 16.5 -20 1.25 3 -20
3 16 0 16.5 -20 -1.25 3 -20 -1.25 16.748 -20
0 BFC INVERTNEXT
1 16 0 26 -18 6 0 0 0 0 -6 0 15.5 0 4-4cyli.dat
1 16 0 26 -2.5 6 0 0 0 0 -6 0 1 0 4-4edge.dat
0 BFC INVERTNEXT
1 16 0 26 22.5 0 0 6 6 0 0 0 15.5 0 4-4cylo.dat
4 16 20 48 -20 -20 48 -20 -16 48 -16 16 48 -16
3 16 -21.021 39.25 -20 -20 48 -20 -9.5 39.25 -20
3 16 21.021 39.25 -20 9.5 39.25 -20 20 48 -20
4 16 -20 48 -20 20 48 -20 9.5 39.25 -20 -9.5 39.25 -20
1 16 0 39.25 -16 0 0 6 -3.75 0 0 0 -1 0 rect1.dat
3 16 -6 35.5 -16 0 35.5 -8 6 35.5 -16
3 16 0 35.5 28 -6 35.5 36 6 35.5 36
1 16 0 48 48 1.875 0 0 0 -1 0 0 0 -12 rect2p.dat
1 16 0 39.25 36 0 0 -6 -3.75 0 0 0 1 0 rect1.dat
4 16 -1.875 47.168 36 -1.875 48 36 1.875 48 36 1.875 47.168 36
4 16 1.875 47.168 36 6 43 36 -6 43 36 -1.875 47.168 36
4 16 1.875 45.912 60 1.875 48 60 -1.875 48 60 -1.875 45.912 60
3 16 1.875 45.912 60 -1.875 45.912 60 0 43.625 60
0 BFC INVERTNEXT
1 16 0 45.5 22 0 0 16 -2.5 0 0 0 -38 0 box3u7a.dat
