0 BFC CERTIFY CCW
4 16 3 27.1687 142.3313 3 24.3403 145.1597 3 28.7146 149 3 34.7647 149
4 16 29 20.85 69.5 29 20.85 31 29 26 34 29 26 69.5
1 16 3 100 69.5 0 1 0 -107 0 0 0 0 107 48\1-8edge.dat
1 16 8 100 69.5 0 1 0 -107 0 0 0 0 107 48\1-8edge.dat
1 16 3 100 69.5 0 5 0 -107 0 0 0 0 107 48\1-8cyli.dat
4 16 0 49 154.1038 0 41.2667 149 8 41.2667 149 8 49 154.1038
4 16 3 28.7146 149 3 24.3403 145.1597 8 24.3403 145.1597 8 28.7146 149
1 16 20 60 160 0 -1 0 0 0 1 -1 0 0 connhol3.dat
1 16 12 60 160 0 1 0 0 0 6 6 0 0 4-4edge.dat
1 16 12 60 160 0 1 0 0 0 -2 2 0 0 2-4ring3.dat
1 16 12 60 160 0 1 0 0 0 3 3 0 0 1-4ring2.dat
0 BFC INVERTNEXT
1 16 10 60 160 0 2 0 0 0 -8 8 0 0 2-4cylo.dat
3 16 8 -2.7789 31 5.3827 -2.7789 43.5 5.3827 -2.7789 53.5
3 16 5.3827 -2.7789 53.5 8 -3 69.5 8 -2.7789 31
3 16 8 -3 69.5 5.3827 -2.7789 53.5 3 -3 55
3 16 3 -3 55 3 -3 69.5 8 -3 69.5
1 16 2 6.25 48.5 0 1 0 4.25 0 0 0 0 -5 rect2p.dat
1 16 0 2 43.5 2 0 0 0 0 -2 0 1 0 1-4ndis.dat
1 16 0 2 53.5 2 0 0 0 0 -2 0 -1 0 1-4ndis.dat
0 BFC INVERTNEXT
1 16 0 2 53.5 2 0 0 0 0 -2 0 -10 0 1-4cylo.dat
1 16 3 10.5 53.5 -1 0 0 0 0 1 0 -10 0 1-4cylo.dat
1 16 3 6 53.5 3 0 0 0 0 5.5 0 -10 0 1-4cylo.dat
1 16 5 6 53.5 1 0 0 0 0 -3.5 0 -10 0 3-16cylo.dat
4 16 5.3827 2.76635 53.5 5.3827 -2.7789 53.5 5.3827 -2.7789 43.5 5.3827 2.76635 43.5
1 16 3 10.5 53.5 -1 0 0 0 0 1 0 -1 0 1-4chrd.dat
1 16 3 6 53.5 3 0 0 0 0 5.5 0 -1 0 1-4chrd.dat
1 16 3 10.5 43.5 -1 0 0 0 0 1 0 1 0 1-4chrd.dat
1 16 3 6 43.5 3 0 0 0 0 5.5 0 1 0 1-4chrd.dat
1 16 5 6 53.5 1 0 0 0 0 -3.5 0 -1 0 3-16chrd.dat
1 16 5 6 43.5 1 0 0 0 0 -3.5 0 1 0 3-16chrd.dat
4 16 6 6 53.5 3 11.5 53.5 2 10.5 53.5 5.3827 2.76635 53.5
4 16 2 10.5 43.5 3 11.5 43.5 6 6 43.5 5.3827 2.76635 43.5
4 16 2 2 43.5 2 10.5 43.5 5.3827 2.76635 43.5 5.3827 -2.7789 43.5
4 16 2 2 53.5 5.3827 -2.7789 53.5 5.3827 2.76635 53.5 2 10.5 53.5
3 16 5.3827 -2.7789 53.5 2 2 53.5 2 0 53.5
3 16 2 0 43.5 2 2 43.5 5.3827 -2.7789 43.5
3 16 2 0 43.5 5.3827 -2.7789 43.5 0 0 43.5
3 16 5.3827 -2.7789 53.5 2 0 53.5 0 0 53.5
3 16 3 -7 45.5 8 -7 31 3 -7 51.5
3 16 3 -7 51.5 8 -7 31 3 -7 55
0 BFC INVERTNEXT
1 16 29 100 69.5 0 -4 0 -74 0 0 0 0 74 48\1-6cylo.dat
4 16 29 63 133.584 25 63 133.584 25 69 136.5456 29 69 136.5456
0 BFC INVERTNEXT
1 16 3 100 69.5 0 5 0 -103 0 0 0 0 103 48\1-8cylo.dat
4 16 13.2721 38.9975 149 12.5 38.1009 149 8 34.7751 149 8 41.2667 149
3 16 13.2721 38.9975 149 8 41.2667 149 10 49 149
3 16 13.2721 38.9975 149 10 49 149 10 60 149
3 16 10 49 149 0 49 149 8 49 154.1038
3 16 0 49 149 10 49 149 8 41.2667 149
3 16 0 49 149 0 49 154.1038 8 49 154.1038
3 16 0 41.2667 149 0 49 149 8 41.2667 149
1 16 12 60 160 0 1 0 0 0 6 -6 0 0 1-4ndis.dat
1 16 10 60 160 0 1 0 0 0 -8 -8 0 0 1-4ndis.dat
4 16 29 20.85 69.5 29 26 69.5 29 26.6364 79.157 29 21.5273 79.8313
4 16 29 21.5273 79.8313 29 26.6364 79.157 29 28.5234 88.6512 29 23.5472 89.9857
4 16 29 23.5472 89.9857 29 28.5234 88.6512 29 31.6314 97.8198 29 26.8752 99.7895
4 16 29 26.8752 99.7895 29 31.6314 97.8198 29 35.916 106.5 29 31.4544 109.0751
4 16 10 49 162.639 10 52 160 10 52 152 10 49 149
3 16 10 52 160 10 49 162.639 10 51.6849 163.4443
3 16 10 51.6849 163.4443 10 49 162.639 10 52.201 164.2165
4 16 29 31.4544 109.0751 29 35.916 106.5 29 41.2884 114.5512 29 37.2064 117.6835
4 16 29 37.2064 117.6835 29 41.2884 114.5512 29 47.6746 121.8254 29 44.0328 125.4675
4 16 29 44.0328 125.4675 29 47.6746 121.8254 29 54.9488 128.2116 29 51.8168 132.2939
4 16 29 51.8168 132.2939 29 54.9488 128.2116 29 63 133.584 29 60.4253 138.0459
1 16 12 60 160 0 1 0 9 0 0 0 0 -11 1-4edge.dat
1 16 12 60 160 0 11.6344 0 9 0 0 0 0 -11 1-4cyli.dat
1 16 12 60 160 0 1 0 9 0 0 0 0 -11 1-8chrd.dat
1 16 12 60 160 0 1 0 0 0 9 -11 0 0 1-8chrd.dat
4 16 12 66 154 12 66 160 12 69 160 12 66.3639 152.2219
4 16 12 66 154 12 66.3639 152.2219 12 60 152 12 60 154
3 16 12 60 149 12 60 152 12 66.3639 152.2219
4 16 12 60 149 10 60 149 10 60 152 12 60 152
1 16 30 60 160 0 -18 0 9 0 0 0 0 9 11-16cyli.dat
1 16 30 60 160 0 -6.3656 0 9 0 0 0 0 -9 5-16cyli.dat
1 16 12 60 160 0 -1 0 9 0 0 0 0 9 1-4edge.dat
1 16 12 60 160 0 -2 0 0 0 -9 9 0 0 1-8cyli.dat
1 16 10 60 160 0 1 0 0 0 -1 1 0 0 1-8ring8.dat
1 16 10 60 160 0 1 0 0 0 -9 9 0 0 1-8edge.dat
4 16 12 60 168 10 60 168 10 60 169 12 60 169
3 16 11.0983 51.7857 163.5952 11.2825 51.6849 163.4443 12 51.6849 163.4443
3 16 11.0983 51.7857 163.5952 12 51.6849 163.4443 10 52.201 164.2165
4 16 12 51.6849 163.4443 12 53.6361 166.3639 10 53.6361 166.3639 10 52.201 164.2165
3 16 12 51.6849 163.4443 11.2825 51.6849 163.4443 12 51 160
4 16 10 53.6361 166.3639 10 54.3432 165.6568 10 52.6088 163.0616 10 52.201 164.2165
4 16 10 52 160 10 51.6849 163.4443 10 52.201 164.2165 10 52.6088 163.0616
3 16 21.65 69 155.5561 21.3102 68.3151 155.7903 18.4144 69 160
1 16 30 60 160 0 -1 0 -9 0 0 0 0 9 4-4edge.dat
4 16 8 27.1687 142.3313 3 27.1687 142.3313 3 34.7647 149 8 34.7751 149
4 16 8 34.7751 149 3 34.7647 149 3 28.7146 149 8 28.7146 149
3 16 8 34.8635 154.3857 8 34.7751 149 8 28.7146 149
4 16 11.0983 47.0288 161.2493 10 49 162.639 8 49 163.398 8 46.4986 162.1659
4 16 11.0983 47.0288 161.2493 11.0983 51.7857 163.5952 10 52.201 164.2165 10 49 162.639
4 16 25 26.6364 79.157 25 26 69.5 25 20.85 69.5 25 21.5271 79.8311
4 16 25 20.85 69.5 24.1475 14.38 69.5 24.1475 15.1125 80.6757 25 21.5271 79.8311
4 16 21.65 8.35 69.5 21.65 9.1341 81.4627 24.1475 15.1125 80.6757 24.1475 14.38 69.5
4 16 21.65 8.35 69.5 17.6775 3.1725 69.5 17.6775 4.0009 82.1385 21.65 9.1341 81.4627
4 16 17.6775 3.1725 69.5 12.5 -.8 69.5 12.5 .0624 82.657 17.6775 4.0009 82.1385
4 16 10 49 149 8 49 154.1038 8 49 163.398 10 49 162.639
3 16 21.65 69 155.5561 24.1475 69 149.2018 22.6088 66.3639 152.2219
3 16 22.6088 66.3639 152.2219 24.1475 69 149.2018 24.1475 67.2346 148.6026
3 16 22.6088 66.3639 152.2219 24.1475 67.2346 148.6026 22.9921 63.4443 149.8371
3 16 22.9921 63.4443 149.8371 24.1475 67.2346 148.6026 24.1475 57.19 143.6491
3 16 22.9921 63.4443 149.8371 24.1475 57.19 143.6491 22.6714 60 149
4 16 14.2717 48.8807 160.4198 14.2717 48.8807 155 14.5 50.0288 155 14.5 50.0288 160.8606
4 16 13.6213 47.9075 155 14.2717 48.8807 155 14.2717 48.8807 160.4198 13.6213 47.9075 160.2971
3 16 21.65 68.0018 155.2172 21.3102 68.3151 155.7903 21.65 69 155.5561
3 16 21.65 68.0018 155.2172 21.65 69 155.5561 22.6088 66.3639 152.2219
4 16 13.6213 47.9075 160.2971 12.6481 47.2571 160.4838 12.6481 47.2571 155 13.6213 47.9075 155
4 16 11.5 47.0288 155 12.6481 47.2571 155 12.6481 47.2571 160.4838 11.5 47.0288 161.0113
4 16 14.5 51.2953 161.4852 14.5 50.0288 160.8606 14.5 50.0288 155 14.5 52.7246 155
4 16 14.5 52.7246 155 14.5 50.0288 155 21.3214 50.6368 155 22.1338 52.7246 155
4 16 20.5059 48.9683 155 21.3214 50.6368 155 14.5 50.0288 155 14.2717 48.8807 155
4 16 17.6552 44.4733 155 20.5059 48.9683 155 14.2717 48.8807 155 13.6213 47.9075 155
4 16 17.6552 44.4733 155 13.6213 47.9075 155 12.6481 47.2571 155 14.5 40.6917 155
4 16 14.5 40.6917 155 12.6481 47.2571 155 11.5 47.0288 155 11.0983 37.676 155
4 16 12.5 .0624 82.657 12.5 -.8 69.5 8 -3 69.5 8 -2.1142 82.9415
4 16 11.0983 47.0288 161.2493 11.0983 47.0288 155 11.5 47.0288 155 11.5 47.0288 161.0113
3 16 11.5 47.0288 155 11.0983 47.0288 155 11.0983 37.676 155
3 16 11.0983 37.676 155 11.0983 47.0288 155 11.0983 47.0288 161.2493
4 16 11.0983 51.7857 163.5952 11.0983 47.0288 161.2493 11.5 47.0288 161.0113 11.2825 51.6849 163.4443
4 16 11.2825 51.6849 163.4443 11.5 47.0288 161.0113 12.6481 47.2571 160.4838 13.6213 47.9075 160.2971
4 16 14.5 50.0288 160.8606 11.2825 51.6849 163.4443 13.6213 47.9075 160.2971 14.2717 48.8807 160.4198
3 16 11.2825 51.6849 163.4443 14.5 50.0288 160.8606 14.5 51.2953 161.4852
3 16 8 34.8635 154.3857 11.0983 35.5063 153.5503 11.0983 37.676 155
4 16 8 46.4986 162.1659 8 34.8635 154.3857 11.0983 37.676 155 11.0983 47.0288 161.2493
3 16 3 -7 55 8 -7 69.5 3 -7 69.5
3 16 8 -7 69.5 3 -7 55 8 -7 31
4 16 28.7506 17.0655 69.5 29 20.85 69.5 29 21.5273 79.8313 28.7506 17.7752 80.3253
4 16 28.7506 17.7752 80.3253 29 21.5273 79.8313 29 23.5472 89.9857 28.7506 19.8917 90.9652
4 16 8 -6.0798 83.4635 11.0983 -5.0365 83.3286 11.0983 -2.3329 96.9203 8 -3.3513 97.1916
4 16 28.7506 19.8917 90.9652 29 23.5472 89.9857 29 26.8752 99.7895 28.7506 23.3788 101.2378
4 16 25 28.5234 88.6512 25 26.6364 79.157 25 21.5271 79.8311 25 23.547 89.9855
4 16 25 21.5271 79.8311 24.1475 15.1125 80.6757 24.1475 17.2974 91.6601 25 23.547 89.9855
4 16 21.65 9.1341 81.4627 21.65 11.4729 93.2208 24.1475 17.2974 91.6601 24.1475 15.1125 80.6757
4 16 21.65 9.1341 81.4627 17.6775 4.0009 82.1385 17.6775 6.4718 94.5608 21.65 11.4729 93.2208
4 16 17.6775 4.0009 82.1385 12.5 .0624 82.657 12.5 2.6347 95.589 17.6775 6.4718 94.5608
4 16 12.5 2.6347 95.589 12.5 .0624 82.657 8 -2.1142 82.9415 8 .5123 96.1564
4 16 25 31.6314 97.8198 25 28.5234 88.6512 25 23.547 89.9855 25 26.8749 99.7894
4 16 25 23.547 89.9855 24.1475 17.2974 91.6601 24.1475 20.8974 102.2654 25 26.8749 99.7894
4 16 21.65 11.4729 93.2208 21.65 15.3264 104.5729 24.1475 20.8974 102.2654 24.1475 17.2974 91.6601
4 16 21.65 11.4729 93.2208 17.6775 6.4718 94.5608 17.6775 10.5431 106.5543 21.65 15.3264 104.5729
4 16 17.6775 6.4718 94.5608 12.5 2.6347 95.589 12.5 6.8729 108.0745 17.6775 10.5431 106.5543
4 16 12.5 6.8729 108.0745 12.5 2.6347 95.589 8 .5123 96.1564 8 4.8383 108.9181
4 16 25 35.916 106.5 25 31.6314 97.8198 25 26.8749 99.7894 25 31.4541 109.075
4 16 25 26.8749 99.7894 24.1475 20.8974 102.2654 24.1475 25.8509 112.31 25 31.4541 109.075
4 16 21.65 15.3264 104.5729 21.65 20.6288 115.325 24.1475 25.8509 112.31 24.1475 20.8974 102.2654
4 16 21.65 15.3264 104.5729 17.6775 10.5431 106.5543 17.6775 16.1449 117.9137 21.65 20.6288 115.325
4 16 17.6775 10.5431 106.5543 12.5 6.8729 108.0745 12.5 12.7046 119.9 17.6775 16.1449 117.9137
4 16 12.5 12.7046 119.9 12.5 6.8729 108.0745 8 4.8383 108.9181 8 10.802 121
4 16 25 41.2884 114.5512 25 35.916 106.5 25 31.4541 109.075 25 37.2061 117.6835
4 16 25 31.4541 109.075 24.1475 25.8509 112.31 24.1475 32.0731 121.6222 25 37.2061 117.6835
4 16 21.65 20.6288 115.325 21.65 27.2892 125.293 24.1475 32.0731 121.6222 24.1475 25.8509 112.31
4 16 21.65 20.6288 115.325 17.6775 16.1449 117.9137 17.6775 23.1816 128.4448 21.65 27.2892 125.293
4 16 17.6775 16.1449 117.9137 12.5 12.7046 119.9 12.5 20.03 130.8632 17.6775 23.1816 128.4448
4 16 12.5 20.03 130.8632 12.5 12.7046 119.9 8 10.802 121 8 18.2798 132.2064
4 16 25 47.6746 121.8254 25 41.2884 114.5512 25 37.2061 117.6835 25 44.0325 125.4675
4 16 25 37.2061 117.6835 24.1475 32.0731 121.6222 24.1475 39.4575 130.0425 25 44.0325 125.4675
4 16 21.65 27.2892 125.293 21.65 35.1937 134.3063 24.1475 39.4575 130.0425 24.1475 32.0731 121.6222
4 16 21.65 27.2892 125.293 17.6775 23.1816 128.4448 17.6775 31.5326 137.9674 21.65 35.1937 134.3063
4 16 17.6775 23.1816 128.4448 12.5 20.03 130.8632 12.5 28.7236 140.7764 17.6775 31.5326 137.9674
4 16 12.5 28.7236 140.7764 12.5 20.03 130.8632 8 18.2798 132.2064 8 27.1687 142.3313
4 16 25 54.9488 128.2116 25 47.6746 121.8254 25 44.0325 125.4675 25 51.8165 132.2939
4 16 25 44.0325 125.4675 24.1475 39.4575 130.0425 24.1475 47.8778 137.4269 25 51.8165 132.2939
4 16 21.65 35.1937 134.3063 21.65 44.207 142.2108 24.1475 47.8778 137.4269 24.1475 39.4575 130.0425
4 16 21.65 35.1937 134.3063 17.6775 31.5326 137.9674 17.6775 41.0552 146.3184 21.65 44.207 142.2108
4 16 25 63 133.584 25 54.9488 128.2116 25 51.8165 132.2939 25 60.425 138.0459
4 16 25 51.8165 132.2939 24.1475 47.8778 137.4269 24.1475 57.19 143.6491 25 60.425 138.0459
4 16 21.65 44.207 142.2108 21.65 54.175 148.8712 24.1475 57.19 143.6491 24.1475 47.8778 137.4269
4 16 8 -3.3513 97.1916 11.0983 -2.3329 96.9203 11.0983 2.1216 110.0428 8 1.1427 110.4489
4 16 28.7506 23.3788 101.2378 29 26.8752 99.7895 29 31.4544 109.0751 28.7506 28.1769 110.9673
4 16 28.0111 19.9413 102.6616 28.7506 23.3788 101.2378 28.7506 28.1769 110.9673 28.0111 24.9547 112.8277
4 16 28.0111 24.9547 112.8277 26.7931 21.843 114.6242 26.7931 16.6217 104.0366 28.0111 19.9413 102.6616
4 16 25.114 13.479 105.3384 26.7931 16.6217 104.0366 26.7931 21.843 114.6242 25.114 18.897 116.3251
4 16 8 1.1427 110.4489 11.0983 2.1216 110.0428 11.0983 8.2509 122.4716 8 7.338 123
4 16 28.7506 28.1769 110.9673 29 31.4544 109.0751 29 37.2064 117.6835 28.7506 34.2039 119.9874
4 16 8 7.338 123 11.0983 8.2509 122.4716 11.0983 15.95 133.9942 8 15.1139 134.6326
4 16 28.7506 34.2039 119.9874 29 37.2064 117.6835 29 44.0328 125.4675 28.7506 41.3568 128.1436
4 16 28.0111 31.2521 122.2524 28.7506 34.2039 119.9874 28.7506 41.3568 128.1436 28.0111 38.7258 130.7745
4 16 28.0111 38.7258 130.7745 26.7931 36.1851 133.3152 26.7931 28.4015 124.4398 28.0111 31.2521 122.2524
4 16 8 15.1062 134.6416 11.0983 15.95 133.9942 11.0983 25.0873 144.4131 8 24.3403 145.1597
4 16 28.7506 41.3568 128.1436 29 44.0328 125.4675 29 51.8168 132.2939 28.7506 49.513 135.2964
4 16 28.0111 38.7258 130.7745 28.7506 41.3568 128.1436 28.7506 49.513 135.2964 28.0111 47.248 138.2482
4 16 28.0111 47.248 138.2482 26.7931 45.0606 141.0988 26.7931 36.1851 133.3152 28.0111 38.7258 130.7745
4 16 25.114 33.7797 135.7206 26.7931 36.1851 133.3152 26.7931 45.0606 141.0988 25.114 42.9898 143.7975
4 16 25.114 42.9898 143.7975 23.0086 41.069 146.3007 23.0086 31.5487 137.9516 25.114 33.7797 135.7206
4 16 20.5059 29.533 139.9674 23.0086 31.5487 137.9516 23.0086 41.069 146.3007 20.5059 39.3336 148.5623
4 16 17.6552 27.7633 141.737 20.5059 29.533 139.9674 20.5059 39.3336 148.5623 17.6552 37.8101 150.5479
4 16 17.6552 37.8101 150.5479 14.5 36.5284 152.2182 14.5 26.2746 143.2258 17.6552 27.7633 141.737
4 16 11.0983 25.0873 144.4131 14.5 26.2746 143.2258 14.5 36.5284 152.2182 11.0983 35.5063 153.5503
4 16 8 24.3403 145.1597 11.0983 25.0873 144.4131 11.0983 35.5063 153.5503 8 34.8635 154.3857
4 16 28.7506 49.513 135.2964 29 51.8168 132.2939 29 60.4253 138.0459 28.7506 58.533 141.3234
4 16 28.0111 47.248 138.2482 28.7506 49.513 135.2964 28.7506 58.533 141.3234 28.0111 56.6727 144.5456
4 16 28.0111 56.6727 144.5456 26.7931 54.8761 147.6573 26.7931 45.0606 141.0988 28.0111 47.248 138.2482
4 16 25.114 42.9898 143.7975 26.7931 45.0606 141.0988 26.7931 54.8761 147.6573 25.114 53.1753 150.6032
4 16 28.0111 56.6727 144.5456 28.7506 58.533 141.3234 28.7506 68.2628 146.1213 28.0111 66.839 149.5588
4 16 8 -7 69.5 8 -7 31 11.0983 -5.9431 31 11.0983 -5.9431 69.5
4 16 25.114 53.1753 150.6032 23.0086 51.5977 153.3357 23.0086 41.069 146.3007 25.114 42.9898 143.7975
4 16 28.0111 13.3448 69.5 28.7506 17.0655 69.5 28.7506 17.7752 80.3253 28.0111 14.0864 80.811
4 16 25 69 142.2746 25 69 136.5456 25 63 133.584 25 60.425 138.0459
4 16 25 69 142.2746 25 60.425 138.0459 24.1475 57.19 143.6491 24.1475 67.2346 148.6026
3 16 24.1475 67.2346 148.6026 24.1475 69 149.2018 25 69 142.2746
4 16 8 -7 69.5 11.0983 -5.9431 69.5 11.0983 -5.0365 83.3286 8 -6.0798 83.4635
3 16 18.4144 69 160 23.6344 69 160 25.114 69 157.6634
3 16 18.4144 69 160 25.114 69 157.6634 21.65 69 155.5561
3 16 21.65 69 155.5561 25.114 69 157.6634 26.7931 69 154.0788
3 16 21.65 69 155.5561 26.7931 69 154.0788 28.0111 69 150.2925
3 16 21.65 69 155.5561 28.0111 69 150.2925 24.1475 69 149.2018
3 16 24.1475 69 149.2018 28.0111 69 150.2925 28.7506 69 146.3717
3 16 24.1475 69 149.2018 28.7506 69 146.3717 25 69 142.2746
3 16 25 69 142.2746 28.7506 69 146.3717 29 69 142.2742
3 16 25 69 142.2746 29 69 142.2742 29 69 136.5456
3 16 25 69 142.2746 29 69 136.5456 25 69 136.5456
4 16 11.0983 37.676 155 11.0983 35.5063 153.5503 14.5 36.5284 152.2182 14.5 40.6917 155
4 16 14.5 40.6917 155 14.5 36.5284 152.2182 17.6552 37.8101 150.5479 17.6552 44.4733 155
4 16 17.6552 44.4733 155 17.6552 37.8101 150.5479 20.5059 39.3336 148.5623 20.5059 48.9683 155
4 16 20.5059 48.9683 155 20.5059 39.3336 148.5623 23.0086 41.069 146.3007 23.0086 51.5977 153.3357
3 16 20.5059 48.9683 155 23.0086 51.5977 153.3357 21.3214 50.6368 155
4 16 29 60.4253 138.0459 29 63 133.584 29 69 136.5456 29 69 142.2742
4 16 28.7506 58.533 141.3234 29 60.4253 138.0459 29 69 142.2742 28.7506 68.2628 146.1213
4 16 28.0111 66.839 149.5588 28.7506 68.2628 146.1213 28.7506 69 146.3717 28.0111 69 150.2925
3 16 29 69 142.2742 28.7506 69 146.3717 28.7506 68.2628 146.1213
4 16 21.3214 50.6368 155 23.0086 51.5977 153.3357 23.0086 53.2818 154.1662 22.1338 52.7246 155
4 16 23.0086 51.5977 153.3357 25.114 53.1753 150.6032 25.114 56.0518 152.0217 23.4313 53.6361 153.6361
3 16 23.0086 51.5977 153.3357 23.4313 53.6361 153.6361 23.0086 53.2818 154.1662
4 16 25.114 53.1753 150.6032 26.7931 54.8761 147.6573 25.3736 56.5557 151.6849 25.114 56.0518 152.0217
3 16 26.7931 54.8761 147.6573 26.7931 62.7733 151.5515 26.431 60 151
3 16 26.7931 64.5714 152.4381 26.7931 65.464 152.8783 26.7277 65.4132 153.0007
4 16 26.8533 63.4443 151.6849 28.0111 66.839 149.5588 26.7931 65.464 152.8783 26.7931 64.5714 152.4381
3 16 28.0111 66.839 149.5588 26.8533 63.4443 151.6849 26.7931 62.7733 151.5515
4 16 26.7931 54.8761 147.6573 28.0111 56.6727 144.5456 28.0111 66.839 149.5588 26.7931 62.7733 151.5515
4 16 26.7931 65.464 152.8783 28.0111 66.839 149.5588 28.0111 69 150.2925 26.7931 69 154.0788
4 16 26.5813 66.3639 153.6361 26.7277 65.4132 153.0007 26.7931 65.464 152.8783 26.7931 69 154.0788
3 16 26.5813 66.3639 153.6361 26.7931 69 154.0788 25.524 68.3151 156.5557
3 16 25.114 68.5017 157.4943 25.114 69 157.6634 23.6344 69 160
4 16 25.114 68.5017 157.4943 25.524 68.3151 156.5557 26.7931 69 154.0788 25.114 69 157.6634
4 16 22.6714 60 149 24.1475 57.19 143.6491 21.65 54.175 148.8712 21.65 54.4362 149
4 16 17.6775 45.0684 149 21.4096 53.8051 149 21.65 54.175 148.8712 21.65 44.207 142.2108
3 16 21.65 44.207 142.2108 17.6775 41.0552 146.3184 17.6775 45.0684 149
3 16 17.6775 45.0684 149 17.6775 41.0552 146.3184 13.2721 38.9975 149
3 16 25.3736 56.5557 151.6849 26.7931 54.8761 147.6573 26.431 60 151
3 16 21.65 54.175 148.8712 21.4096 53.8051 149 21.65 54.4362 149
4 16 10 60 149 22.6714 60 149 21.65 54.4362 149 21.4096 53.8051 149
4 16 10 60 149 21.4096 53.8051 149 17.6775 45.0684 149 13.2721 38.9975 149
3 16 12.5 38.1009 149 13.2721 38.9975 149 17.6775 41.0552 146.3184
4 16 8 34.8635 154.3857 8 49 154.1038 8 41.2667 149 8 34.7751 149
4 16 8 46.4986 162.1659 8 49 163.398 8 49 154.1038 8 34.8635 154.3857
4 16 10 60 149 10 49 149 10 52 152 10 60 152
4 16 12.5 28.7236 140.7764 12.5 38.1009 149 17.6775 41.0552 146.3184 17.6775 31.5326 137.9674
4 16 29 26 69.5 29 26 34 25 26 34 25 26 69.5
1 16 25 23 34 0 4 0 3 0 0 0 0 -3 1-4cylo.dat
1 16 25 23 34 0 1 0 3 0 0 0 0 -3 1-4chrd.dat
4 16 29 20.85 31 25 20.85 31 25 23 31 29 23 31
3 16 29 20.85 31 29 23 31 29 26 34
3 16 25 23 31 25 20.85 31 25 26 34
4 16 25 20.85 69.5 25 26 69.5 25 26 34 25 20.85 31
4 16 25 20.85 31 29 20.85 31 28.7506 17.0655 31 24.785 17.5875 31
4 16 24.1475 14.38 31 24.785 17.5875 31 28.7506 17.0655 31 28.0111 13.3448 31
4 16 23.0975 11.2825 31 24.1475 14.38 31 28.0111 13.3448 31 26.7931 9.7517 31
4 16 21.65 8.35 31 23.0975 11.2825 31 26.7931 9.7517 31 25.114 6.35 31
4 16 19.835 5.63 31 21.65 8.35 31 25.114 6.35 31 23.0086 3.1948 31
4 16 20.5059 .3441 31 17.6775 3.1725 31 19.835 5.63 31 23.0086 3.1948 31
4 16 17.6775 3.1725 31 20.5059 .3441 31 17.6552 -2.1586 31 15.22 1.015 31
4 16 15.22 1.015 31 17.6552 -2.1586 31 14.5 -4.264 31 12.5 -.8 31
4 16 12.5 -.8 31 14.5 -4.264 31 11.0983 -5.9431 31 9.5675 -2.2475 31
4 16 9.5675 -2.2475 31 11.0983 -5.9431 31 8 -7 31 8 -2.7789 31
1 16 29 23 34 0 -1 0 3 0 0 0 0 -3 1-4chrd.dat
3 16 25 20.85 31 24.785 17.5875 31 25 20.85 69.5
3 16 25 20.85 69.5 24.785 17.5875 31 24.1475 14.38 69.5
3 16 24.1475 14.38 69.5 24.785 17.5875 31 24.1475 14.38 31
3 16 24.1475 14.38 69.5 24.1475 14.38 31 23.0975 11.2825 31
3 16 24.1475 14.38 69.5 23.0975 11.2825 31 21.65 8.35 69.5
3 16 21.65 8.35 69.5 23.0975 11.2825 31 21.65 8.35 31
3 16 21.65 8.35 69.5 21.65 8.35 31 19.835 5.63 31
3 16 21.65 8.35 69.5 19.835 5.63 31 17.6775 3.1725 69.5
3 16 17.6775 3.1725 69.5 19.835 5.63 31 17.6775 3.1725 31
3 16 17.6775 3.1725 69.5 17.6775 3.1725 31 15.22 1.015 31
3 16 17.6775 3.1725 69.5 15.22 1.015 31 12.5 -.8 69.5
3 16 12.5 -.8 69.5 15.22 1.015 31 12.5 -.8 31
3 16 12.5 -.8 69.5 12.5 -.8 31 9.5675 -2.2475 31
3 16 12.5 -.8 69.5 9.5675 -2.2475 31 8 -3 69.5
3 16 8 -3 69.5 9.5675 -2.2475 31 8 -2.7789 31
4 16 3 24.3403 145.1597 3 27.1687 142.3313 3 18.2798 132.2064 3 15.1062 134.6416
4 16 3 7.338 123 3 15.1062 134.6416 3 18.2798 132.2064 3 10.802 121
4 16 3 1.1427 110.4489 3 7.338 123 3 10.802 121 3 4.8383 108.9181
4 16 3 -3.3513 97.1916 3 1.1427 110.4489 3 4.8383 108.9181 3 .5123 96.1564
4 16 3 -6.0798 83.4635 3 -3.3513 97.1916 3 .5123 96.1564 3 -2.1142 82.9415
4 16 3 -7 69.5 3 -6.0798 83.4635 3 -2.1142 82.9415 3 -3 69.5
4 16 12.5 28.7236 140.7764 8 27.1687 142.3313 8 34.7751 149 12.5 38.1009 149
4 16 20.5059 .3441 63.8265 23.0086 3.1948 62.9685 23.0086 5.0212 62.9685 20.5059 2.4654 63.8265
4 16 17.6552 -2.1586 64.8039 20.5059 .3441 63.8265 20.5059 2.4654 63.8265 17.6552 .2216 64.8039
4 16 23.0086 5.0212 62.9685 23.0086 3.1948 62.9685 25.114 6.35 62.2466 25.114 7.85 62.2466
4 16 25.114 7.85 62.2466 25.114 6.35 62.2466 26.7931 9.7517 61.6709 26.7931 10.8998 61.6709
4 16 26.7931 10.8998 61.6709 26.7931 9.7517 61.6709 28.0111 13.3448 61.2533 28.0111 14.1212 61.2533
4 16 16.5 -.4747 65.2 16.5 -2.9294 65.2 17.6552 -2.1586 64.8039 17.6552 .2216 64.8039
4 16 14.9692 -3.9509 66.0019 16.5 -2.9294 65.2 16.5 -.4747 65.2 14.9692 -1.418 66.0019
4 16 14.5 -4.264 66.468 14.9692 -3.9509 66.0019 14.9692 -1.418 66.0019 14.5 -1.7381 66.468
4 16 13.6716 -4.6729 67.2908 14.5 -4.264 66.468 14.5 -1.7381 66.468 13.6716 -2.1653 67.2908
4 16 13.6716 -4.6729 67.2908 13.6716 -2.1653 67.2908 12.8044 -2.6673 68.8703 12.8044 -5.101 68.8703
3 16 28.0111 14.1212 61.2533 28.75 17.0625 61 28.0111 13.3448 67.1955
3 16 28.0111 14.1212 61.2533 28.0111 13.3448 67.1955 26.7931 10.8998 61.6709
3 16 28.0111 13.3448 67.1955 27.7363 12.534 69.5 26.7916 10.1259 69.5
4 16 12.5 2.7608 109.7781 12.5 .46 103 12.5 2.8282 103 12.5 4.1913 109.1851
4 16 12.5 8.8501 122.1257 12.5 2.7608 109.7781 12.5 4.1913 109.1851 12.5 8.9872 122.0465
4 16 12.5 2.8282 103 12.5 .46 103 12.8044 .0341 101.279 12.8044 2.5674 101.279
4 16 12.8044 2.5674 101.279 12.8044 .0341 101.279 13.6716 -.1393 99.4394 13.6716 2.4997 99.4394
4 16 14.5 2.592 98.368 13.6716 2.4997 99.4394 13.6716 -.1393 99.4394 14.5 -.0721 98.368
4 16 14.5 2.592 98.368 14.5 -.0721 98.368 14.9692 .0519 97.7612 14.9692 2.7142 97.7612
4 16 14.9692 2.7142 97.7612 14.9692 .0519 97.7612 16.5 .7002 96.5 16.5 3.284 96.5
4 16 20.5059 3.449 93.8294 23.0086 6.0174 92.1609 23.01 7.8655 92.1028 20.51 5.5916 93.7434
4 16 25.11 10.468 90.7247 23.01 7.8655 92.1028 23.0086 6.0174 92.1609 25.114 8.9483 90.7573
4 16 26.79 13.354 89.6222 25.11 10.468 90.7247 25.114 8.9483 90.7573 26.7931 12.1865 89.6379
4 16 28.01 16.472 88.8216 26.79 13.354 89.6222 26.7931 12.1865 89.6379 28.0111 15.6807 88.8259
3 16 28.01 16.472 88.8216 28.0111 15.6807 88.8259 28.5 18.1185 88.5
3 16 12.5 8.8501 122.1257 12.5 8.9872 122.0465 12.5 9.4343 123
3 16 20.5059 3.449 93.8294 20.51 5.5916 93.7434 18.3088 4.114 95.188
3 16 16.5 3.284 96.5 16.5 .7002 96.5 17.2282 1.0475 96.0145
3 16 20.5059 3.449 93.8294 18.3088 4.114 95.188 17.6552 1.2807 95.7299
3 16 17.2282 1.0475 96.0145 17.66 3.7198 95.6138 16.5 3.284 96.5
3 16 17.66 3.7198 95.6138 17.2282 1.0475 96.0145 17.6552 1.2807 95.7299
3 16 17.6552 1.2807 95.7299 18.3088 4.114 95.188 17.66 3.7198 95.6138
4 16 25.114 27.1589 128.171 26.7931 28.4015 124.4398 26.7931 36.1851 133.3152 25.114 33.7797 135.7206
4 16 23.0086 31.5487 137.9516 23.0086 26.3138 131.9825 25.114 27.1589 128.171 25.114 33.7797 135.7206
4 16 20.5059 29.533 139.9674 20.5059 25.3462 135.1933 23.0086 26.3138 131.9825 23.0086 31.5487 137.9516
4 16 17.6552 27.7633 141.737 17.6552 24.821 138.382 20.5059 25.3462 135.1933 20.5059 29.533 139.9674
4 16 14.5 26.2746 143.2258 14.5 24.237 140.9024 17.6552 24.821 138.382 17.6552 27.7633 141.737
4 16 11.0983 25.0873 144.4131 12.5 24.3278 142.5 14.5 24.237 140.9024 14.5 26.2746 143.2258
4 16 12.5 19.0659 136.5 12.5 24.3278 142.5 11.0983 25.0873 144.4131 11.0983 15.95 133.9942
4 16 28.0111 31.2521 122.2524 28.0111 29.7466 119.9993 28.5 30.3605 116.5 28.7506 34.2039 119.9874
4 16 28.0111 27.727 116.9767 28.0111 24.9547 112.8277 28.7506 28.1769 110.9673 28.5 30.3605 116.5
3 16 28.5 30.3605 116.5 28.7506 28.1769 110.9673 28.7506 34.2039 119.9874
3 16 26.7931 28.4015 124.4398 28.0111 29.7466 119.9993 28.0111 31.2521 122.2524
4 16 26.7931 24.2083 118.1642 26.7931 21.843 114.6242 28.0111 24.9547 112.8277 28.0111 27.727 116.9767
4 16 25.114 18.897 116.3251 26.7931 21.843 114.6242 26.7931 24.2083 118.1642 25.114 21.2198 119.8014
4 16 23.0086 16.1645 117.9027 25.114 18.897 116.3251 25.114 21.2198 119.8014 23.0086 18.8048 121.8541
4 16 20.5059 13.6958 119.328 23.0086 16.1645 117.9027 23.0086 18.8048 121.8541 20.5059 17.0141 124.2942
4 16 17.6552 11.5284 120.5794 20.5059 13.6958 119.328 20.5059 17.0141 124.2942 17.6552 15.8678 127.0737
4 16 14.5 9.705 121.6321 17.6552 11.5284 120.5794 17.6552 15.8678 127.0737 16.5 15.6952 128.2
3 16 12.8044 17.6358 134.642 11.0983 15.95 133.9942 13.3154 16.8182 133.328
3 16 11.0983 15.95 133.9942 12.8044 17.6358 134.642 12.5 19.0659 136.5
3 16 14.9692 15.7723 130.15 14.5 15.943 130.968 14.5 9.705 121.6321
3 16 14.9692 15.7723 130.15 14.5 9.705 121.6321 16.5 15.6952 128.2
3 16 25.114 27.1589 128.171 25.1128 26.0584 126.2379 26.7931 28.4015 124.4398
3 16 28.5 30.3605 116.5 28.01 28.6616 116.9778 28.0111 27.727 116.9767
3 16 28.0111 27.727 116.9767 28.01 28.6616 116.9778 26.79 25.5891 118.1673
3 16 28.0111 27.727 116.9767 26.79 25.5891 118.1673 26.7931 24.2083 118.1642
3 16 26.7931 28.4015 124.4398 25.1128 26.0584 126.2379 25.11 23.0249 119.8053
3 16 25.11 23.0249 119.8053 25.1128 26.0584 126.2379 23.01 20.9981 121.8528
3 16 28.01 28.6616 116.9778 28.5 30.3605 116.5 28.0111 29.7466 119.9993
3 16 28.01 28.6616 116.9778 28.0111 29.7466 119.9993 26.79 25.5891 118.1673
3 16 26.79 25.5891 118.1673 28.0111 29.7466 119.9993 26.7931 28.4015 124.4398
4 16 26.79 25.5891 118.1673 25.11 23.0249 119.8053 25.114 21.2198 119.8014 26.7931 24.2083 118.1642
4 16 23.0086 18.8048 121.8541 25.114 21.2198 119.8014 25.11 23.0249 119.8053 23.01 20.9981 121.8528
4 16 20.5059 17.0141 124.2942 23.0086 18.8048 121.8541 23.01 20.9981 121.8528 20.51 19.553 124.2903
4 16 17.6552 15.8678 127.0737 20.5059 17.0141 124.2942 20.51 19.553 124.2903 17.66 18.7211 127.069
4 16 16.5 15.6952 128.2 17.6552 15.8678 127.0737 17.66 18.7211 127.069 16.5 18.6392 128.2
4 16 16.5 15.6952 128.2 16.5 18.6392 128.2 14.9692 18.7132 130.15 14.9692 15.7723 130.15
4 16 14.9692 15.7723 130.15 14.9692 18.7132 130.15 14.4985 18.824 130.9706 14.5 15.943 130.968
3 16 13.6716 16.4173 132.4121 14.5 15.943 130.968 14.4985 18.824 130.9706
3 16 13.6716 16.4173 132.4121 14.4985 18.824 130.9706 14.0924 18.9973 131.6785
3 16 13.6716 16.4173 132.4121 14.0924 18.9973 131.6785 13.6716 19.2665 132.4121
3 16 13.6716 16.4173 132.4121 13.6716 19.2665 132.4121 13.3154 16.8182 133.328
4 16 12.8044 17.6358 134.642 13.3154 16.8182 133.328 13.6716 19.2665 132.4121 12.8044 20.206 134.642
3 16 12.5 19.0659 136.5 12.5 21.1121 136.5 12.5 24.3278 142.5
4 16 12.5 19.0659 136.5 12.8044 17.6358 134.642 12.8044 20.206 134.642 12.5 21.1121 136.5
3 16 26.79 25.5891 118.1673 26.7931 28.4015 124.4398 25.11 23.0249 119.8053
3 16 23.0095 23.8534 127.9305 25.1128 26.0584 126.2379 25.114 27.1589 128.171
3 16 23.0095 23.8534 127.9305 25.114 27.1589 128.171 23.0086 26.3138 131.9825
3 16 25.1128 26.0584 126.2379 23.0095 23.8534 127.9305 23.01 20.9981 121.8528
3 16 20.5077 21.8504 129.4686 20.51 19.553 124.2903 23.01 20.9981 121.8528
3 16 23.0095 23.8534 127.9305 23.0086 26.3138 131.9825 20.5059 25.3462 135.1933
3 16 17.6563 20.293 130.6608 17.66 18.7211 127.069 20.51 19.553 124.2903
3 16 20.5077 21.8504 129.4686 20.5059 25.3462 135.1933 17.6552 24.821 138.382
3 16 17.6563 20.293 130.6608 17.6552 24.821 138.382 14.5 24.237 140.9024
3 16 14.5 24.237 140.9024 14.4974 19.0728 131.5967 17.6563 20.293 130.6608
3 16 14.5 24.237 140.9024 12.5 24.3278 142.5 12.5 21.1121 136.5
3 16 17.6563 20.293 130.6608 14.4974 19.0728 131.5967 14.4985 18.824 130.9706
3 16 17.6552 24.821 138.382 17.6563 20.293 130.6608 20.5077 21.8504 129.4686
3 16 20.5059 25.3462 135.1933 20.5077 21.8504 129.4686 23.0095 23.8534 127.9305
3 16 20.51 19.553 124.2903 20.5077 21.8504 129.4686 17.6563 20.293 130.6608
3 16 23.01 20.9981 121.8528 23.0095 23.8534 127.9305 20.5077 21.8504 129.4686
4 16 17.6552 -2.1586 40 17.6552 -2.1586 31 20.5059 .3441 31 20.5059 .3441 40
4 16 23.0086 3.1948 40 20.5059 .3441 40 20.5059 .3441 31 23.0086 3.1948 31
4 16 20.5059 .3441 63.8265 20.5059 .3441 57.1079 23.0086 3.1948 55.0805 23.0086 3.1948 62.9685
4 16 17.6552 -2.1586 64.8039 17.6552 -2.1586 58.7574 20.5059 .3441 57.1079 20.5059 .3441 63.8265
4 16 16.5 -2.9294 40 14.5 -4.264 31 17.6552 -2.1586 31 17.6552 -2.1586 40
3 16 14.5 -4.264 31 16.5 -2.9294 40 14.9692 -3.9509 40.3044
3 16 14.5 -4.264 31 14.9692 -3.9509 40.3044 14.5 -4.264 40.618
4 16 26.7916 10.1259 69.5 26.7931 10.0033 73.3369 25.114 6.9024 77.9252 25.112 7.16 69.5
4 16 25.112 7.16 69.5 25.114 7.85 62.2466 26.7931 10.8998 61.6709 26.7916 10.1259 69.5
4 16 25.114 7.85 62.2466 25.112 7.16 69.5 23.0086 4.408 69.5 23.0086 5.0212 62.9685
4 16 23.0086 4.408 69.5 25.112 7.16 69.5 25.114 6.9024 77.9252 23.0086 4.0233 82.1358
3 16 16.5 18.6392 128.2 17.66 18.7211 127.069 14.9692 18.7132 130.15
3 16 14.9692 18.7132 130.15 17.66 18.7211 127.069 14.4985 18.824 130.9706
3 16 14.4985 18.824 130.9706 17.66 18.7211 127.069 17.6563 20.293 130.6608
3 16 14.4985 18.824 130.9706 14.4974 19.0728 131.5967 14.0924 18.9973 131.6785
3 16 14.0924 18.9973 131.6785 14.4974 19.0728 131.5967 13.6716 19.2665 132.4121
3 16 13.6716 19.2665 132.4121 14.4974 19.0728 131.5967 12.8044 20.206 134.642
3 16 12.8044 20.206 134.642 14.4974 19.0728 131.5967 12.5 21.1121 136.5
3 16 12.5 21.1121 136.5 14.4974 19.0728 131.5967 14.5 24.237 140.9024
3 16 20.5059 1.546 82.4618 23.0086 4.0233 82.1358 20.5059 1.8719 85.9009
4 16 17.6552 -.0351 89.115 17.6552 -.6088 82.7454 20.5059 1.546 82.4618 20.5059 1.8719 85.9009
4 16 17.6552 -.2385 69.5 20.5059 1.9148 69.5 20.5059 1.546 82.4618 17.6552 -.6088 82.7454
4 16 20.5059 2.4654 63.8265 20.5059 1.9148 69.5 17.6552 -.2385 69.5 17.6552 .2216 64.8039
4 16 20.5059 1.9148 69.5 20.5059 2.4654 63.8265 23.0086 5.0212 62.9685 23.0086 4.408 69.5
4 16 23.0086 4.408 69.5 23.0086 4.0233 82.1358 20.5059 1.546 82.4618 20.5059 1.9148 69.5
3 16 14.5 -4.264 31 14.5 -4.264 40.618 13.6716 -4.6729 41.1716
4 16 12.8044 -5.101 42.4692 11.0983 -5.9431 31 14.5 -4.264 31 13.6716 -4.6729 41.1716
3 16 11.0983 -5.9431 31 12.8044 -5.101 42.4692 12.5 -5.2512 44
4 16 25.114 6.35 31 25.114 6.35 40 23.0086 3.1948 40 23.0086 3.1948 31
4 16 25.114 6.35 40 25.114 6.35 31 26.7931 9.7517 31 26.7931 9.7517 40
4 16 26.7931 9.7517 40 26.7931 9.7517 31 28.0111 13.3448 31 28.0111 13.3448 40
4 16 28.0111 13.3448 40 28.0111 13.3448 31 28.7506 17.0655 31 28.7506 17.0655 40
4 16 29 20.85 31 28.8753 18.9578 40 28.7506 17.0655 40 28.7506 17.0655 31
4 16 28.7506 17.0655 41.5203 28.75 17.0625 61 28.0111 13.3448 61.2533 28.0111 13.3448 46.028
4 16 26.7931 9.7517 49.3793 28.0111 13.3448 46.028 28.0111 13.3448 61.2533 26.7931 9.7517 61.6709
4 16 25.114 6.35 62.2466 25.114 6.35 52.4247 26.7931 9.7517 49.3793 26.7931 9.7517 61.6709
4 16 23.0086 3.1948 62.9685 23.0086 3.1948 55.0805 25.114 6.35 52.4247 25.114 6.35 62.2466
3 16 17.6552 -2.1586 58.7574 17.6552 -2.1586 64.8039 16.5 -2.9294 65.2
4 16 14.9692 -3.9509 66.0019 14.5 -4.264 59.5179 17.6552 -2.1586 58.7574 16.5 -2.9294 65.2
3 16 14.5 -4.264 59.5179 14.9692 -3.9509 66.0019 14.5 -4.264 66.468
4 16 14.5 -4.264 59.5179 14.5 -4.264 66.468 13.6716 -4.6729 67.2908 12.5 -5.2512 60
3 16 12.5 -5.2512 60 13.6716 -4.6729 67.2908 12.8044 -5.101 68.8703
4 16 12.5 -5.2512 60 12.8044 -5.101 68.8703 12.6868 -5.159 69.5 11.0983 -5.9431 69.5
4 16 11.0983 -5.9431 31 12.5 -5.2512 44 12.5 -5.2512 60 11.0983 -5.9431 69.5
4 16 17.6552 .2216 40 20.5059 2.4654 40 20.5059 .3441 57.1079 17.6552 -2.1586 58.7574
4 16 23.0086 5.0212 40 23.0086 3.1948 55.0805 20.5059 .3441 57.1079 20.5059 2.4654 40
4 16 25.114 7.85 40 25.114 6.35 52.4247 23.0086 3.1948 55.0805 23.0086 5.0212 40
4 16 26.7931 10.8998 40 26.7931 9.7517 49.3793 25.114 6.35 52.4247 25.114 7.85 40
4 16 26.7931 9.7517 49.3793 26.7931 10.8998 40 28.0111 14.1212 40 28.0111 13.3448 46.028
3 16 17.6552 -2.1586 58.7574 16.5 -.4695 40 17.6552 .2216 40
3 16 16.5 -.4695 40 17.6552 -2.1586 58.7574 14.5 -4.264 59.5179
3 16 14.5 -4.264 59.5179 14.9692 -1.3853 40.3044 16.5 -.4695 40
3 16 14.5 -4.264 59.5179 14.5 -1.666 40.618 14.9692 -1.3853 40.3044
3 16 14.5 -1.666 40.618 14.5 -4.264 59.5179 13.6716 -2.0326 41.1716
3 16 13.6716 -2.0326 41.1716 14.5 -4.264 59.5179 12.8044 -2.4164 42.4692
3 16 14.5 -4.264 59.5179 12.5 -5.2512 60 12.5 -2.5511 44
3 16 12.5 -2.5511 44 12.8044 -2.4164 42.4692 14.5 -4.264 59.5179
3 16 12.5 -2.5511 44 12.5 -5.2512 60 12.5 -5.2512 44
4 16 12.8044 -5.101 42.4692 12.8044 -2.4164 42.4692 12.5 -2.5511 44 12.5 -5.2512 44
4 16 13.6716 -4.6729 41.1716 13.6716 -2.0326 41.1716 12.8044 -2.4164 42.4692 12.8044 -5.101 42.4692
3 16 13.6716 -2.0326 41.1716 13.6716 -4.6729 41.1716 14.5 -4.264 40.618
4 16 13.6716 -2.0326 41.1716 14.5 -4.264 40.618 14.9692 -3.9509 40.3044 14.5 -1.666 40.618
3 16 14.5 -1.666 40.618 14.9692 -3.9509 40.3044 14.9692 -1.3853 40.3044
4 16 14.9692 -3.9509 40.3044 16.5 -2.9294 40 16.5 -.4695 40 14.9692 -1.3853 40.3044
4 16 17.6552 .2216 40 16.5 -.4695 40 16.5 -2.9294 40 17.6552 -2.1586 40
4 16 17.6552 -2.1586 40 20.5059 .3441 40 20.5059 2.4654 40 17.6552 .2216 40
4 16 20.5059 .3441 40 23.0086 3.1948 40 23.0086 5.0212 40 20.5059 2.4654 40
4 16 23.0086 3.1948 40 25.114 6.35 40 25.114 7.85 40 23.0086 5.0212 40
4 16 25.114 6.35 40 26.7931 9.7517 40 26.7931 10.8998 40 25.114 7.85 40
4 16 28.0111 14.1212 40 26.7931 10.8998 40 26.7931 9.7517 40 28.0111 13.3448 40
4 16 28.0111 13.3448 69.5 28.0111 13.3448 67.1955 28.75 17.0625 61 28.7506 17.0655 69.5
3 16 28.0111 13.3448 67.1955 28.0111 13.3448 69.5 27.7363 12.534 69.5
4 16 27.7363 12.534 69.5 28.0111 13.3448 69.5 28.0111 14.0864 80.811 26.7931 10.0033 73.3369
3 16 26.7931 10.0033 73.3369 28.0111 14.0864 80.811 26.7931 10.524 81.28
4 16 26.7931 10.0033 73.3369 26.7931 10.524 81.28 25.114 7.1514 81.724 25.114 6.9024 77.9252
3 16 25.114 6.9024 77.9252 25.114 7.1514 81.724 23.0086 4.0233 82.1358
4 16 23.0086 6.0174 92.1609 23.0086 4.0233 82.1358 25.114 7.1514 81.724 25.114 8.9483 90.7573
4 16 20.5059 3.449 93.8294 20.5059 1.8719 85.9009 23.0086 4.0233 82.1358 23.0086 6.0174 92.1609
4 16 17.6552 1.2807 95.7299 17.6552 -.0351 89.115 20.5059 1.8719 85.9009 20.5059 3.449 93.8294
3 16 17.6552 -.0351 89.115 17.6552 1.2807 95.7299 17.2282 1.0475 96.0145
4 16 14.5 -.711 96.4857 14.5 -1.7651 91.1868 17.6552 -.0351 89.115 17.2282 1.0475 96.0145
3 16 14.5 -.711 96.4857 17.2282 1.0475 96.0145 16.5 .7002 96.5
3 16 14.5 -.711 96.4857 16.5 .7002 96.5 14.9692 .0519 97.7612
3 16 14.5 -.711 96.4857 14.9692 .0519 97.7612 14.5 -.0721 98.368
3 16 14.5 -.711 96.4857 14.5 -.0721 98.368 13.6716 -.1393 99.4394
4 16 14.5 -.711 96.4857 13.6716 -.1393 99.4394 12.8044 .0341 101.279 11.0983 -2.3329 96.9203
3 16 11.0983 -2.3329 96.9203 12.8044 .0341 101.279 12.5 .46 103
4 16 12.5 2.7608 109.7781 11.0983 2.1216 110.0428 11.0983 -2.3329 96.9203 12.5 .46 103
4 16 12.5 -2.5082 92.5 14.5 -1.7651 91.1868 14.5 -.711 96.4857 11.0983 -2.3329 96.9203
4 16 11.0983 -2.3329 96.9203 11.0983 -5.0365 83.3286 12.5 -4.3505 83.2383 12.5 -2.5082 92.5
4 16 12.5 -4.3505 83.2383 11.0983 -5.0365 83.3286 11.0983 -5.9431 69.5 12.5 -5.1857 70.5
3 16 12.5 -5.1857 70.5 11.0983 -5.9431 69.5 12.6868 -5.159 69.5
4 16 25.114 8.9483 90.7573 25.114 7.1514 81.724 26.7931 10.524 81.28 26.7931 12.1865 89.6379
4 16 26.7931 10.524 81.28 28.0111 14.0864 80.811 28.0111 15.6807 88.8259 26.7931 12.1865 89.6379
3 16 26.7916 10.1259 69.5 27.7363 12.534 69.5 26.7931 10.0033 73.3369
3 16 26.7916 10.1259 69.5 26.7931 10.8998 61.6709 28.0111 13.3448 67.1955
3 16 16.5 -.4747 65.2 17.6552 .2216 64.8039 17.6552 -.2385 69.5
3 16 16.5 -.4747 65.2 17.6552 -.2385 69.5 14.9692 -1.418 66.0019
3 16 14.5 -2.5122 82.996 14.5 -1.7651 91.1868 12.5 -2.5082 92.5
3 16 12.5 -4.3505 83.2383 12.5 -3.2911 83.0994 12.5 -2.5082 92.5
3 16 12.5 -2.5082 92.5 12.5 -3.2911 83.0994 14.5 -2.5122 82.996
4 16 17.6552 -.2385 69.5 14.5 -2.077 69.5 14.5 -1.7381 66.468 14.9692 -1.418 66.0019
3 16 12.5 -3.2911 83.0994 14.5 -2.077 69.5 14.5 -2.5122 82.996
4 16 17.6552 -.6088 82.7454 17.6552 -.0351 89.115 14.5 -1.7651 91.1868 14.5 -2.5122 82.996
4 16 17.6552 -.2385 69.5 17.6552 -.6088 82.7454 14.5 -2.5122 82.996 14.5 -2.077 69.5
3 16 28.8753 18.9578 40 29 20.85 31 29 20.85 69.5
3 16 29 20.85 69.5 28.7506 17.0655 69.5 28.75 17.0625 61
4 16 29 20.85 69.5 28.75 17.0625 61 28.7506 17.0655 41.5203 28.8753 18.9578 40
3 16 28.8753 18.9578 40 28.7506 17.0655 41.5203 28.7506 17.457 40
3 16 28.7506 17.457 40 28.7506 17.0655 41.5203 28.0111 14.1212 40
3 16 28.0111 14.1212 40 28.7506 17.0655 41.5203 28.0111 13.3448 46.028
4 16 28.7506 17.457 40 28.0111 14.1212 40 28.0111 13.3448 40 28.7506 17.0655 40
3 16 13.6716 -2.1653 67.2908 14.5 -1.7381 66.468 14.5 -2.077 69.5
3 16 13.6716 -2.1653 67.2908 14.5 -2.077 69.5 12.8044 -2.6673 68.8703
3 16 12.6868 -2.7885 69.5 12.8044 -2.6673 68.8703 14.5 -2.077 69.5
4 16 12.6868 -2.7885 69.5 12.6868 -5.159 69.5 12.8044 -5.101 68.8703 12.8044 -2.6673 68.8703
4 16 12.5 -3.2911 83.0994 12.5 -2.8934 70.5 12.6868 -2.7885 69.5 14.5 -2.077 69.5
4 16 12.5 -5.1857 70.5 12.5 -2.8934 70.5 12.5 -3.2911 83.0994 12.5 -4.3505 83.2383
4 16 12.6868 -2.7885 69.5 12.5 -2.8934 70.5 12.5 -5.1857 70.5 12.6868 -5.159 69.5
3 16 28.0953 16.7069 91.8186 28.7506 19.8917 90.9652 28.0111 16.4949 92.5088
3 16 28.0111 16.4949 92.5088 28.7506 19.8917 90.9652 28.0111 19.9413 102.6616
3 16 28.0111 19.9413 102.6616 28.7506 19.8917 90.9652 28.7506 23.3788 101.2378
3 16 28.0111 19.9413 102.6616 26.7931 16.6217 104.0366 28.0111 16.4949 92.5088
3 16 28.0111 16.4949 92.5088 26.7931 16.6217 104.0366 26.7931 15.2186 99.9032
3 16 26.7931 15.2186 99.9032 26.7931 16.6217 104.0366 25.114 13.479 105.3384
3 16 28.5 18.1185 88.5 28.7506 19.8917 90.9652 28.0953 16.7069 91.8186
3 16 28.7506 19.8917 90.9652 28.5 18.1185 88.5 28.7506 17.7752 80.3253
3 16 28.7506 17.7752 80.3253 28.5 18.1185 88.5 28.0111 14.0864 80.811
3 16 28.0111 14.0864 80.811 28.5 18.1185 88.5 28.0111 15.6807 88.8259
3 16 17.6552 10.2954 118.0792 17.6552 11.5284 120.5794 14.5 9.705 121.6321
3 16 17.6552 11.5284 120.5794 17.6552 10.2954 118.0792 20.5059 13.6958 119.328
3 16 20.5059 13.6958 119.328 17.6552 10.2954 118.0792 20.5059 11.0843 114.0324
3 16 20.5059 13.6958 119.328 20.5059 11.0843 114.0324 23.0086 16.1645 117.9027
3 16 23.0086 16.1645 117.9027 20.5059 11.0843 114.0324 23.0086 12.2087 109.8811
3 16 23.0086 16.1645 117.9027 23.0086 12.2087 109.8811 25.114 18.897 116.3251
3 16 25.114 18.897 116.3251 23.0086 12.2087 109.8811 25.114 13.479 105.3384
4 16 11.0983 2.1216 110.0428 12.5 2.7608 109.7781 12.5 8.8501 122.1257 11.0983 8.2509 122.4716
3 16 11.0983 8.2509 122.4716 12.5 8.8501 122.1257 12.5 9.4343 123
3 16 11.0983 8.2509 122.4716 12.5 9.4343 123 11.0983 15.95 133.9942
3 16 11.0983 15.95 133.9942 12.5 9.4343 123 13.6716 16.4173 132.4121
3 16 13.6716 16.4173 132.4121 13.3154 16.8182 133.328 11.0983 15.95 133.9942
3 16 14.5 15.943 130.968 13.6716 16.4173 132.4121 14.5 9.705 121.6321
3 16 14.5 9.705 121.6321 13.6716 16.4173 132.4121 12.5 9.4343 123
3 16 28.0109 16.4418 91.8903 28.0953 16.7069 91.8186 28.0111 16.4949 92.5088
3 16 28.0953 16.7069 91.8186 28.0109 16.4418 91.8903 28.01 16.472 88.8216
3 16 28.0953 16.7069 91.8186 28.01 16.472 88.8216 28.5 18.1185 88.5
3 16 28.01 16.472 88.8216 28.0109 16.4418 91.8903 26.79 13.354 89.6222
3 16 26.79 13.354 89.6222 28.0109 16.4418 91.8903 26.7912 13.606 92.6505
3 16 25.11 10.468 90.7247 26.79 13.354 89.6222 26.7912 13.606 92.6505
3 16 25.11 10.468 90.7247 26.7912 13.606 92.6505 25.1113 10.7298 93.422
3 16 23.0089 10.9356 106.3925 25.114 13.479 105.3384 23.0086 12.2087 109.8811
3 16 25.114 13.479 105.3384 23.0089 10.9356 106.3925 23.0083 8.0634 94.1367
3 16 25.114 13.479 105.3384 23.0083 8.0634 94.1367 25.1113 10.7298 93.422
3 16 25.1113 10.7298 93.422 23.0083 8.0634 94.1367 25.11 10.468 90.7247
3 16 25.11 10.468 90.7247 23.0083 8.0634 94.1367 23.01 7.8655 92.1028
3 16 23.01 7.8655 92.1028 23.0083 8.0634 94.1367 20.5098 5.6726 94.7717
3 16 23.01 7.8655 92.1028 20.5098 5.6726 94.7717 20.51 5.5916 93.7434
3 16 20.5098 5.6726 94.7717 23.0083 8.0634 94.1367 23.0089 10.9356 106.3925
3 16 20.5098 5.6726 94.7717 23.0089 10.9356 106.3925 20.5074 8.6332 107.3438
3 16 20.5074 8.6332 107.3438 23.0089 10.9356 106.3925 23.0086 12.2087 109.8811
3 16 20.5074 8.6332 107.3438 23.0086 12.2087 109.8811 20.5059 11.0843 114.0324
3 16 25.1113 10.7298 93.422 26.7912 13.606 92.6505 26.7931 15.2186 99.9032
3 16 25.1113 10.7298 93.422 26.7931 15.2186 99.9032 25.114 13.479 105.3384
3 16 26.7912 13.606 92.6505 28.0109 16.4418 91.8903 28.0111 16.4949 92.5088
3 16 26.7912 13.606 92.6505 28.0111 16.4949 92.5088 26.7931 15.2186 99.9032
3 16 17.6574 6.6359 108.1718 20.5074 8.6332 107.3438 20.5059 11.0843 114.0324
3 16 17.6574 6.6359 108.1718 20.5059 11.0843 114.0324 17.6552 10.2954 118.0792
3 16 20.5074 8.6332 107.3438 17.6574 6.6359 108.1718 17.66 3.7198 95.6138
3 16 20.5074 8.6332 107.3438 17.66 3.7198 95.6138 20.5098 5.6726 94.7717
3 16 20.51 5.5916 93.7434 20.5098 5.6726 94.7717 18.3088 4.114 95.188
3 16 18.3088 4.114 95.188 20.5098 5.6726 94.7717 17.66 3.7198 95.6138
3 16 14.5 4.9916 108.8555 17.6574 6.6359 108.1718 17.6552 10.2954 118.0792
3 16 14.5 4.9916 108.8555 17.6552 10.2954 118.0792 14.5 9.705 121.6321
3 16 17.6574 6.6359 108.1718 14.5 4.9916 108.8555 17.66 3.7198 95.6138
3 16 12.5 4.1913 109.1851 14.5 4.9916 108.8555 14.5 9.705 121.6321
3 16 12.5 4.1913 109.1851 14.5 9.705 121.6321 12.5 8.9872 122.0465
3 16 12.5 8.9872 122.0465 14.5 9.705 121.6321 12.5 9.4343 123
3 16 16.5 3.284 96.5 17.66 3.7198 95.6138 14.5 4.9916 108.8555
3 16 14.9692 2.7142 97.7612 16.5 3.284 96.5 14.5 2.592 98.368
3 16 14.5 2.592 98.368 16.5 3.284 96.5 14.5 4.9916 108.8555
3 16 14.5 2.592 98.368 14.5 4.9916 108.8555 13.6716 2.4997 99.4394
3 16 13.6716 2.4997 99.4394 14.5 4.9916 108.8555 12.8044 2.5674 101.279
3 16 12.8044 2.5674 101.279 14.5 4.9916 108.8555 12.5 2.8282 103
3 16 12.5 2.8282 103 14.5 4.9916 108.8555 12.5 4.1913 109.1851
