0 BFC CERTIFY CCW
1 16 20 24 0 10 0 0 0 1 0 0 0 10 p/recte4.dat
1 16 -20 24 0 10 0 0 0 1 0 0 0 10 p/recte4.dat
4 16 30 24 10 26 24 6 14 24 6 10 24 10
4 16 10 24 10 14 24 6 14 24 -6 10 24 -10
4 16 10 24 -10 14 24 -6 26 24 -6 30 24 -10
4 16 30 24 -10 26 24 -6 26 24 6 30 24 10
4 16 -10 24 10 -14 24 6 -26 24 6 -30 24 10
4 16 -30 24 10 -26 24 6 -26 24 -6 -30 24 -10
4 16 -30 24 -10 -26 24 -6 -14 24 -6 -10 24 -10
4 16 -10 24 -10 -14 24 -6 -14 24 6 -10 24 10
0 BFC INVERTNEXT
1 16 20 24 0 6 0 0 0 -20 0 0 0 6 p/box5.dat
0 BFC INVERTNEXT
1 16 -20 24 0 6 0 0 0 -20 0 0 0 6 p/box5.dat
1 16 -10 21 0 0 -1 0 3 0 0 0 0 10 p/rect2p.dat
1 16 10 21 0 0 1 0 3 0 0 0 0 -10 p/rect2p.dat
0 BFC INVERTNEXT
1 16 0 18 10 10 0 0 0 0 -10 0 -4 0 p/2-4cylo.dat
0 BFC INVERTNEXT
1 16 0 18 -10 10 0 0 0 0 -10 0 4 0 p/2-4cylo.dat
1 16 0 18 6 10 0 0 0 0 -10 0 1 0 p/2-4ndis.dat
1 16 0 18 -6 10 0 0 0 0 -10 0 -1 0 p/2-4ndis.dat
1 16 -10 13 0 0 -1 0 5 0 0 0 0 6 p/rect2p.dat
1 16 10 13 0 0 1 0 5 0 0 0 0 -6 p/rect2p.dat
0 BFC INVERTNEXT
1 16 0 8 0 0 0 -10 0 -4 0 -6 0 0 p/box5-4a.dat
1 16 30 12 0 0 1 0 0 0 -12 -10 0 0 p/recte3.dat
1 16 -30 12 0 0 1 0 0 0 -12 -10 0 0 p/recte3.dat
1 16 0 0 0 -30 0 0 0 1 0 0 0 -10 p/rect2p.dat
1 16 0 0 0 1 0 0 0 1 0 0 0 1 p/stug-1x3.dat
