0 BFC CERTIFY CCW
1 16 0 0 90 1 0 0 0 1 0 0 0 1 stug2-1x8.dat
1 16 0 0 70 1 0 0 0 1 0 0 0 1 stug2-1x8.dat
1 16 -60 36 -80 1 0 0 0 -1 0 0 0 1 stud4.dat
1 16 0 36 -80 1 0 0 0 -1 0 0 0 1 stug4-1x3.dat
1 16 60 36 -80 1 0 0 0 -1 0 0 0 1 stud4.dat
1 16 0 36 -60 1 0 0 0 -1 0 0 0 1 stug4-1x7.dat
1 16 -30 36 -40 1 0 0 0 -1 0 0 0 1 stug4-1x2.dat
1 16 30 36 -40 1 0 0 0 -1 0 0 0 1 stug4-1x2.dat
1 16 0 36 -20 1 0 0 0 -1 0 0 0 1 stug4-1x7.dat
1 16 0 36 0 1 0 0 0 -1 0 0 0 1 stug4-1x7.dat
1 16 0 36 20 1 0 0 0 -1 0 0 0 1 stug4-1x7.dat
1 16 0 36 40 1 0 0 0 -1 0 0 0 1 stug4-1x7.dat
1 16 0 28 80 1 0 0 0 -1 0 0 0 1 stug4-1x7.dat
1 494 0 24 80 79 0 0 0 -1 0 0 0 19 box4.dat
4 16 80 23 100 79 23 99 -79 23 99 -80 23 100
4 16 -80 23 60 -79 23 61 79 23 61 80 23 60
4 16 80 23 60 79 23 61 79 23 99 80 23 100
4 16 -80 23 100 -79 23 99 -79 23 61 -80 23 60
1 16 0 0 80 80 0 0 0 1 0 0 0 20 rect.dat
1 16 -80 11.5 80 0 1 0 0 0 11.5 20 0 0 rect3.dat
1 16 0 11.5 60 0 0 80 11.5 0 0 0 1 0 rect2a.dat
1 16 80 11.5 80 0 -1 0 11.5 0 0 0 0 20 rect2a.dat
0 BFC INVERTNEXT
1 16 0 32 78 76 0 0 0 -4 0 0 0 18 box4-1.dat
4 16 80 32 100 76 32 96 -76 32 96 -80 32 100
4 16 76 32 60 76 32 96 80 32 100 80 32 60
4 16 -80 32 100 -76 32 96 -76 32 60 -80 32 60
1 16 0 32 80 80 0 0 0 -8 0 0 0 20 box4-4a.dat
1 16 0 36 60 80 0 0 0 0 4 0 -1 0 rect3.dat
4 16 -76 28 60 76 28 60 76 32 60 -76 32 60
1 16 0 28 56 -76 0 0 0 0 4 0 1 0 rect.dat
0 BFC INVERTNEXT
1 16 0 40 -20 76 0 0 0 -4 0 0 0 76 box5.dat
4 16 80 40 60 76 40 56 -76 40 56 -80 40 60
4 16 -80 24 60 -80 24 56 80 24 56 80 24 60
4 16 -76 40 -96 76 40 -96 80 40 -100 -80 40 -100
4 16 76 40 -96 76 40 56 80 40 60 80 40 -100
4 16 -80 40 60 -76 40 56 -76 40 -96 -80 40 -100
1 16 0 32 -100 0 0 80 8 0 0 0 1 0 rect.dat
4 16 80 24 -100 80 40 -100 80 40 -84 80 24 -84
4 16 80 24 -84 80 28 -84 80 28 -76 80 24 -76
4 16 80 36 -84 80 40 -84 80 40 -76 80 36 -76
4 16 80 24 -76 80 40 -76 80 40 5.3148 80 24 5.3148
4 16 80 24 54.6852 80 40 54.6852 80 40 60 80 24 60
4 16 80 31.1852 5.3148 80 40 5.3148 80 40 54.6852 80 31.1852 54.6852
4 16 -80 24 60 -80 40 60 -80 40 55 -80 24 55
4 16 -80 24 9 -80 40 9 -80 40 -100 -80 24 -100
1 16 -70 28 62 2 0 0 0 4 0 0 0 2 box4-1.dat
1 16 -50 28 62 2 0 0 0 4 0 0 0 2 box4-1.dat
1 16 -30 28 62 2 0 0 0 4 0 0 0 2 box4-1.dat
1 16 -10 28 62 2 0 0 0 4 0 0 0 2 box4-1.dat
1 16 10 28 62 2 0 0 0 4 0 0 0 2 box4-1.dat
1 16 30 28 62 2 0 0 0 4 0 0 0 2 box4-1.dat
1 16 50 28 62 2 0 0 0 4 0 0 0 2 box4-1.dat
1 16 70 28 62 2 0 0 0 4 0 0 0 2 box4-1.dat
1 16 -80 32 -80 0 1 0 -4 0 0 0 0 4 4-4edge.dat
1 16 -83 32 -80 0 1 0 -4 0 0 0 0 4 4-4edge.dat
1 16 -83 32 -80 0 1 0 -4 0 0 0 0 4 4-4disc.dat
1 16 -83 32 -80 0 3 0 -4 0 0 0 0 4 4-4cyli.dat
1 16 80 32 -80 0 1 0 -4 0 0 0 0 4 4-4edge.dat
1 16 77 32 -80 0 1 0 -4 0 0 0 0 4 4-4edge.dat
1 16 77 32 -80 0 -1 0 -4 0 0 0 0 -4 4-4disc.dat
0 BFC INVERTNEXT
1 16 77 32 -80 0 3 0 -4 0 0 0 0 4 4-4cyli.dat
1 16 80 32 -80 0 -4 0 4 0 0 0 0 4 4-4ndis.dat
1 16 -20 36 -20 0 0 -1 0 3 0 76 0 0 box3u2p.dat
1 16 20 36 -20 0 0 -1 0 3 0 76 0 0 box3u2p.dat
1 16 60 36 15 0 0 -1 0 3 0 41 0 0 box3u2p.dat
1 16 -60 36 15 0 0 -1 0 3 0 41 0 0 box3u2p.dat
1 16 -60 36 -75 0 0 -1 0 3 0 21 0 0 box3u2p.dat
1 16 60 36 -75 0 0 -1 0 3 0 21 0 0 box3u2p.dat
1 16 72 36 -80 4 0 0 0 1.5 0 0 0 -1 box3u2p.dat
1 16 -72 36 -80 4 0 0 0 1.5 0 0 0 -1 box3u2p.dat
1 16 -80 24 47.5 0 1 0 -4.59259 0 0 0 0 4.59259 1-4ring1.dat
1 16 -80 24 47.5 0 0.5 0 -3.5 0 0 0 0 3.5 1-4ring1.dat
1 16 -78 24 47.5 0 1 0 -9.18518 0 0 0 0 9.18518 1-4ndis.dat
1 16 -80 24 47.5 0 2 0 -9.18518 0 0 0 0 9.18518 1-4cyli.dat
1 16 78 24 47.5 0 2 0 -9.18518 0 0 0 0 9.18518 1-4cyli.dat
0 BFC INVERTNEXT
1 16 78 24 47.5 0 2 0 -7.18518 0 0 0 0 7.18518 2-4cyli.dat
1 16 -80 24 47.5 0 -1 0 -9.18518 0 0 0 0 9.18518 1-4edge.dat
1 16 80 24 47.5 0 -1 0 -9.18518 0 0 0 0 9.18518 1-4edge.dat
1 16 80 24 47.5 0 -1 0 -0.918518 0 0 0 0 0.918518 1-4ring9.dat
1 16 80 24 47.5 0 -1 0 -7.18518 0 0 0 0 7.18518 2-4edge.dat
1 16 80 24 47.5 0 -1 0 0 0 7.18518 7.18518 0 0 1-4ndis.dat
1 494 80 24 47.5 0 -1 0 0 0 6 6 0 0 4-4disc.dat
1 494 80 24 47.5 0 -1 0 0 0 6 6 0 0 4-4edge.dat
1 494 78 24 47.5 0 -1 0 0 0 6 6 0 0 4-4edge.dat
1 494 80 24 47.5 0 -2 0 0 0 6 6 0 0 4-4cyli.dat
1 16 80 24 47.5 0 -0.25 0 -1.7963 0 0 0 0 1.7963 1-4ring4.dat
1 16 78 24 47.5 0 -1 0 -9.18518 0 0 0 0 9.18518 1-4edge.dat
1 16 78 24 47.5 0 -1 0 -7.18518 0 0 0 0 7.18518 2-4edge.dat
1 16 -78 24 47.5 0 -1 0 -9.18518 0 0 0 0 9.18518 1-4edge.dat
1 16 -80 24 12.5 0 0.5 0 0 0 -4.59259 -4.59259 0 0 1-4ring1.dat
1 16 -80 24 12.5 0 0.5 0 0 0 -3.5 -3.5 0 0 1-4ring1.dat
1 16 -78 24 12.5 0 1 0 0 0 -9.18518 -9.18518 0 0 1-4ndis.dat
1 16 -80 24 12.5 0 2 0 0 0 -9.18518 -9.18518 0 0 1-4cyli.dat
1 16 78 24 12.5 0 2 0 0 0 -9.18518 -9.18518 0 0 1-4cyli.dat
0 BFC INVERTNEXT
1 16 78 24 12.5 0 2 0 7.18518 0 0 0 0 -7.18518 2-4cyli.dat
1 16 -80 24 12.5 0 -1 0 0 0 -9.18518 -9.18518 0 0 1-4edge.dat
1 16 80 24 12.5 0 -1 0 0 0 -9.18518 -9.18518 0 0 1-4edge.dat
1 16 80 24 12.5 0 -1 0 0 0 -0.918518 -0.918518 0 0 1-4ring9.dat
1 16 80 24 12.5 0 -1 0 7.18518 0 0 0 0 -7.18518 2-4edge.dat
1 16 80 24 12.5 0 -0.25 0 0 0 -1.7963 -1.7963 0 0 1-4ring4.dat
1 16 80 24 12.5 0 -1 0 7.18518 0 0 0 0 -7.18518 1-4ndis.dat
1 494 80 24 12.5 0 -1 0 6 0 0 0 0 -6 4-4disc.dat
1 494 80 24 12.5 0 0 -1 0 1 0 1 0 0 plug34.dat
1 494 80 24 47.5 0 0 -1 0 1 0 1 0 0 plug34.dat
1 494 80 24 12.5 0 -2 0 6 0 0 0 0 -6 4-4cyli.dat
1 494 80 24 12.5 0 -1 0 6 0 0 0 0 -6 4-4edge.dat
1 494 78 24 12.5 0 -1 0 6 0 0 0 0 -6 4-4edge.dat
1 16 78 24 12.5 0 -1 0 0 0 -9.18518 -9.18518 0 0 1-4edge.dat
1 16 78 24 12.5 0 -1 0 7.18518 0 0 0 0 -7.18518 2-4edge.dat
1 16 -78 24 12.5 0 -1 0 0 0 -9.18518 -9.18518 0 0 1-4edge.dat
4 16 -80 14.8148 20 -80 14.8148 42 -80 40 42 -80 40 20
1 494 -76 24 30 0 20 0 0 0 5 24 0 0 box5.dat
0 BFC INVERTNEXT
1 494 -76 24 30 0 19 0 0 0 4 23 0 0 box5.dat
4 16 -80 27.5 51 -80 27.5 55 -80 40 55 -80 40 51
4 16 -80 24 51 -80 24 55 -80 27.5 55 -80 27.5 51
4 16 -80 27.5 51 -80 40 51 -80 40 42 -80 27.5 44
4 16 -80 27.5 44 -80 40 42 -80 14.8148 42 -80 20.5 44
4 16 -80 20.5 44 -80 14.8148 42 -80 14.8148 47.5 -80 20.5 47.5
4 16 -80 40 20 -80 40 9 -80 27.5 9 -80 27.5 16
4 16 -80 14.8148 20 -80 40 20 -80 27.5 16 -80 20.5 16
4 16 -80 14.8148 12.5 -80 14.8148 20 -80 20.5 16 -80 20.5 12.5
1 16 -80 24 47.5 0 -1 0 0 0 3.5 3.5 0 0 4-4edge.dat
1 16 -80 24 47.5 0 1 0 -3.5 0 0 0 0 -3.5 3-4ndis.dat
1 16 -76 24 47.5 0 -1 0 0 0 3.5 3.5 0 0 4-4edge.dat
1 494 -65 24 47.5 0 -1 0 0 0 3.5 3.5 0 0 4-4edge.dat
0 BFC INVERTNEXT
1 16 -76 24 47.5 0 -4 0 0 0 3.5 3.5 0 0 4-4cyli.dat
0 BFC INVERTNEXT
1 494 -65 24 47.5 0 -11 0 0 0 3.5 3.5 0 0 4-4cyli.dat
0 BFC INVERTNEXT
1 494 -65 24 12.5 0 -11 0 0 0 3.5 3.5 0 0 4-4cyli.dat
1 16 -80 24 12.5 0 -1 0 0 0 3.5 3.5 0 0 4-4edge.dat
1 16 -80 24 12.5 0 1 0 0 0 3.5 -3.5 0 0 3-4ndis.dat
1 16 -76 24 12.5 0 -1 0 0 0 3.5 3.5 0 0 4-4edge.dat
1 494 -65 24 12.5 0 -1 0 0 0 3.5 3.5 0 0 4-4edge.dat
0 BFC INVERTNEXT
1 16 -76 24 12.5 0 -4 0 0 0 3.5 3.5 0 0 4-4cyli.dat
1 16 80 15.8148 30 0 -1 0 0 0 1 -17.5 0 0 rect2p.dat
1 16 -79 14.8148 30 0 0 1 0 1 0 -17.5 0 0 rect2p.dat
1 16 79 14.8148 30 -1 0 0 0 1 0 0 0 -17.5 rect1.dat
1 16 79 16.8148 30 -1 0 0 0 -1 0 0 0 17.5 rect1.dat
1 16 79 31.1852 30 0 0 1 0 1 0 -17.5 0 0 rect2p.dat
4 16 -80 24 3.3148 -80 24 -100 -78 24 -98 -78 24 3.3148
4 16 78 24 -98 80 24 -100 80 24 3.3148 78 24 3.3148
4 16 -80 24 -100 80 24 -100 78 24 -98 -78 24 -98
4 16 -78 9 -98 -3 9 -98 -3 9 -96 -76 9 -96
4 16 -78 9 56.6852 -78 9 -98 -76 9 -96 -76 9 56.6852
4 16 76 9 56.6852 76 9 -96 78 9 -98 78 9 56.6852
4 16 3 9 -98 78 9 -98 76 9 -96 3 9 -96
4 16 -78 14.8148 56.6852 -78 14.8148 3.3148 -78 9 3.3148 -78 9 56.6852
1 16 -77 16.5 56.6852 -1 0 0 0 0 -7.5 0 -1 0 rect3.dat
1 16 77 16.5 56.6852 -1 0 0 0 0 -7.5 0 -1 0 rect3.dat
1 16 -78 16.5 -47.3426 0 1 0 7.5 0 0 0 0 -50.6574 rect2a.dat
1 16 -40.5 16.5 -98 0 0 37.5 7.5 0 0 0 1 0 rect3.dat
1 16 40.5 16.5 -98 0 0 37.5 7.5 0 0 0 1 0 rect.dat
1 16 -3 16.5 -97 0 -1 0 7.5 0 0 0 0 1 rect3.dat
1 16 3 16.5 -97 0 1 0 -7.5 0 0 0 0 1 rect3.dat
1 16 0 24 -97 0 0 -3 0 1 0 1 0 0 rect1.dat
4 16 -76 32 6 -76 9 6 -76 9 -96 -76 32 -96
1 16 -39.5 20.5 -96 0 0 36.5 -11.5 0 0 0 -1 0 rect1.dat
1 16 39.5 20.5 -96 0 0 36.5 -11.5 0 0 0 -1 0 rect1.dat
4 16 -76 19 56.6852 -76 9 56.6852 -76 9 6 -76 19 6
4 16 -76 32 56.6852 -76 29 56.6852 -76 29 6 -76 32 6
4 16 -76 32 56.6852 -76 19 56.6852 -76 19 54 -76 32 54
1 16 0 25 -96 -76 0 0 0 0 7 0 2 0 box3u2p.dat
4 16 -3 24 -96 3 24 -96 3 18 -96 -3 18 -96
1 16 0 32 -20 -76 0 0 0 1 0 0 0 -76 rect2a.dat
4 16 78 9 56.6852 78 9 1 78 38 1 78 38 56.6852
1 16 76 20.5 -19.6574 0 1 0 0 0 11.5 76.3426 0 0 rect2p.dat
4 16 78 9 1 78 9 -98 78 24 -98 78 24 1
