0 BFC CERTIFY CCW
1 16 0 0 0 0 0 12.81 0 12.81 0 -12.81 0 0 p/8-8sphe.dat
1 16 13.5 0 0 0 7.5 0 7.5 0 0 0 0 -7.5 p/2-4edge.dat
1 16 13.5 0 0 0 -7.5 0 -7.5 0 0 0 0 -7.5 p/2-4disc.dat
1 16 10 0 0 0 3.5 0 7.5 0 0 0 0 -7.5 p/2-4cyli.dat
1 16 11.75 0 0 0 0 1.75 7.5 0 0 0 20 0 p/box4o8a.dat
1 16 -11.75 0 0 0 0 1.75 7.5 0 0 0 20 0 p/box4o8a.dat
1 16 -13.5 0 0 0 -7.5 0 7.5 0 0 0 0 -7.5 p/2-4edge.dat
1 16 -13.5 0 0 0 7.5 0 -7.5 0 0 0 0 -7.5 p/2-4disc.dat
1 16 -10 0 0 0 -7.5 0 7.5 0 0 0 0 -7.5 p/2-4disc.dat
1 16 10 0 0 0 7.5 0 -7.5 0 0 0 0 -7.5 p/2-4disc.dat
1 16 -10 0 0 0 -3.5 0 7.5 0 0 0 0 -7.5 p/2-4cyli.dat
