0 BFC CERTIFY CCW
1 16 0 3 16.25 0 0 1.5 0 92 0 -1.5 0 0 p/boxjcyl4.dat
3 16 -1.5 3 16.25 -1.5 3 33 -1.5 6 36
3 16 1.5 6 36 1.5 3 33 1.5 3 16.25
4 16 -1.5 3 16.25 -1.5 6 36 -1.5 95 36 -1.5 95 16.25
4 16 1.5 95 16.25 1.5 95 36 1.5 6 36 1.5 3 16.25
4 16 -1.5 95 36 1.5 95 36 0 95 16.25 -1.5 95 16.25
3 16 1.5 95 16.25 0 95 16.25 1.5 95 36
1 16 -1.5 6 33 0 1 0 -3 0 0 0 0 3 p/1-4edge.dat
1 16 1.5 6 33 0 1 0 -3 0 0 0 0 3 p/1-4edge.dat
1 16 -1.5 6 33 0 1 0 -3 0 0 0 0 3 p/1-4chrd.dat
1 16 1.5 6 33 0 -1 0 -3 0 0 0 0 3 p/1-4chrd.dat
