0 BFC CERTIFY CW
4 16 0 -9 1.425 0 -9 -1.425 -1 -8.801 -1.425 -1 -8.801 1.425
4 16 0 -9 -1.425 0 -9 1.425 1 -8.801 1.425 1 -8.801 -1.425
4 16 0 9 -1.425 0 9 1.425 -1 8.801 1.425 -1 8.801 -1.425
4 16 0 9 1.425 0 9 -1.425 1 8.801 -1.425 1 8.801 1.425
4 16 -9 0 -1.425 -9 0 1.425 -8.801 -1 1.425 -8.801 -1 -1.425
4 16 9 0 1.425 9 0 -1.425 8.801 -1 -1.425 8.801 -1 1.425
4 16 -9 0 1.425 -9 0 -1.425 -8.801 1 -1.425 -8.801 1 1.425
4 16 9 0 -1.425 9 0 1.425 8.801 1 1.425 8.801 1 -1.425
0 BFC INVERTNEXT
1 16 -4.9 -4.9 0 0 3.9 0 0 0 3.9 1.425 0 0 p/box2-5.dat
0 BFC INVERTNEXT
1 16 4.9 -4.9 0 0 0 -3.9 0 3.9 0 1.425 0 0 p/box2-5.dat
0 BFC INVERTNEXT
1 16 4.9 4.9 0 0 -3.9 0 0 0 -3.9 1.425 0 0 p/box2-5.dat
0 BFC INVERTNEXT
1 16 -4.9 4.9 0 0 0 3.9 0 -3.9 0 1.425 0 0 p/box2-5.dat
