0 BFC CERTIFY CCW
1 16 0 4 0 1 0 0 0 -1 0 0 0 1 p/stud4.dat
0 BFC INVERTNEXT
1 16 0 8 0 16 0 0 0 -4 0 0 0 16 p/box5.dat
4 16 20 8 20 16 8 16 -16 8 16 -20 8 20
4 16 -20 8 -20 -16 8 -16 16 8 -16 20 8 -20
4 16 20 8 -20 16 8 -16 16 8 16 20 8 20
4 16 -20 8 20 -16 8 16 -16 8 -16 -20 8 -20
1 16 0 4 -20 0 0 20 4 0 0 0 40 0 p/box3u4a.dat
1 16 0 8 -20 16 0 0 0 1 0 0 0 -16 p/48/1-8edge.dat
1 16 0 8 -20 -16 0 0 0 1 0 0 0 -16 p/48/1-8edge.dat
1 16 0 8 -30 8 0 0 0 1 0 0 0 8 p/48/2-4edge.dat
1 16 0 4 -20 16 0 0 0 1 0 0 0 -16 p/48/1-8edge.dat
1 16 0 4 -20 -16 0 0 0 1 0 0 0 -16 p/48/1-8edge.dat
1 16 0 4 -30 8 0 0 0 1 0 0 0 8 p/48/2-4edge.dat
1 16 0 8 -30 6 0 0 0 1 0 0 0 6 p/48/4-4edge.dat
1 16 0 8 -30 2 0 0 0 -1 0 0 0 2 p/48/4-4ring3.dat
1 16 0 8 -20 20 0 0 0 1 0 0 0 -20 p/48/2-4edge.dat
1 16 0 8 -20 4 0 0 0 -1 0 0 0 -4 p/48/2-4ring4.dat
1 16 0 0 -20 -4 0 0 0 1 0 0 0 -4 p/48/2-4ring4.dat
1 16 0 0 -30 6 0 0 0 1 0 0 0 6 p/48/4-4edge.dat
1 16 0 0 -20 20 0 0 0 1 0 0 0 -20 p/48/2-4edge.dat
3 16 8 8 -30 8 8 -33.855 6.5 8 -34.6
3 16 -8 8 -33.855 -8 8 -30 -6.5 8 -34.6
1 16 0 0 -30 6 0 0 0 1 0 0 0 6 p/48/4-4ndis.dat
1 16 0 6 -20 16 0 0 0 0 2 0 1 0 p/rect.dat
4 16 -8 4 -30 -8 8 -30 -8 8 -33.855 -8 4 -33.855
4 16 8 4 -33.855 8 8 -33.855 8 8 -30 8 4 -30
4 16 0 4 -20 0 4 -23 -15 4 -30 -16 4 -20
3 16 -7 4 -36 -14 4 -29 -7 4 -25
4 16 16 4 -20 15 4 -30 0 4 -23 0 4 -20
3 16 7 4 -25 14 4 -29 7 4 -36
0 BFC INVERTNEXT
1 16 0 0 -30 6 0 0 0 8 0 0 0 6 p/48/4-4cyli.dat
1 16 0 4 -30 8 0 0 0 4 0 0 0 8 p/48/2-4cyli.dat
0 BFC INVERTNEXT
1 16 0 4 -20 16 0 0 0 4 0 0 0 -16 p/48/2-4cyli.dat
1 16 0 0 -20 20 0 0 0 8 0 0 0 -20 p/48/2-4cyli.dat
4 16 6 0 -24 6 0 -35 16 0 -31 16 0 -20
4 16 -16 0 -20 -6 0 -24 6 0 -24 16 0 -20
4 16 -16 0 -20 -16 0 -31 -6 0 -35 -6 0 -24
