0 BFC CERTIFY CCW
3 16 22.516 32 13 25.4355 32 15.816 25.98 32 15
4 16 24.0214 32 9.9502 22.516 32 13 25.98 32 15 27.717 32 11.481
4 16 25.7764 32 3.393 25.1134 32 6.7288 28.977 32 7.764 29.742 32 3.915
4 16 26 32 0 25.7764 32 3.393 29.742 32 3.915 30 32 0
4 16 28.977 32 7.764 25.1134 32 6.7288 24.0214 32 9.9502 27.717 32 11.481
1 16 0 32 0 30 0 0 0 1 0 0 0 30 48\1-12edge.dat
1 16 0 32 0 26 0 0 0 1 0 0 0 26 48\1-12edge.dat
0 BFC INVERTNEXT
1 16 0 32 0 26 0 0 0 -4 0 0 0 26 48\1-12cyli.dat
0 BFC INVERTNEXT
1 16 0 28 0 26 0 0 0 -6.6667 0 0 0 26 48\1-8cyli.dat
4 16 22.516 28 13 20.6284 28 15.8288 23.802 28 18.264 25.4355 28 15.816
4 16 21.213 28 21.213 23.802 28 18.264 20.6284 28 15.8288 18.3846 28 18.3846
1 16 23.97575 30 14.408 0 1 1.45975 -2 0 0 0 0 1.408 rect.dat
4 16 25.98 28 15 25.98 32 15 25.4355 32 15.816 25.4355 28 15.816
0 BFC INVERTNEXT
1 16 0 21.33333 0 8.6667 0 0 0 -8.6667 0 0 0 8.6667 48\r08o2000.dat
1 16 10 28 10 5.65685 0 5.65685 0 -19 0 5.65685 0 -5.65685 2-4cyli.dat
0 BFC INVERTNEXT
1 16 10 28 10 4.24264 0 4.24264 0 -20.5 0 4.24264 0 -4.24264 2-4cyli.dat
0 BFC INVERTNEXT
1 16 10 7.5 10 4.24264 0 4.24264 0 -2.5 0 4.24264 0 -4.24264 2-4cyls.dat
1 16 10 9 10 5.65685 0 5.65685 0 -3.5 0 5.65685 0 -5.65685 2-4cyls.dat
