0 BFC CERTIFY CCW
1 16 0 4.5 0 2.89778 0 -.77646 0 -1.5 0 .77646 0 2.89778 48\1-4con2.dat
1 16 0 7.5 0 2.89778 0 -.77646 0 -3 0 .77646 0 2.89778 48\1-4con3.dat
1 16 0 12 0 1.93185 0 -.51764 0 -4.5 0 .51764 0 1.93185 48\1-4con6.dat
1 16 0 16 0 13.52296 0 -3.62347 0 -4 0 3.62347 0 13.52296 48\1-4cylo.dat
3 16 8.6933 4.5 2.3294 6.8187 3.5297 1.827 8.7929 4.5 1.827
4 16 8.6933 4.5 2.3294 8.7929 4.5 1.827 11.8449 7.5 1.827 11.5911 7.5 3.1058
4 16 11.5911 7.5 3.1058 11.8449 7.5 1.827 13.8796 12 1.827 13.5226 12 3.6232
4 16 13.8796 12 1.827 13.8796 16 1.827 13.5226 16 3.6232 13.5226 12 3.6232
3 16 6.8187 3.5297 -1.827 8.6933 4.5 -2.3294 8.7929 4.5 -1.827
4 16 11.8449 7.5 -1.827 8.7929 4.5 -1.827 8.6933 4.5 -2.3294 11.5911 7.5 -3.1058
4 16 13.8796 12 -1.827 11.8449 7.5 -1.827 11.5911 7.5 -3.1058 13.5226 12 -3.6232
4 16 13.5226 16 -3.6232 13.8796 16 -1.827 13.8796 12 -1.827 13.5226 12 -3.6232
3 16 8.7929 4.5 1.827 6.818438 3.52948 1.827 8 0 1.827
3 16 8.7929 4.5 1.827 8 0 1.827 11.8449 7.5 1.827
3 16 11.8449 7.5 1.827 8 0 1.827 15.5 11 1.827
3 16 11.8449 7.5 1.827 15.5 11 1.827 13.8796 12 1.827
4 16 13.8796 16 1.827 13.8796 12 1.827 15.5 11 1.827 15.5 16 1.827
3 16 6.8187 3.5297 -1.827 8.7929 4.5 -1.827 8 0 -1.827
3 16 8 0 -1.827 8.7929 4.5 -1.827 11.8449 7.5 -1.827
3 16 8 0 -1.827 11.8449 7.5 -1.827 15.5 11 -1.827
3 16 15.5 11 -1.827 11.8449 7.5 -1.827 13.8796 12 -1.827
4 16 15.5 11 -1.827 13.8796 12 -1.827 13.8796 16 -1.827 15.5 16 -1.827
1 16 11.75 5.5 0 0 0 -3.75 0 1 -5.5 1.827 0 0 rect3.dat
1 16 15.5 13.5 0 0 -1 0 2.5 0 0 0 0 1.827 rect.dat
3 16 13.8796 16 -1.827 14 16 0 15.5 16 -1.827
3 16 15.5 16 -1.827 14 16 0 15.5 16 1.827
3 16 15.5 16 1.827 14 16 0 13.8796 16 1.827
