0 BFC CERTIFY CCW
1 16 -4 -65.5 20 0 2.25 0 -19 0 0 0 0 -19 p/48/5-24cylo.dat
1 16 -4 -65.5 20 0 1 0 -1 0 0 0 0 -1 p/48/5-24ring18.dat
1 16 -4 -65.5 20 0 1 0 -2 0 0 0 0 -2 p/48/5-24ring8.dat
1 16 -1.75 -65.5 20 0 1 0 -19 0 0 0 0 -19 p/48/5-24ndis.dat
1 16 -4 -65.5 20 0 2.25 0 -19 0 0 0 0 19 p/48/7-48cylo.dat
1 16 -4 -65.5 20 0 1 0 -1 0 0 0 0 1 p/48/7-48ring18.dat
1 16 -4 -65.5 20 0 1 0 -2 0 0 0 0 2 p/48/7-48ring8.dat
1 16 -1.75 -67 0 0 1 0 -33 0 0 0 0 40 p/48/1-6chrd.dat
4 16 -3.75 -85.462 28.917 -3.75 -84.838 30.255 -3.75 -81.8794 29.6118 -3.75 -82.8547 27.6754
4 16 -1.75 -81.8794 29.6118 -3.75 -81.8794 29.6118 -3.75 -84.838 30.255 -1.75 -84.838 30.255
4 16 -1.75 -85.462 28.917 -1.75 -84.838 30.255 -3.75 -84.838 30.255 -3.75 -85.462 28.917
4 16 -3.75 -82.8547 27.6754 -1.75 -82.8547 27.6754 -1.75 -85.462 28.917 -3.75 -85.462 28.917
4 16 -3.75 -82.4959 11.5979 -3.75 -80.7095 8.6349 -3.75 -85.826 6.119 -3.75 -87.185 8.474
4 16 -1.75 -82.4959 11.5978 -3.75 -82.4959 11.5979 -3.75 -87.185 8.474 -1.75 -87.185 8.473
4 16 -3.75 -85.826 6.119 -1.75 -85.826 6.119 -1.75 -87.185 8.473 -3.75 -87.185 8.474
4 16 -1.75 -85.826 6.119 -3.75 -85.826 6.119 -3.75 -80.7095 8.6349 -1.75 -80.7095 8.6349
3 16 -4 -77.0672 35.0746 -1.75 -77.0672 35.0746 -4 -71.6738 35.0746
3 16 -4 -75.2408 32.6944 -4 -76.4584 34.2812 -4 -73.5 33.856
4 16 -4 -76.4584 34.2812 -4 -77.0672 35.0746 -4 -71.6738 35.0746 -4 -73.5 33.856
3 16 -1.75 -82.7736 35.0746 -1.75 -77.0672 35.0746 -1.75 -81.8794 29.6118
3 16 -1.75 -82.7736 35.0746 -1.75 -81.8794 29.6118 -1.75 -83.5 34.64
3 16 -1.75 -83.5 34.64 -1.75 -81.8794 29.6118 -1.75 -100 0
3 16 -1.75 -100 0 -1.75 -81.8794 29.6118 -1.75 -84.5 20
3 16 -1.75 -84.5 20 -1.75 -84.5 1 -1.75 -100 0
3 16 -4 -69.6408 4.5456 -3.8891 -63.45 3.8891 -4 -70.1584 2.6138
3 16 -4 -70.1584 2.6138 -3.8891 -63.45 3.8891 -3.977 -70 1.5717
4 16 -1.75 -70.4172 1.6479 -4 -70.4172 1.6479 -3.977 -70 1.5717 -1.75 -70 1.5717
3 16 -3.977 -70 1.5717 -4 -70.4172 1.6479 -4 -70.1584 2.6138
