0 BFC CERTIFY CCW
3 16 16 8 16 38.5 8 20 20 8 16
3 16 20 8 16 38.5 8 20 32.136 8 16
4 16 32.136 8 16 38.5 8 20 38.5 8 17 36.83 8 13.66
4 16 16 8 16 20 8 16 20 8 -12 16 8 -16
3 16 20 8 -12 20 8 -20 16 8 -16
4 16 20 8 -12 24 8 -10 24.2857 8 -11.4286 20 8 -20
3 16 24.457 8 -7.704 24 8 -10 20 8 -12
3 16 28.15 8 4.3 24.457 8 -7.704 20 8 -12
3 16 25.757 8 -5.757 24.457 8 -7.704 28.15 8 4.3
3 16 27.704 8 -4.457 25.757 8 -5.757 28.15 8 4.3
4 16 31.35 8 2.7 27.7778 8 -4.4444 27.704 8 -4.457 28.15 8 4.3
1 16 29.75 5.5 3.5 0 0 -1.6 2.5 0 0 0 -1 0.8 p/rect.dat
0 BFC INVERTNEXT
1 16 24.075 5.5 10.15 0 -4.075 0 -2.5 0 0 0 -8.15 -14 p/box2-7.dat
0 BFC INVERTNEXT
1 16 28.415 5.5 14.83 0 6.068 -2.347 -2.5 0 0 0 0 1.17 p/box2-5.dat
4 16 36.83 3 13.66 31.35 3 2.7 28.15 3 4.3 32.136 3 16
4 16 32.136 3 16 28.15 3 4.3 20 3 -12 20 3 16
1 16 27.7409 5.5 -4.4507 0 0 0.0369 2.5 0 0 0 1 0.0063 p/rect3.dat
1 16 26.7305 5.5 -5.107 -0.9735 0 0 0 0 2.5 -0.65 1 0 p/rect2p.dat
1 16 25.107 5.5 -6.7305 -0.65 -1 0 0 0 2.5 -0.9735 0 0 p/rect2p.dat
1 16 24.2285 5.5 -8.852 -0.2285 -1 0 0 0 2.5 -1.148 0 0 p/rect2p.dat
1 16 24.14285 5.5 -10.7143 0 -1 0.14285 -2.5 0 0 0 0 -0.7143 p/rect3.dat
4 16 27.704 3 -4.457 27.7778 3 -4.4444 24.2857 3 -11.4286 24 3 -10
4 16 24 3 -10 24.457 3 -7.704 25.757 3 -5.757 27.704 3 -4.457
4 16 24.2857 8 -11.4286 24.2857 3 -11.4286 20 0 -20 20 8 -20
3 16 27.7778 3 -4.4444 20 0 -20 24.2857 3 -11.4286
4 16 31.35 3 2.7 38.5 0 17 20 0 -20 27.7778 3 -4.4444
4 16 31.35 3 2.7 27.7778 3 -4.4444 27.7778 8 -4.4444 31.35 8 2.7
3 16 36.83 3 13.66 38.5 0 17 31.35 3 2.7
4 16 36.83 8 13.66 38.5 8 17 38.5 0 17 36.83 3 13.66
3 16 20 0 -20 38.5 0 17 38.5 0 20
