0 BFC CERTIFY CCW
0 BFC INVERTNEXT
1 16 0 0 -33.5 2 0 0 0 0 -2 0 .5 0 48\1-4con27.dat
0 BFC INVERTNEXT
1 16 0 0 -34 2 0 0 0 0 -2 0 .5 0 48\1-4con28.dat
1 16 0 0 -34 2 0 0 0 0 -2 0 1 0 48\1-4rin29.dat
1 16 0 0 -34 4 0 0 0 0 -4 0 1 0 48\1-4rin15.dat
1 16 0 0 -34 8 0 0 0 0 -8 0 1 0 48\1-4ring8.dat
1 16 0 0 -34 58 0 0 0 0 -58 0 1 0 48\1-4edge.dat
1 16 0 0 -34 72 0 0 0 0 -72 0 1 0 48\1-4edge.dat
1 16 0 0 -33.7 3.6 0 0 0 0 -3.6 0 -.3 0 48\1-4con20.dat
1 16 0 0 0 1 0 0 0 1 0 0 0 1 s\52985s02.dat
1 16 0 0 0 .354604 .935016 0 -.935016 .354604 0 0 0 1 s\52985s02.dat
1 16 0 0 0 .568064 .822984 0 -.822984 .568064 0 0 0 1 s\52985s02.dat
1 16 0 0 0 .74851 .663123 0 -.663123 .74851 0 0 0 1 s\52985s02.dat
1 16 0 0 0 .885456 .464724 0 -.464724 .885456 0 0 0 1 s\52985s02.dat
1 16 0 0 0 .970942 .239316 0 -.239316 .970942 0 0 0 1 s\52985s02.dat
3 16 -.000047 -79.78986 -33.346538 0 -75.6 -33.7 1.27261 -79.712223 -33.34714
4 16 9.617647 -79.20894 -33.34654 1.27261 -79.712223 -33.34714 0 -75.6 -33.7 9.8658 -74.94984 -33.7
4 16 17.840632 -77.700466 -33.34714 9.617647 -79.20894 -33.34654 9.8658 -74.94984 -33.7 19.56528 -73.02204 -33.7
3 16 19.094903 -77.471279 -33.346538 17.840632 -77.700466 -33.34714 20.311998 -77.091331 -33.34714
3 16 20.311998 -77.091331 -33.34714 17.840632 -77.700466 -33.34714 19.56528 -73.02204 -33.7
4 16 28.294116 -74.605619 -33.34654 20.311998 -77.091331 -33.34714 19.56528 -73.02204 -33.7 28.93212 -69.84684 -33.7
3 16 28.294116 -74.605619 -33.34654 28.93212 -69.84684 -33.7 35.917166 -71.173104 -33.34714
4 16 28.93212 -69.84684 -33.7 37.8 -65.4696 -33.7 37.080142 -70.650409 -33.346538 35.917166 -71.173104 -33.34714
3 16 37.080142 -70.650409 -33.346538 37.8 -65.4696 -33.7 38.170944 -69.990232 -33.34714
4 16 45.326242 -65.666504 -33.34654 38.170944 -69.990232 -33.34714 37.8 -65.4696 -33.7 46.02528 -59.98104 -33.7
4 16 51.906312 -60.509404 -33.34714 45.326242 -65.666504 -33.34654 46.02528 -59.98104 -33.7 53.45676 -53.45676 -33.7
3 16 52.910403 -59.723583 -33.3465 51.906312 -60.509404 -33.34714 53.45676 -53.45676 -33.7
3 16 52.910403 -59.723583 -33.3465 53.45676 -53.45676 -33.7 53.81152 -58.82154 -33.34714
3 16 66.324818 -44.234384 -33.34714 65.665758 -45.325867 -33.3465 59.98104 -46.02528 -33.7
3 16 59.98104 -46.02528 -33.7 65.665758 -45.325867 -33.3465 64.878903 -46.329149 -33.34714
3 16 53.45676 -53.45676 -33.7 59.724167 -52.911075 -33.34654 53.81152 -58.82154 -33.34714
4 16 59.724167 -52.911075 -33.34654 53.45676 -53.45676 -33.7 59.98104 -46.02528 -33.7 64.878903 -46.329149 -33.34714
4 16 66.324818 -44.234384 -33.34714 59.98104 -46.02528 -33.7 65.4696 -37.8 -33.7 70.651189 -37.080672 -33.34654
4 16 70.651189 -37.080672 -33.34654 65.4696 -37.8 -33.7 69.84684 -28.93212 -33.7 74.080921 -29.456296 -33.3471
3 16 74.983525 -27.076408 -33.34714 74.604825 -28.293897 -33.3465 69.84684 -28.93212 -33.7
3 16 69.84684 -28.93212 -33.7 74.604825 -28.293897 -33.3465 74.080921 -29.456296 -33.3471
4 16 74.983525 -27.076408 -33.34714 69.84684 -28.93212 -33.7 73.02204 -19.56528 -33.7 77.472166 -19.095174 -33.34654
4 16 77.472166 -19.095174 -33.34654 73.02204 -19.56528 -33.7 74.94984 -9.8658 -33.7 78.9776 -10.8716 -33.3471
3 16 78.9776 -10.8716 -33.3471 74.94984 -9.8658 -33.7 79.2081 -9.617596 -33.346538
3 16 79.2081 -9.617596 -33.346538 74.94984 -9.8658 -33.7 79.28443 -8.34486 -33.34714
4 16 79.28443 -8.34486 -33.34714 74.94984 -9.8658 -33.7 75.6 0 -33.7 79.79074 0 -33.34654
