0 BFC CERTIFY CCW
0 BFC INVERTNEXT
1 16 0 8 68 16 0 0 0 -4 0 0 0 8 p/box4-1.dat
1 16 14 6 60 2 0 0 0 0 2 0 -1 0 p/rect2p.dat
1 16 10 6 60 -2 0 0 0 0 2 0 4 0 p/box4-2p.dat
1 16 0 6 60 8 0 0 0 0 2 0 -1 0 p/rect2p.dat
1 16 -10 6 60 -2 0 0 0 0 2 0 4 0 p/box4-2p.dat
1 16 -14 6 60 2 0 0 0 0 2 0 -1 0 p/rect2p.dat
1 16 0 4 70 1 0 0 0 -1 0 0 0 1 p/stud3.dat
3 16 1.5 8 43 1.5 2.5 45 1.5 2.5 43
4 16 1.5 8 43 1.5 8 57 1.5 2.5 55 1.5 2.5 45
3 16 1.5 8 57 1.5 2.5 57 1.5 2.5 55
4 16 1.5 2.5 45 1.5 2.5 55 1.5 0 55 1.5 0 45
3 16 1.5 0 45 1.5 0 55 1.5 -3 50
3 16 -1.5 8 57 -1.5 2.5 55 -1.5 2.5 57
4 16 -1.5 8 57 -1.5 8 43 -1.5 2.5 45 -1.5 2.5 55
3 16 -1.5 8 43 -1.5 2.5 43 -1.5 2.5 45
4 16 -1.5 2.5 55 -1.5 2.5 45 -1.5 0 45 -1.5 0 55
3 16 -1.5 0 55 -1.5 0 45 -1.5 -3 50
0 BFC INVERTNEXT
1 16 12 6 0 0 4 0 -2 0 0 0 0 40 p/box3u4a.dat
1 16 10 6 40 2 0 0 0 0 2 0 -4 0 p/box4-2p.dat
1 16 10 6 -40 -2 0 0 0 0 2 0 4 0 p/box4-2p.dat
1 16 0 6 -40 8 0 0 0 0 2 0 -1 0 p/rect2p.dat
1 16 0 6 40 -8 0 0 0 0 2 0 1 0 p/rect2p.dat
1 16 -10 6 40 2 0 0 0 0 2 0 -4 0 p/box4-2p.dat
1 16 -10 6 -40 -2 0 0 0 0 2 0 4 0 p/box4-2p.dat
0 BFC INVERTNEXT
1 16 -12 6 0 0 -4 0 -2 0 0 0 0 -40 p/box3u4a.dat
3 16 -1.5 8 -43 -1.5 2.5 -45 -1.5 2.5 -43
4 16 -1.5 8 -43 -1.5 8 -57 -1.5 2.5 -55 -1.5 2.5 -45
3 16 -1.5 8 -57 -1.5 2.5 -57 -1.5 2.5 -55
4 16 -1.5 2.5 -45 -1.5 2.5 -55 -1.5 0 -55 -1.5 0 -45
3 16 -1.5 0 -45 -1.5 0 -55 -1.5 -3 -50
3 16 1.5 8 -57 1.5 2.5 -55 1.5 2.5 -57
4 16 1.5 8 -57 1.5 8 -43 1.5 2.5 -45 1.5 2.5 -55
3 16 1.5 8 -43 1.5 2.5 -43 1.5 2.5 -45
4 16 1.5 2.5 -55 1.5 2.5 -45 1.5 0 -45 1.5 0 -55
3 16 1.5 0 -55 1.5 0 -45 1.5 -3 -50
0 BFC INVERTNEXT
1 16 0 8 -68 -16 0 0 0 -4 0 0 0 -8 p/box4-1.dat
1 16 -14 6 -60 -2 0 0 0 0 2 0 1 0 p/rect2p.dat
1 16 -10 6 -60 2 0 0 0 0 2 0 -4 0 p/box4-2p.dat
1 16 0 6 -60 -8 0 0 0 0 2 0 1 0 p/rect2p.dat
1 16 10 6 -60 2 0 0 0 0 2 0 -4 0 p/box4-2p.dat
1 16 14 6 -60 -2 0 0 0 0 2 0 1 0 p/rect2p.dat
1 16 0 4 -70 1 0 0 0 -1 0 0 0 1 p/stud3.dat
4 16 16 8 76 -16 8 76 -20 8 80 20 8 80
4 16 16 8 60 16 8 76 20 8 80 20 8 60
4 16 -16 8 76 -16 8 60 -20 8 60 -20 8 80
4 16 16 8 60 20 8 60 20 8 57 1.5 8 57
4 16 1.5 8 57 -1.5 8 57 -16 8 60 16 8 60
4 16 -1.5 8 57 -20 8 57 -20 8 60 -16 8 60
1 16 0 8 50 0 0 -1.5 0 -1 0 -7 0 0 p/rect2p.dat
4 16 -16 8 40 -20 8 40 -20 8 43 -1.5 8 43
4 16 -1.5 8 43 1.5 8 43 16 8 40 -16 8 40
4 16 1.5 8 43 20 8 43 20 8 40 16 8 40
4 16 20 8 40 20 8 -40 16 8 -40 16 8 40
4 16 -20 8 -40 -20 8 40 -16 8 40 -16 8 -40
4 16 16 8 -40 20 8 -40 20 8 -43 1.5 8 -43
4 16 1.5 8 -43 -1.5 8 -43 -16 8 -40 16 8 -40
4 16 -1.5 8 -43 -20 8 -43 -20 8 -40 -16 8 -40
1 16 0 8 -50 0 0 1.5 0 -1 0 7 0 0 p/rect2p.dat
4 16 -16 8 -60 -20 8 -60 -20 8 -57 -1.5 8 -57
4 16 -1.5 8 -57 1.5 8 -57 16 8 -60 -16 8 -60
4 16 1.5 8 -57 20 8 -57 20 8 -60 16 8 -60
4 16 -16 8 -60 -16 8 -76 -20 8 -80 -20 8 -60
4 16 16 8 -76 16 8 -60 20 8 -60 20 8 -80
4 16 -16 8 -76 16 8 -76 20 8 -80 -20 8 -80
1 16 0 4 60 20 0 0 0 0 -4 0 20 0 p/box4-2p.dat
1 16 20 4 0 0 -1 0 4 0 0 0 0 40 p/rect.dat
1 16 -20 4 0 0 1 0 4 0 0 0 0 -40 p/rect.dat
1 16 0 4 -60 -20 0 0 0 0 -4 0 -20 0 p/box4-2p.dat
1 16 0 0 70 0 0 1 0 1 0 -1 0 0 p/stug-2x1.dat
1 16 -10 0 0 0 0 1 0 1 0 -1 0 0 p/stug-1x4.dat
1 16 10 0 0 0 0 1 0 1 0 -1 0 0 p/stug-1x4.dat
1 16 0 0 -70 0 0 1 0 1 0 -1 0 0 p/stug-2x1.dat
