0 BFC CERTIFY CCW
4 16 11 0 -11 11 0 11 -11 0 11 -11 0 -11
4 16 13 0 -11 13 0 11 11 0 11 11 0 -11
4 16 11 0 13 -11 0 13 -11 0 11 11 0 11
4 16 11 0 -11 -11 0 -11 -11 0 -13 11 0 -13
4 16 -11 0 -11 -11 0 11 -13 0 11 -13 0 -11
1 16 11 0 11 0 0 2 0 2 0 2 0 0 p/1-4cylc.dat
1 16 13 1 0 0 -1 0 0 0 1 11 0 0 p/rect2p.dat
1 16 -11 0 11 -2 0 0 0 2 0 0 0 2 p/1-4cylc.dat
1 16 0 1 13 -11 0 0 0 0 1 0 -1 0 p/rect2p.dat
1 16 -11 0 -11 0 0 -2 0 2 0 -2 0 0 p/1-4cylc.dat
1 16 -13 1 0 0 1 0 0 0 1 -11 0 0 p/rect2p.dat
1 16 11 0 -11 2 0 0 0 2 0 0 0 -2 p/1-4cylc.dat
1 16 0 1 -13 11 0 0 0 0 1 0 1 0 p/rect2p.dat
