0 BFC CERTIFY CCW
4 16 13 0 -5.5 13 0 5.5 11 0 5.5 11 0 -5.5
4 16 11 0 -7.5 11 0 7.5 -11 0 7.5 -11 0 -7.5
4 16 -11 0 -5.5 -11 0 5.5 -13 0 5.5 -13 0 -5.5
1 16 0 1 7.5 11 0 0 0 0 1 0 -1 0 p/rect2p.dat
1 16 13 1 0 0 -1 0 0 0 1 5.5 0 0 p/rect2p.dat
1 16 11 0 -5.5 0 0 2 0 2 0 -2 0 0 p/1-4cylc.dat
1 16 11 0 5.5 2 0 0 0 2 0 0 0 2 p/1-4cylc.dat
1 16 0 1 -7.5 -11 0 0 0 0 1 0 1 0 p/rect2p.dat
1 16 -13 1 0 0 1 0 0 0 1 -5.5 0 0 p/rect2p.dat
1 16 -11 0 5.5 0 0 -2 0 2 0 2 0 0 p/1-4cylc.dat
1 16 -11 0 -5.5 -2 0 0 0 2 0 0 0 -2 p/1-4cylc.dat
