0 BFC CERTIFY CCW
3 16 -101.5 8 -76 -104 8 -42 -104 8 -39
3 16 -101.5 8 -76 -104 8 -56.5 -104 8 -42
3 16 -101.5 8 -76 -104 8 -60 -104 8 -56.5
3 16 -101.5 8 -76 -104 8 -76 -104 8 -60
4 16 -100 8 -80 -96 8 -76 116 8 -76 120 8 -80
4 16 120 4 -76 120 -8 -76 120 -8 -80 120 8 -80
4 16 -48 0 -80 -100 0 -80 -120 8 -80 120 8 -80
3 16 -100 0 -80 -120 0 -80 -120 8 -80
4 16 120 -8 -80 90 -8 -80 90 -2 -80 120 8 -80
3 16 -45.5 -.3 -80 -48 0 -80 120 8 -80
3 16 -44.05 -.65 -80 -45.5 -.3 -80 120 8 -80
3 16 -41.95 -1.35 -80 -44.05 -.65 -80 120 8 -80
4 16 120 8 -80 90 -2 -80 -40.5 -1.7 -80 -41.95 -1.35 -80
3 16 -38 -2 -80 -40.5 -1.7 -80 90 -2 -80
1 16 -110 4 -80 0 0 -10 -4 0 0 0 1 0 p/recte3.dat
4 16 -89.968 0 -54.038 -94.78 0 -53.417 -100 0 -53.1 -100 0 -80
4 16 -85.012 0 -55.588 -89.968 0 -54.038 -100 0 -80 -80.32 0 -57.725
3 16 -80.32 0 -57.725 -100 0 -80 -75.896 0 -59.962
3 16 -75.896 0 -59.962 -100 0 -80 -67.639 0 -64.11
3 16 -67.639 0 -64.11 -100 0 -80 -58.74 0 -67.304
4 16 -58.74 0 -67.304 -100 0 -80 -48 0 -80 -48 0 -70.02
4 16 -45.5 -.3 -80 -45.5 -.3 -70.652 -48 0 -70.02 -48 0 -80
4 16 -40.5 -1.7 -71.459 -41.95 -1.35 -71.202 -41.95 -1.35 -80 -40.5 -1.7 -80
4 16 -44.05 -.65 -80 -41.95 -1.35 -80 -41.95 -1.35 -71.202 -44.05 -.65 -70.876
4 16 -44.05 -.65 -80 -44.05 -.65 -70.876 -45.5 -.3 -70.652 -45.5 -.3 -80
4 16 -38 -2 -71.842 -40.5 -1.7 -71.459 -40.5 -1.7 -80 -38 -2 -80
3 16 -38 -2 -71.842 -38 -2 -80 -20.5 -2 -74.524
3 16 -20.5 -2 -74.524 -38 -2 -80 0 -2 -76.5
3 16 0 -2 -76.5 -38 -2 -80 40 -2 -78.7
3 16 40 -2 -78.7 -38 -2 -80 90 -2 -80
4 16 -94.78 -15.609 -53.417 -100 -16 -53.1 -100 0 -53.1 -94.78 0 -53.417
4 16 -89.968 0 -54.038 -89.968 -15.248 -54.038 -94.78 -15.609 -53.417 -94.78 0 -53.417
4 16 -85.012 -14.876 -55.588 -89.968 -15.248 -54.038 -89.968 0 -54.038 -85.012 0 -55.588
4 16 -80.32 -14.524 -57.725 -85.012 -14.876 -55.588 -85.012 0 -55.588 -80.32 0 -57.725
4 16 -75.896 -14.244 -59.962 -80.32 -14.524 -57.725 -80.32 0 -57.725 -75.896 0 -59.962
4 16 -58.74 -13.171 -67.304 -67.639 -13.727 -64.11 -67.639 0 -64.11 -58.74 0 -67.304
4 16 -58.74 0 -67.304 -48 0 -70.02 -45.5 -12.36 -70.652 -58.74 -13.171 -67.304
4 16 -67.639 -13.727 -64.11 -75.896 -14.244 -59.962 -75.896 0 -59.962 -67.639 0 -64.11
3 16 -45.5 -.3 -70.652 -45.5 -12.36 -70.652 -48 0 -70.02
4 16 -20.5 -11.025 -74.524 -20.5 -2 -74.524 0 -2 -76.5 0 -10 -76.5
4 16 0 -2 -76.5 40 -2 -78.7 40 -8.5 -78.7 0 -10 -76.5
4 16 -45.5 -12.36 -70.652 -45.5 -.3 -70.652 -44.05 -.65 -70.876 -41.95 -1.35 -71.202
3 16 -41.95 -1.35 -71.202 -40.5 -1.7 -71.459 -45.5 -12.36 -70.652
3 16 -45.5 -12.36 -70.652 -40.5 -1.7 -71.459 -38 -2 -71.842
4 16 -38 -2 -71.842 -20.5 -2 -74.524 -20.5 -11.025 -74.524 -45.5 -12.36 -70.652
4 16 40 -8.5 -78.7 40 -2 -78.7 90 -2 -80 90 -8 -80
4 16 -100 -16 -46.9 -100 -16 -53.1 -94.78 -15.609 -53.417 -94.258 -15.569 -47.271
4 16 -94.258 -15.569 -47.271 -94.78 -15.609 -53.417 -89.968 -15.248 -54.038 -88.613 -15.146 -48.37
4 16 -83.161 -14.737 -50.18 -88.613 -15.146 -48.37 -89.968 -15.248 -54.038 -85.012 -14.876 -55.588
3 16 -78 -14.375 -52.675 -83.161 -14.737 -50.18 -85.012 -14.876 -55.588
3 16 -85.012 -14.876 -55.588 -80.32 -14.524 -57.725 -78 -14.375 -52.675
3 16 -58.74 -13.171 -67.304 -45.5 -12.36 -70.652 -44.898 -12.306 -66.596
3 16 -44.898 -12.306 -66.596 -57.34 -13.084 -62.78 -58.74 -13.171 -67.304
4 16 -58.74 -13.171 -67.304 -57.34 -13.084 -62.78 -65.358 -13.585 -59.516 -67.639 -13.727 -64.11
4 16 -67.639 -13.727 -64.11 -65.358 -13.585 -59.516 -72.687 -14.043 -55.634 -75.896 -14.244 -59.962
4 16 -72.687 -14.043 -55.634 -78 -14.375 -52.675 -80.32 -14.524 -57.725 -75.896 -14.244 -59.962
4 16 90 -8 -80 120 -8 -80 120 -8 -76 90 -8 -76
4 16 -20.5 -11.025 -74.524 -20 -11 -70.48 -44.898 -12.306 -66.596 -45.5 -12.36 -70.652
4 16 -20 -11 -70.48 -20.5 -11.025 -74.524 0 -10 -76.5 0 -10 -72.5
4 16 40 -8.5 -74.7 40 -8.5 -78.7 90 -8 -80 90 -8 -76
4 16 0 -10 -72.5 0 -10 -76.5 40 -8.5 -78.7 40 -8.5 -74.7
4 16 40 -8.5 -74.7 90 -8 -76 90 .744 -76 40 -1.5 -74.7
4 16 118 2 -76 90 .744 -76 90 -8 -76 120 -8 -76
4 16 -44.8979 -7.2449 -66.596 -44.8979 -12.3061 -66.596 -20 -11 -70.48 -20 -5.75 -70.48
4 16 -20 -5.75 -70.48 -20 -11 -70.48 0 -10 -72.5 0 -4.5 -72.5
4 16 -57.34 -13.0838 -62.78 -44.8979 -12.3061 -66.596 -44.8979 -7.2449 -66.596 -57.34 -7.867 -62.78
4 16 40 -1.5 -74.7 0 -4.5 -72.5 0 -10 -72.5 40 -8.5 -74.7
4 16 -100 -8 -46.9 -100 -16 -46.9 -94.258 -15.569 -47.271 -94.258 -8 -47.271
4 16 -94.258 -8 -47.271 -94.258 -15.569 -47.271 -88.613 -15.146 -48.37 -88.613 -8 -48.37
4 16 -88.613 -8 -48.37 -88.613 -15.146 -48.37 -83.161 -14.737 -50.18 -83.161 -8 -50.18
4 16 -78 -8 -52.675 -83.161 -8 -50.18 -83.161 -14.737 -50.18 -78 -14.375 -52.675
4 16 -72.687 -8 -55.634 -78 -8 -52.675 -78 -14.375 -52.675 -72.687 -14.043 -55.634
4 16 -72.687 -8 -55.634 -72.687 -14.043 -55.634 -65.358 -13.585 -59.516 -65.358 -8 -59.516
3 16 120 4 -76 118 2 -76 120 -8 -76
3 16 -60 -8 -61.6971 -65.3576 -8 -59.516 -65.3576 -13.5849 -59.516
4 16 -65.3576 -13.5849 -59.516 -57.34 -13.0838 -62.78 -57.34 -7.867 -62.78 -60 -8 -61.6971
4 16 -65.358 -8 -59.516 -60 -8 -61.697 -60 -8 -30 -72.687 -8 -55.634
4 16 -100 -8 -30 -83.161 -8 -50.18 -78 -8 -52.675 -60 -8 -30
3 16 -60 -8 -30 -78 -8 -52.675 -72.687 -8 -55.634
3 16 -100 -8 -46.9 -94.258 -8 -47.271 -100 -8 -30
3 16 -94.258 -8 -47.271 -88.613 -8 -48.37 -100 -8 -30
3 16 -100 -8 -30 -88.613 -8 -48.37 -83.161 -8 -50.18
4 16 -60 -8 -61.697 -57.34 -7.867 -62.78 -49 -7.45 -28 -60 -8 -30
4 16 -57.34 -7.867 -62.78 -44.898 -7.245 -66.596 -44.898 -7.245 -27.568 -49 -7.45 -28
4 16 -44.898 -7.245 -66.596 -20 -5.75 -70.48 -20 -5.75 -24.421 -44.898 -7.245 -27.568
3 16 -16.8 -5.55 -24 -20 -5.75 -24.421 -20 -5.75 -70.48
4 16 -20 -5.75 -70.48 0 -4.5 -72.5 -8 -5 -22 -16.8 -5.55 -24
4 16 -100 -5.55 -24 -100 -7.45 -28 -48.9999 -7.45 -28 -44.8979 -7.2449 -27.5682
4 16 -100 -5.55 -24 -44.8979 -7.2449 -27.5682 -20 -5.75 -24.4211 -16.8 -5.55 -24
4 16 -100 -5 -22 -100 -5.55 -24 -16.8 -5.55 -24 -8 -5 -22
4 16 -100 -8 -30 -60 -8 -30 -49 -7.45 -28 -100 -7.45 -28
3 16 -100 -5.5 -46.9 -100 -8 -46.9 -100 -8 -30
4 16 -100 -3.5 -45.5 -100 -5.55 -24 -100 -5 -22 -100 -2 -42.5
4 16 -100 -5.55 -24 -100 -3.5 -45.5 -100 -5.5 -46.9 -100 -7.45 -28
3 16 -100 -8 -30 -100 -7.45 -28 -100 -5.5 -46.9
3 16 80 4 -76 116 4 -76 116 8 -76
4 16 116 8 -76 40 4 -76 40 1.5 -76 80 4 -76
4 16 -96 4 -76 40 4 -76 116 8 -76 -96 8 -76
3 16 -96 4 -76 -96 8 -76 -96 4 -47.158
3 16 -94.258 4 -47.271 -96 4 -76 -96 4 -47.158
3 16 -96 4 -76 -44.8979 4 -66.696 -20 4 -71.78
3 16 -96 4 -76 -20 4 -71.78 0 4 -73.8
3 16 -96 4 -76 0 4 -73.8 40 4 -76
4 16 -94.258 4 -47.271 -88.613 4 -48.37 -84 4 -50 -96 4 -76
3 16 -44.898 4 -66.696 -96 4 -76 -57.34 4 -62.78
3 16 -65.358 4 -59.516 -57.34 4 -62.78 -96 4 -76
3 16 -72.687 4 -55.634 -65.358 4 -59.516 -96 4 -76
4 16 -84 4 -50 -78.5 4 -52.5 -72.687 4 -55.634 -96 4 -76
3 16 -60 -5 -61.697 -57.34 -5 -62.78 -57.34 4 -62.78
4 16 -65.358 4 -59.516 -65.358 -5 -59.516 -60 -5 -61.697 -57.34 4 -62.78
4 16 -94.258 4 -47.271 -96 4 -47.158 -96 -5 -47.158 -94.258 -5 -47.271
4 16 40 1.5 -76 40 4 -76 0 4 -73.8 0 -1.5 -73.8
4 16 0 -1.5 -73.8 0 4 -73.8 -20 4 -71.78 -20 -2.75 -71.78
4 16 -20 -2.75 -71.78 -20 4 -71.78 -44.898 4 -66.696 -44.898 -4.245 -66.696
4 16 -57.34 -5 -62.78 -44.898 -4.245 -66.696 -44.898 4 -66.696 -57.34 4 -62.78
4 16 -72.6867 -5 -55.634 -65.3576 -5 -59.516 -65.3576 4 -59.516 -72.6867 4 -55.634
4 16 -78.5 -5 -52.5 -72.6867 -5 -55.634 -72.6867 4 -55.634 -78.5 4 -52.5
4 16 -88.6128 -5 -48.3697 -84 -5 -50 -84 4 -50 -88.6128 4 -48.3697
4 16 -94.258 -5 -47.2707 -88.6128 -5 -48.3697 -88.6128 4 -48.3697 -94.258 4 -47.2707
3 16 -88.613 -5 -48.37 -94.258 -5 -47.271 -96 -5 -32
3 16 -88.613 -5 -48.37 -96 -5 -32 -84 -5 -50
3 16 -78.5 -5 -52.5 -96 -5 -32 -60 -5 -32
3 16 -78.5 -5 -52.5 -60 -5 -32 -72.687 -5 -55.634
3 16 -72.687 -5 -55.634 -60 -5 -32 -65.358 -5 -59.516
3 16 -84 -5 -50 -96 -5 -32 -78.5 -5 -52.5
4 16 -50.222 -4.45 -30 -20 -2.75 -26.421 -20 -2.75 -71.78 -44.898 -4.245 -66.696
4 16 0 -1.5 -73.8 -20 -2.75 -71.78 -16.8 -2.55 -26 -8 -2 -24
3 16 -20 -2.75 -26.421 -16.8 -2.55 -26 -20 -2.75 -71.78
3 16 -60 -5 -61.697 -65.358 -5 -59.516 -60 -5 -32
3 16 -50.222 -4.45 -30 -44.898 -4.245 -66.696 -57.34 -5 -62.78
3 16 -60 -5 -32 -50.222 -4.45 -30 -57.34 -5 -62.78
3 16 -57.34 -5 -62.78 -60 -5 -61.697 -60 -5 -32
3 16 -94.258 -5 -47.271 -96 -5 -47.158 -96 -5 -32
4 16 -8 -2 -24 -16.8 -2.55 -26 -96 -2.55 -26 -96 -2 -24
3 16 -16.8 -2.55 -26 -20 -2.75 -26.421 -96 -2.55 -26
3 16 -96 -2.55 -26 -20 -2.75 -26.421 -96 -4.45 -30
3 16 -96 -4.45 -30 -20 -2.75 -26.421 -50.222 -4.45 -30
4 16 -50.222 -4.45 -30 -60 -5 -32 -96 -5 -32 -96 -4.45 -30
4 16 -96 -5 -32 -96 -5 -47.158 -96 4 -47.158 -96 -4.45 -30
3 16 -96 -4.45 -30 -96 4 -47.158 -96 -2.55 -26
3 16 -96 -2.55 -26 -96 4 -47.158 -96 -2 -24
1 16 -94.25 -5 -40 1.75 0 0 0 12.5 0 0 0 1.5 p/box3u5p.dat
1 16 -91.25 1.25 -38.5 -1.25 0 0 0 0 6.25 0 2.5 0 p/box4-2p.dat
1 16 -91.25 1.25 -41.5 1.25 0 0 0 0 6.25 0 -2.5 0 p/box4-2p.dat
1 16 -89 -5 -40 -1 0 0 0 12.5 0 0 0 -1.5 p/box3u8p.dat
1 16 -88 -5 -40 1.5 0 0 0 12.5 0 0 0 1.5 p/boxjcyl4.dat
4 16 -90 7.5 -41.5 -92.5 7.5 -41.5 -92.5 7.5 -38.5 -90 7.5 -38.5
1 16 -80 -5 -49 0 0 1.5 0 12.5 0 -1 0 0 p/box3u8p.dat
1 16 -78.5 1.25 -51.25 0 2.5 0 0 0 6.25 1.25 0 0 p/box4-2p.dat
1 16 -82.75 5.75 -51.25 0 0 -1.25 0 1.75 0 -1.25 0 0 p/box3-5a.dat
1 16 -80 4 -60 0 0 1.5 0 3.5 0 -7.5 0 0 p/box3u8p.dat
1 16 -78.5 5.75 -68.75 0 2.5 0 0 0 1.75 1.25 0 0 p/box4-2p.dat
1 16 -81.5 5.75 -68.75 0 -2.5 0 0 0 1.75 -1.25 0 0 p/box4-2p.dat
1 16 -80 4 -73 0 0 -1.5 0 3.5 0 3 0 0 p/box3u5p.dat
4 16 -78.5 7.5 -70 -81.5 7.5 -70 -81.5 7.5 -67.5 -78.5 7.5 -67.5
4 16 -78.5 7.5 -52.5 -81.5 7.5 -52.5 -81.5 7.5 -50 -78.5 7.5 -50
1 16 -80 -5 -48 0 0 1.5 0 12.5 0 1.5 0 0 p/boxjcyl4.dat
4 16 -81.5 -5 -50 -81.5 7.5 -50 -84 7.5 -50 -84 -5 -50
1 16 -80 -5 -40 1 0 0 0 -3.25 0 0 0 1 p/stud4.dat
4 16 -81.5 7.5 -12.5 -81.5 7.5 -10 -78.5 7.5 -10 -78.5 7.5 -12.5
1 16 -78.5 1.25 -28.75 0 2.5 0 0 0 6.25 1.25 0 0 p/box4-2p.dat
4 16 -78.5 7.5 -27.5 -78.5 7.5 -30 -81.5 7.5 -30 -81.5 7.5 -27.5
1 16 -81.5 1.25 -28.75 0 -2.5 0 0 0 6.25 -1.25 0 0 p/box4-2p.dat
1 16 -80 -5 -31 0 0 -1.5 0 12.5 0 1 0 0 p/box3u8p.dat
1 16 -80 -2 -9 0 0 1.5 0 9.5 0 -1 0 0 p/box3u8p.dat
1 16 -78.5 2.75 -11.25 0 2.5 0 0 0 4.75 1.25 0 0 p/box4-2p.dat
1 16 -81.5 2.75 -11.25 0 -2.5 0 0 0 4.75 -1.25 0 0 p/box4-2p.dat
4 16 -81.5 7.5 -12.5 -81.5 7.5 -27.5 -81.5 -2 -24 -81.5 -2 -12.5
4 16 -78.5 7.5 -12.5 -78.5 -2 -12.5 -78.5 -2 -24 -78.5 7.5 -27.5
3 16 -81.5 -2 -24 -81.5 7.5 -27.5 -81.5 -5 -27.5
3 16 -78.5 -5 -27.5 -78.5 7.5 -27.5 -78.5 -2 -24
4 16 -78.5 7.5 -27.5 -81.5 7.5 -27.5 -81.5 7.5 -12.5 -78.5 7.5 -12.5
1 16 -80 -2 -8 0 0 -1.5 0 9.5 0 1.5 0 0 p/boxjcyl4.dat
1 16 -80 -5 -32 0 0 -1.5 0 12.5 0 -1.5 0 0 p/boxjcyl4.dat
1 16 -60 4 -60 1 0 0 0 -1 0 0 0 1 p/stud4a.dat
1 16 -60 4 -60 5.65685 0 5.65685 0 -9 0 -5.65685 0 5.65685 p/5-8cyli.dat
0 BFC INVERTNEXT
1 16 -60 4 -60 4.24264 0 4.24264 0 -9 0 -4.24264 0 4.24264 p/5-8cyli.dat
1 16 -60 -5 -60 0 0 8 0 1 .339 8 0 0 p/1-4edge.dat
1 16 -60 -5 -60 0 0 6 0 1 .215 6 0 0 p/1-4edge.dat
1 16 -60 -5 -60 0 0 -8 0 1 0 8 0 0 p/1-4edge.dat
1 16 -60 -5 -60 0 0 -6 0 1 0 6 0 0 p/1-4edge.dat
1 16 -60 4 -60 4.24264 0 -4.24264 0 1 0 -4.24264 0 -4.24264 p/3-8edge.dat
1 16 -60 4 -60 5.65685 0 -5.65685 0 1 0 -5.65685 0 -5.65685 p/3-8edge.dat
1 16 -60 -5 -40 1 0 0 0 .625 0 0 0 1 p/filletr0s.dat
1 16 -72 -5 -40 -1.5 0 0 0 12.5 0 0 0 1.5 p/boxjcyl4.dat
1 16 -48 -5 -40 1.5 0 0 0 12.5 0 0 0 1.5 p/boxjcyl4.dat
1 16 -60 -3.6 -20 1 0 0 0 -2.9 0 0 0 1 p/stud4a.dat
1 16 -60 -2 -20 6 0 0 0 1 0 0 0 6 p/2-4edge.dat
1 16 -60 -2 -20 8 0 0 0 1 0 0 0 8 p/2-4edge.dat
1 16 -40 -4.5 -49 0 0 1.5 0 12 0 -1 0 0 p/box3u8p.dat
1 16 -38.5 1.5 -51.25 0 2.5 0 0 0 6 1.25 0 0 p/box4-2p.dat
4 16 -41.5 7.5 -52.5 -41.5 7.5 -50 -38.5 7.5 -50 -38.5 7.5 -52.5
1 16 -41.5 1.5 -51.25 0 -2.5 0 0 0 6 -1.25 0 0 p/box4-2p.dat
1 16 -40 -4.5 -60 0 0 1.5 0 12 0 -7.5 0 0 p/box3u8p.dat
1 16 -38.5 1.5 -68.75 0 2.5 0 0 0 6 1.25 0 0 p/box4-2p.dat
4 16 -38.5 7.5 -67.5 -38.5 7.5 -70 -41.5 7.5 -70 -41.5 7.5 -67.5
1 16 -41.5 5.75 -68.75 0 -2.5 0 0 0 1.75 1.25 0 0 p/box4-2p.dat
1 16 -40 4 -73 0 0 -1.5 0 3.5 0 3 0 0 p/box3u5p.dat
1 16 -42.75 -4.065 -51.25 0 0 -1.25 -.004 -1 -.076 -1.25 0 0 p/recte3.dat
1 16 -37.25 -3.731 -51.25 0 0 1.25 .004 -1 .076 1.25 0 0 p/recte3.dat
1 16 -40 -4.5 -48 0 0 1.5 0 12 0 1.5 0 0 p/boxjcyl4.dat
1 16 -40 -5 -40 1 0 0 0 -3.25 0 0 0 1 p/stud4a.dat
1 16 -40 -3.881 -40 6 0 0 .345 1 0 0 0 6 p/4-4edge.dat
1 16 -40 -3.881 -40 8 0 0 .462 1 0 0 0 8 p/4-4edge.dat
1 16 -40 -2 -9 0 0 1.5 0 9.5 0 -1 0 0 p/box3u8p.dat
1 16 -38.5 2.75 -11.25 0 2.5 0 0 0 4.75 1.25 0 0 p/box4-2p.dat
4 16 -41.5 7.5 -12.5 -41.5 7.5 -10 -38.5 7.5 -10 -38.5 7.5 -12.5
1 16 -41.5 2.75 -11.25 0 -2.5 0 0 0 4.75 -1.25 0 0 p/box4-2p.dat
4 16 -38.5 7.5 -27.5 -38.5 7.5 -30 -41.5 7.5 -30 -41.5 7.5 -27.5
1 16 -38.5 1.25 -28.75 0 2.5 0 0 0 6.25 1.25 0 0 p/box4-2p.dat
1 16 -41.5 1.25 -28.75 0 -2.5 0 0 0 6.25 -1.25 0 0 p/box4-2p.dat
1 16 -40 -5 -31 0 0 -1.5 0 12.5 0 1 0 0 p/box3u8p.dat
4 16 -41.5 7.5 -12.5 -41.5 7.5 -27.5 -41.5 -2 -24 -41.5 -2 -12.5
4 16 -38.5 7.5 -12.5 -38.5 -2 -12.5 -38.5 -2 -24 -38.5 7.5 -27.5
3 16 -41.5 -2 -24 -41.5 7.5 -27.5 -41.5 -5 -27.5
3 16 -38.5 -5 -27.5 -38.5 7.5 -27.5 -38.5 -2 -24
4 16 -38.5 7.5 -27.5 -41.5 7.5 -27.5 -41.5 7.5 -12.5 -38.5 7.5 -12.5
1 16 -40 -2 -8 0 0 -1.5 0 9.5 0 1.5 0 0 p/boxjcyl4.dat
1 16 -40 -4.5 -32 0 0 -1.5 0 12 0 -1.5 0 0 p/boxjcyl4.dat
1 16 -20 -3.6 -60 1 0 0 0 -2.9 0 0 0 1 p/stud4a.dat
1 16 -20 -2.75 -60 8 0 0 .475 1 0 0 0 8 p/4-4edge.dat
1 16 -20 -2.75 -60 6 0 0 .35625 1 0 0 0 6 p/4-4edge.dat
1 16 -20 -3.6 -40 1 0 0 0 .555 0 0 0 1 p/filletr0s.dat
1 16 -32 -3.6 -40 -1.5 0 0 0 11.1 0 0 0 1.5 p/boxjcyl4.dat
1 16 -8 -3.6 -40 1.5 0 0 0 11.1 0 0 0 1.5 p/boxjcyl4.dat
1 16 -28.75 -3.2422 -42.75 1.25 0 0 .0703 -1 0 0 0 -1.25 p/recte3.dat
1 16 -28.75 -3.2422 -37.25 -1.25 0 0 -.0703 -1 0 0 0 1.25 p/recte3.dat
1 16 -11.25 -2.2032 -37.25 -1.25 0 0 -.07815 -1 0 0 0 1.25 p/recte3.dat
1 16 -11.25 -2.2032 -42.75 1.25 0 0 .07815 -1 0 0 0 -1.25 p/recte3.dat
1 16 -20 -3.6 -20 1 0 0 0 -2.9 0 0 0 1 p/stud4a.dat
1 16 -20 -2 -20 6 0 0 0 1 0 0 0 6 p/2-4edge.dat
1 16 -20 -2 -20 8 0 0 0 1 0 0 0 8 p/2-4edge.dat
1 16 0 -2 -60 0 0 1 0 .475 0 -1 0 0 p/filletr0s.dat
1 16 0 -2 -48 0 0 -1.5 0 9.5 0 1.5 0 0 p/boxjcyl4.dat
1 16 2.75 -1.2938 -68.75 0 0 1.25 0 -1 .09375 1.25 0 0 p/recte3.dat
1 16 -2.75 -1.6719 -68.75 0 0 -1.25 0 -1 -.0781 -1.25 0 0 p/recte3.dat
1 16 -2.75 -1.6719 -51.25 0 0 -1.25 0 -1 -.0781 -1.25 0 0 p/recte3.dat
1 16 2.75 -1.2938 -51.25 0 0 1.25 0 -1 .09375 1.25 0 0 p/recte3.dat
1 16 0 -2 -74 0 0 1.5 0 9.5 0 2 0 0 p/box3u5p.dat
1 16 0 -3 -40 1 0 0 0 -2.75 0 0 0 1 p/stud4a.dat
1 16 0 -1.5 -40 0 0 -8 0 1 -.5 8 0 0 p/2-4edge.dat
1 16 0 -1.5 -40 0 0 8 0 1 .6 8 0 0 p/2-4edge.dat
1 16 0 -1.5 -40 0 0 -6 0 1 -.375 6 0 0 p/2-4edge.dat
1 16 0 -1.5 -40 0 0 6 0 1 .45 6 0 0 p/2-4edge.dat
1 16 0 -2 -20 0 0 1 0 .475 0 -1 0 0 p/filletr0s.dat
1 16 0 -2 -8 0 0 -1.5 0 9.5 0 1.5 0 0 p/boxjcyl4.dat
1 16 0 -2 -32 0 0 -1.5 0 9.5 0 -1.5 0 0 p/boxjcyl4.dat
1 16 2.75 -1.2938 -28.75 0 0 1.25 0 -1 .09375 1.25 0 0 p/recte3.dat
1 16 -2.75 -1.6719 -28.75 0 0 -1.25 0 -1 -.0781 -1.25 0 0 p/recte3.dat
1 16 -2.75 -1.6719 -11.25 0 0 -1.25 0 -1 -.0781 -1.25 0 0 p/recte3.dat
1 16 2.75 -1.2938 -11.25 0 0 1.25 0 -1 .09375 1.25 0 0 p/recte3.dat
1 16 20 -1 -60 1 0 0 0 -2.25 0 0 0 1 p/stud4a.dat
1 16 20 0 -60 8 0 0 .6 1 0 0 0 8 p/4-4edge.dat
1 16 20 0 -60 6 0 0 .45 1 0 0 0 6 p/4-4edge.dat
1 16 8 -1 -40 -1.5 0 0 0 8.5 0 0 0 1.5 p/boxjcyl4.dat
1 16 20 -1 -40 1 0 0 0 .425 0 0 0 1 p/filletr0s.dat
1 16 11.25 -.6563 -42.75 1.25 0 0 .09375 -1 0 0 0 -1.25 p/recte3.dat
1 16 11.25 -.6563 -37.25 -1.25 0 0 -.09375 -1 0 0 0 1.25 p/recte3.dat
1 16 28.75 .6563 -37.25 -1.25 0 0 -.09375 -1 0 0 0 1.25 p/recte3.dat
1 16 28.75 .6563 -42.75 1.25 0 0 .09375 -1 0 0 0 -1.25 p/recte3.dat
1 16 32 .5 -40 1.5 0 0 0 7 0 0 0 1.5 p/boxjcyl4.dat
1 16 20 -1 -20 1 0 0 0 -2.25 0 0 0 1 p/stud4a.dat
1 16 20 0 -20 8 0 0 .6 1 0 0 0 8 p/4-4edge.dat
1 16 20 0 -20 6 0 0 .45 1 0 0 0 6 p/4-4edge.dat
1 16 11.25 -.6563 -2.75 1.25 0 0 .09375 -1 0 0 0 -1.25 p/recte3.dat
1 16 28.75 .6563 -2.75 1.25 0 0 .09375 -1 0 0 0 -1.25 p/recte3.dat
1 16 40 1 -60 0 0 1 0 .325 0 -1 0 0 p/filletr0s.dat
1 16 40 1 -48 0 0 -1.5 0 6.5 0 1.5 0 0 p/boxjcyl4.dat
1 16 37.25 1.2938 -68.75 0 0 -1.25 0 -1 -.09375 -1.25 0 0 p/recte3.dat
1 16 37.25 1.2938 -51.25 0 0 -1.25 0 -1 -.09375 -1.25 0 0 p/recte3.dat
1 16 42.75 1.672 -51.25 0 0 1.25 0 -1 .07813 1.25 0 0 p/recte3.dat
1 16 42.75 1.672 -68.75 0 0 1.25 0 -1 .07813 1.25 0 0 p/recte3.dat
1 16 40 1 -74 0 0 1.5 0 6.5 0 2 0 0 p/box3u5p.dat
1 16 40 0 -40 1 0 0 0 -2 0 0 0 1 p/stud4a.dat
1 16 40 1.5 -40 0 0 -8 0 1 -.6 8 0 0 p/2-4edge.dat
1 16 40 1.5 -40 0 0 8 0 1 .5 8 0 0 p/2-4edge.dat
1 16 40 1.5 -40 0 0 -6 0 1 -.45 6 0 0 p/2-4edge.dat
1 16 40 1.5 -40 0 0 6 0 1 .375 6 0 0 p/2-4edge.dat
1 16 40 1 -20 0 0 1 0 .325 0 -1 0 0 p/filletr0s.dat
1 16 40 1 -8 0 0 -1.5 0 6.5 0 1.5 0 0 p/boxjcyl4.dat
1 16 37.25 1.2938 -28.75 0 0 -1.25 0 -1 -.09375 -1.25 0 0 p/recte3.dat
1 16 37.25 1.2938 -11.25 0 0 -1.25 0 -1 -.09375 -1.25 0 0 p/recte3.dat
1 16 40 1 -32 0 0 -1.5 0 6.5 0 -1.5 0 0 p/boxjcyl4.dat
1 16 42.75 1.672 -11.25 0 0 1.25 0 -1 .07813 1.25 0 0 p/recte3.dat
1 16 42.75 1.672 -28.75 0 0 1.25 0 -1 .07813 1.25 0 0 p/recte3.dat
1 16 60 1.6 -60 1 0 0 0 -1.6 0 0 0 1 p/stud4a.dat
1 16 60 2.75 -60 8 0 0 .5 1 0 0 0 8 p/4-4edge.dat
1 16 60 2.75 -60 6 0 0 .375 1 0 0 0 6 p/4-4edge.dat
1 16 48 1.5 -40 -1.5 0 0 0 6 0 0 0 1.5 p/boxjcyl4.dat
1 16 60 1.5 -40 1 0 0 0 .3 0 0 0 1 p/filletr0s.dat
1 16 68.75 2.824 -42.75 1.25 0 0 .0576 -1 0 0 0 -1.25 p/recte3.dat
1 16 72 2.5 -40 1.5 0 0 0 5 0 0 0 1.5 p/boxjcyl4.dat
1 16 51.25 2.203 -37.25 -1.25 0 0 -.078 -1 0 0 0 1.25 p/recte3.dat
1 16 68.75 3.297 -37.25 -1.25 0 0 -.078 -1 0 0 0 1.25 p/recte3.dat
1 16 68.75 3.297 -42.75 1.25 0 0 .078 -1 0 0 0 -1.25 p/recte3.dat
1 16 51.25 2.203 -42.75 1.25 0 0 .078 -1 0 0 0 -1.25 p/recte3.dat
1 16 60 1.6 -20 1 0 0 0 -1.6 0 0 0 1 p/stud4a.dat
1 16 60 2.75 -20 8 0 0 .5 1 0 0 0 8 p/4-4edge.dat
1 16 60 2.75 -20 6 0 0 .375 1 0 0 0 6 p/4-4edge.dat
1 16 51.25 2.203 -2.75 1.25 0 0 .078 -1 0 0 0 -1.25 p/recte3.dat
1 16 68.75 3.297 -2.75 1.25 0 0 .078 -1 0 0 0 -1.25 p/recte3.dat
1 16 80 3.5 -60 0 0 1 0 .2 0 -1 0 0 p/filletr0s.dat
1 16 80 3.5 -48 0 0 -1.5 0 4 0 1.5 0 0 p/boxjcyl4.dat
1 16 80 3.5 -74 0 0 1.5 0 4 0 2 0 0 p/box3u5p.dat
1 16 77.25 3.828 -51.25 0 0 -1.25 0 -1 -.078 -1.25 0 0 p/recte3.dat
1 16 82.75 4 -51.25 0 0 1.25 0 -1 0 1.25 0 0 p/recte3.dat
1 16 82.75 4 -68.75 0 0 1.25 0 -1 0 1.25 0 0 p/recte3.dat
1 16 77.25 3.828 -68.75 0 0 -1.25 0 -1 -.078 -1.25 0 0 p/recte3.dat
1 16 80 3.5 -40 1 0 0 0 -1.125 0 0 0 1 p/stud4a.dat
1 16 80 4 -40 0 0 6 0 -1 0 -6 0 0 p/2-4edge.dat
1 16 80 4 -40 0 0 8 0 -1 0 -8 0 0 p/2-4edge.dat
1 16 80 4 -40 0 0 -6 0 -1 -.375 -6 0 0 p/2-4edge.dat
1 16 80 4 -40 0 0 -8 0 -1 -.5 -8 0 0 p/2-4edge.dat
1 16 80 3.5 -20 0 0 1 0 .2 0 -1 0 0 p/filletr0s.dat
1 16 80 3.5 -8 0 0 -1.5 0 4 0 1.5 0 0 p/boxjcyl4.dat
1 16 80 3.5 -32 0 0 -1.5 0 4 0 -1.5 0 0 p/boxjcyl4.dat
1 16 82.75 4 -28.75 0 0 1.25 0 -1 0 1.25 0 0 p/recte3.dat
1 16 77.25 3.828 -28.75 0 0 -1.25 0 -1 -.078 -1.25 0 0 p/recte3.dat
1 16 77.25 3.828 -11.25 0 0 -1.25 0 -1 -.078 -1.25 0 0 p/recte3.dat
1 16 82.75 4 -11.25 0 0 1.25 0 -1 0 1.25 0 0 p/recte3.dat
1 16 100 4 -60 1 0 0 0 -1 0 0 0 1 p/stud4.dat
1 16 100 4 -40 1 0 0 0 .175 0 0 0 1 p/filletr0s.dat
1 16 114 4 -40 -2 0 0 0 3.5 0 0 0 1.5 p/box3u5p.dat
1 16 88 4 -40 -1.5 0 0 0 3.5 0 0 0 1.5 p/boxjcyl4.dat
1 16 100 4 -20 1 0 0 0 -1 0 0 0 1 p/stud4.dat
