0 BFC CERTIFY CCW
3 16 11.11 49.803 -17.34 11.37 48.433 -14.87 11.47 47.94 -13.6
3 16 14.15 50.159 -17.86 11.37 48.433 -14.87 11.11 49.803 -17.34
3 16 11.11 49.803 -17.34 11.47 47.94 -13.6 10.71 51.935 -19.79
3 16 11.47 47.94 -13.6 11.37 48.433 -14.87 17.42 48.192 -14.32
3 16 29.04 50.364 -8.371 29.05 49.321 -8.846 28.89 49.555 -8.846
3 16 25.75 42.85 -3.349 25.97 43.55 -6.898 29.05 42.76 -3.351
3 16 14.15 50.159 -17.86 11.11 49.803 -17.34 13.78 51.935 -19.79
3 16 17.42 48.192 -14.32 11.37 48.433 -14.87 15.35 48.881 -15.85
3 16 13.78 51.935 -19.79 11.11 49.803 -17.34 10.71 51.935 -19.79
3 16 25.97 43.55 -6.898 29.05 43.55 -6.898 29.05 42.76 -3.351
3 16 16.2 47.94 -9 18.4 42.13 -8.99 16.2 47.94 -13.25
3 16 16.2 47.94 -13.25 18.4 42.13 -8.99 18.4 41.08 -9.29
3 16 15.35 48.881 -15.85 11.37 48.433 -14.87 14.15 50.159 -17.86
3 16 29.05 47.896 -9 28.58 47.94 -9 28.89 49.555 -8.846
3 16 15.75 40.05 -7.46 14.69 42.39 -6.768 15.75 39.95 -8.637
3 16 16.01 39.95 4.59 15.75 39.95 6.409 15.81 39.97 -1.376
3 16 7.78 37.63 -7.466 8.93 37.42 -7.668 8.81 37.14 -7.498
3 16 8.52 25.72 -8.461 8.34 25.48 -7.44 9.02 25.58 -8.57
3 16 14.69 42.39 -6.768 12.19 42.72 -7.135 13.28 43.54 -6.784
3 16 23.85 47.94 -13.25 27.33 47.94 -13.25 21.65 39.96 -9.29
3 16 14.69 42.39 -6.768 14.38 43.54 -6.618 12.72 47.94 -13.25
3 16 24.3 39.95 6.409 23.39 39.95 4.564 23.49 39.93 -1.034
3 16 9.62 36.64 -6.879 8.81 37.14 -7.498 8.93 37.42 -7.668
3 16 21.65 39.96 -9.29 27.33 47.94 -13.25 24.3 39.95 -8.637
3 16 15.81 39.97 -1.376 15.25 40.65 -2.704 14.92 40.09 -3.964
3 16 13 32.55 -8.047 22.71 30.21 -6.991 12.89 32.05 -5.812
3 16 15.75 39.95 6.409 14.83 42.29 -1.842 15.81 39.97 -1.376
3 16 16.01 39.95 4.59 16.68 39.95 5.494 15.75 39.95 6.409
3 16 22.13 30.79 -9.029 24.13 39.91 -6.895 24.81 39.79 -4.52
3 16 21.85 39.95 5.871 24.3 39.95 6.409 15.75 39.95 6.409
3 16 8.34 25.48 -7.44 8.88 25.3 -7.549 9.02 25.58 -8.57
3 16 22.89 39.95 5.526 23.39 39.95 4.564 24.3 39.95 6.409
3 16 24.3 39.95 -8.637 24.81 39.79 -4.52 24.13 39.91 -6.895
3 16 24.3 39.95 6.409 23.49 39.93 -1.034 24.24 39.97 -1.884
3 16 21.69 31.36 -3.266 20.38 31.62 -2.491 20.03 29.88 -2.916
3 16 14.32 32.9 -2.979 15.27 30.87 -2.282 15.63 32.62 -1.887
3 16 22.63 48.192 -14.32 28.57 47.94 -13.6 20.02 47.989 -13.75
4 16 29.05 49.555 1.355 29.05 49.321 -8.846 29.04 50.364 -8.371 29.043 50.3634 .9
3 16 28.89 49.555 -8.846 29.05 49.321 -8.846 29.05 47.896 -9
3 16 13.65 56 9.8 11.47 47.94 9.8 13.65 47.94 9.8
3 16 22.12 29.86 -4.852 21.69 31.36 -3.266 20.03 29.88 -2.916
3 16 15.01 40.63 -5.594 14.69 42.39 -6.768 15.75 40.05 -7.46
3 16 20.03 29.88 -2.916 15.63 32.62 -1.887 15.27 30.87 -2.282
3 16 21.68 38.19 -9.203 21.68 39.94 -8.669 24.13 39.91 -6.895
3 16 16.68 39.95 5.494 17.78 39.95 5.552 15.75 39.95 6.409
3 16 18.4 41.08 -9.29 15.75 40.05 -7.46 15.75 39.95 -8.637
3 16 20.03 29.88 -2.916 20.38 31.62 -2.491 15.63 32.62 -1.887
3 16 24.3 39.95 6.409 21.85 39.95 5.871 22.89 39.95 5.526
3 16 27.32 47.94 8.55 24.24 39.97 -1.884 24.81 39.79 -4.52
3 16 27.32 47.94 8.55 24.3 39.95 6.409 24.24 39.97 -1.884
3 16 14.32 32.9 -2.979 13.72 31.45 -3.816 15.27 30.87 -2.282
3 16 6.61 38.53 -5.744 7.02 38.48 -6.873 6.54 37.88 -5.703
3 16 7.89 38.03 -7.573 7.78 37.63 -7.466 6.92 37.91 -6.78
3 16 11.0401 47.925 1.655 11 47.896 -9 11 46.237 1.355
3 16 6.54 37.88 -5.703 6.81 37.54 -4.646 6.61 38.53 -5.744
3 16 7.02 38.48 -6.873 6.92 37.91 -6.78 6.54 37.88 -5.703
3 16 13.36 27.03 -8.57 15.43 32.38 -9.665 14.11 26.3 -10.63
3 16 7.89 38.03 -7.573 8.93 37.42 -7.668 7.78 37.63 -7.466
3 16 20.61 31.51 -10.78 22.13 30.79 -9.029 14.24 32.69 -9.909
3 16 16.48 23.3 -12.4 14.9 24.6 -12.15 17.77 32.05 -10.37
3 16 7.02 38.48 -6.873 7.89 38.03 -7.573 6.92 37.91 -6.78
3 16 11 43.55 -.593 11 44.82 .563 11.18 43.72 -2.681
3 16 8.51 36.8 -3.928 7.53 37.49 -3.924 8.63 36.54 -4.044
3 16 26.4 56 9.8 29.83 54.43 9.8 29.82 56 9.8
3 16 8.63 36.54 -4.044 9.44 36.31 -4.724 8.51 36.8 -3.928
3 16 7.53 37.49 -3.924 7.6 37.03 -4.012 8.63 36.54 -4.044
3 16 28.95 49.854 -17.33 24.7 48.881 -15.85 25.9 50.159 -17.86
3 16 6.81 37.54 -4.646 6.8 38.15 -4.618 6.61 38.53 -5.744
3 16 7.53 37.49 -3.924 6.8 38.15 -4.618 7.6 37.03 -4.012
3 16 6.8 38.15 -4.618 6.81 37.54 -4.646 7.6 37.03 -4.012
3 16 11 44.82 .563 11.01 44.31 -4.362 11.18 43.72 -2.681
3 16 10.84 41.17 -6.472 10.12 41.97 -5.937 10.89 41.28 -6.667
3 16 10.84 41.17 -6.472 10.14 41.79 -5.816 10.12 41.97 -5.937
3 16 25.9 50.159 -17.86 26.27 56 -19.79 26.27 51.935 -19.79
3 16 11.59 40.31 -6.468 10.84 41.17 -6.472 10.89 41.28 -6.667
3 16 20.12 30.17 -4.252 19.91 25.11 -6.505 21.45 30.23 -5.792
3 16 10.14 41.79 -5.816 9.7 42.13 -4.751 10.12 41.97 -5.937
3 16 10.14 41.79 -5.816 9.77 41.93 -4.75 9.7 42.13 -4.751
3 16 14.08 31.71 -5.461 13.98 24.79 -4.993 15.36 31.15 -4.073
3 16 14.08 31.71 -5.461 13.45 26.44 -6.505 13.98 24.79 -4.993
3 16 9.62 36.64 -6.879 9.72 36.52 -7.012 8.84 37.09 -7.717
3 16 20.52 25.55 -8.572 21.45 30.23 -5.792 19.91 25.11 -6.505
3 16 9.87 36.29 -5.807 10.02 36.14 -5.836 9.72 36.52 -7.012
3 16 12.3 39.47 -5.923 12.39 39.03 -4.734 12.1 39.53 -5.804
3 16 20.52 25.55 -8.572 19.38 25.22 -10.63 21.47 30.7 -7.978
3 16 12.39 39.03 -4.734 12.19 39.15 -4.735 12.1 39.53 -5.804
3 16 9.87 36.29 -5.807 9.72 36.52 -7.012 9.62 36.64 -6.879
3 16 11.59 40.31 -6.468 10.89 41.28 -6.667 11.72 40.32 -6.661
3 16 18.78 23.8 -4.993 19.91 25.11 -6.505 20.12 30.17 -4.252
3 16 11.59 40.31 -6.468 11.72 40.32 -6.661 12.3 39.47 -5.923
3 16 12.1 39.53 -5.804 11.59 40.31 -6.468 12.3 39.47 -5.923
3 16 29.05 47.896 -9 29.05 45.51 -8.498 28.58 47.94 -9
3 16 28.57 47.94 -13.6 29.34 51.935 -19.79 29.82 54.43 -19.79
3 16 28.57 47.94 -13.6 28.95 49.854 -17.33 29.34 51.935 -19.79
3 16 17.42 48.192 -14.32 17.77 56 -14.17 20.03 56 -13.75
3 16 20.02 47.989 -13.75 17.42 48.192 -14.32 20.03 56 -13.75
3 16 25.9 50.159 -17.86 26.27 51.935 -19.79 29.34 51.935 -19.79
3 16 28.95 49.854 -17.33 25.9 50.159 -17.86 29.34 51.935 -19.79
3 16 21.65 39.96 -9.29 21.65 42.13 -8.99 23.85 47.94 -13.25
3 16 11.47 47.94 9.8 10.22 54.43 9.8 11.47 47.94 -13.6
3 16 21.65 42.13 -8.99 23.85 47.94 -9 23.85 47.94 -13.25
3 16 17.42 48.192 -14.32 15.35 48.881 -15.85 17.77 56 -14.17
3 16 13.78 51.935 -19.79 13.78 56 -19.79 14.28 56 -17.55
3 16 6.28 37.81 -7.213 6.73 37.95 -6.919 7.69 37.63 -7.681
3 16 15.35 48.881 -15.85 15.68 56 -15.51 17.77 56 -14.17
3 16 25.75 42.85 -3.349 29.05 42.76 -3.351 29.05 44.16 .01
3 16 14.15 50.159 -17.86 14.28 56 -17.55 15.68 56 -15.51
3 16 15.35 48.881 -15.85 14.15 50.159 -17.86 15.68 56 -15.51
3 16 14.15 50.159 -17.86 13.78 51.935 -19.79 14.28 56 -17.55
3 16 25.75 42.85 -3.349 29.05 44.16 .01 26.16 44.16 .01
3 16 6.28 37.81 -7.213 7.69 37.63 -7.681 7.44 37.44 -8.13
3 16 19.99 31.46 -9.904 18.21 23.93 -12.15 17.77 32.05 -10.37
3 16 7.6 37.03 -4.012 8.63 36.41 -3.876 8.63 36.54 -4.044
3 16 7.6 37.03 -4.012 7.49 36.96 -3.84 8.63 36.41 -3.876
3 16 26.27 56 -19.79 29.82 56 -19.79 29.82 54.43 -19.79
3 16 18.21 23.93 -12.15 16.48 23.3 -12.4 17.77 32.05 -10.37
3 16 17.77 32.05 -10.37 14.9 24.6 -12.15 15.43 32.38 -9.665
3 16 13.72 31.45 -3.816 22.12 29.86 -4.852 15.27 30.87 -2.282
3 16 11.17 43.76 -6.085 11.01 44.31 -4.362 11 44.82 -8.218
3 16 11 44.82 -8.218 11 43.55 -6.898 11.17 43.76 -6.085
3 16 22.12 29.86 -4.852 20.03 29.88 -2.916 15.27 30.87 -2.282
3 16 22.28 56 -14.17 22.63 48.192 -14.32 20.02 47.989 -13.75
3 16 20.03 56 -13.75 22.28 56 -14.17 20.02 47.989 -13.75
3 16 10.22 54.43 -19.79 10.22 56 -19.79 13.78 56 -19.79
3 16 18.4 38.27 -10.02 21.65 38.27 -10.02 19.36 38.27 -9.996
3 16 28.68 48.33 -14.66 22.63 48.192 -14.32 24.7 48.881 -15.85
4 16 11 47.896 -9 11.0401 47.925 1.655 11.025 49.555 1.355 11 49.555 -8.846
3 16 11.01 44.31 -4.362 11 44.82 .563 11 44.82 -8.218
3 16 14.92 40.09 -3.964 14.32 32.9 -2.979 15.81 39.97 -1.376
3 16 21.65 38.27 -10.02 21.68 38.19 -9.203 19.36 38.27 -9.996
3 16 24.7 48.881 -15.85 22.63 48.192 -14.32 24.37 56 -15.51
3 16 5.29 25.47 -8.144 6.65 23.71 -7.426 5.54 25.55 -7.133
3 16 7.31 29.84 -6.364 7.69 29.89 -7.319 7.68 31.96 -5.721
3 16 6.44 23.52 -8.443 6.65 23.71 -7.426 5.29 25.47 -8.144
3 16 6.44 23.52 -8.443 7.66 22.9 -7.549 6.65 23.71 -7.426
3 16 6.14 26.04 -9.803 6.93 26.44 -9.818 7.14 24.33 -10.1
3 16 6.84 32.1 -5.116 7.31 29.84 -6.364 7.68 31.96 -5.721
3 16 5.6 29.88 -5.748 6.5 29.83 -5.76 5.86 32.39 -5.118
3 16 6.5 29.83 -5.76 7.31 29.84 -6.364 6.84 32.1 -5.116
3 16 7.68 31.96 -5.721 7.69 29.89 -7.319 8.05 32.02 -6.696
3 16 10.7 20.64 3.692 11.06 21.17 -4.993 11.03 20.82 -5.344
3 16 8.04 23.64 -6.919 8.5 24.56 -6.919 7.18 24.23 -6.801
3 16 7.27 28.23 -6.728 7.6 28.34 -7.719 7.31 29.84 -6.364
3 16 7.18 24.23 -6.801 8.5 24.56 -6.919 7.82 24.91 -6.806
3 16 7.18 24.23 -6.801 7.82 24.91 -6.806 6.19 25.85 -6.513
3 16 7.88 26.83 -8.139 7.63 26.64 -7.138 8.52 25.72 -8.461
3 16 5.66 30.12 -9.024 6.56 30.07 -9.039 5.62 28.22 -9.409
3 16 6.93 26.44 -9.818 7.79 25.01 -10.1 7.14 24.33 -10.1
3 16 7.52 22.62 -8.57 7.66 22.9 -7.549 6.44 23.52 -8.443
3 16 7.31 29.84 -6.364 7.6 28.34 -7.719 7.69 29.89 -7.319
3 16 6.56 30.07 -9.039 6.51 28.31 -9.427 5.62 28.22 -9.409
3 16 4.62 27.98 -7.749 4.92 30.11 -8.386 4.9 28.09 -8.766
3 16 5.2 33.02 -7.703 6.03 32.88 -8.312 4.92 30.11 -8.386
3 16 4.92 30.11 -8.386 6.03 32.88 -8.312 5.66 30.12 -9.024
3 16 5.52 25.66 -9.162 6.14 26.04 -9.803 6.63 23.76 -9.464
3 16 15.99 32.56 1.308 15.66 32.62 -1.887 15.29 30.87 -2.282
3 16 4.84 32.95 -6.717 5.2 33.02 -7.703 4.62 30.04 -7.373
3 16 11.47 47.94 -13.6 17.42 48.192 -14.32 20.02 47.989 -13.75
3 16 24.24 39.97 -1.884 23.49 39.93 -1.034 22.12 29.86 -4.852
3 16 4.92 30.11 -8.386 5.66 30.12 -9.024 4.9 28.09 -8.766
3 16 4.9 28.09 -8.766 5.66 30.12 -9.024 5.62 28.22 -9.409
3 16 6.03 32.88 -8.312 7.01 32.59 -8.311 5.66 30.12 -9.024
3 16 9.29 22.27 -9.585 8.04 23.64 -10.2 9.47 23.12 -10.2
3 16 7.66 22.9 -9.585 8.04 23.64 -10.2 9.29 22.27 -9.585
3 16 5.86 32.39 -5.118 6.5 29.83 -5.76 6.84 32.1 -5.116
3 16 10.7 20.64 3.692 11.16 21.97 -4.777 11.06 21.17 -4.993
3 16 4.62 30.04 -7.373 4.92 30.11 -8.386 4.62 27.98 -7.749
3 16 4.92 30.11 -8.386 4.62 30.04 -7.373 5.2 33.02 -7.703
3 16 6.63 23.76 -9.464 6.14 26.04 -9.803 7.14 24.33 -10.1
3 16 6.63 23.76 -9.464 7.14 24.33 -10.1 7.66 22.9 -9.585
3 16 7.66 22.9 -9.585 7.14 24.33 -10.1 8.04 23.64 -10.2
3 16 9.33 17.43 4.305 10.77 20.15 -6.052 10.55 19.73 -6.505
3 16 6.93 26.44 -9.818 7.62 26.77 -9.24 7.79 25.01 -10.1
3 16 8.88 25.3 -9.555 8.5 24.56 -10.18 8.31 25.54 -9.478
3 16 8.31 25.54 -9.478 7.79 25.01 -10.1 7.62 26.77 -9.24
3 16 7.82 24.91 -6.806 8.88 25.3 -7.549 8.34 25.48 -7.44
3 16 6.56 30.07 -9.039 7.38 30 -8.503 6.51 28.31 -9.427
3 16 8.5 24.56 -10.18 8.88 25.3 -9.555 9.69 24.17 -10.18
3 16 7.63 26.64 -7.138 6.97 26.26 -6.525 8.34 25.48 -7.44
3 16 7.82 24.91 -6.806 8.34 25.48 -7.44 6.97 26.26 -6.525
3 16 7.79 25.01 -10.1 8.31 25.54 -9.478 8.5 24.56 -10.18
3 16 9.69 24.17 -10.18 8.88 25.3 -9.555 9.86 25.02 -9.555
3 16 8.5 24.56 -6.919 9.86 25.02 -7.549 8.88 25.3 -7.549
3 16 7.88 26.83 -8.139 8.52 25.72 -8.461 8.31 25.54 -9.478
3 16 7.38 30 -8.503 7.69 29.89 -7.319 7.32 28.38 -8.892
3 16 7.69 29.89 -7.319 7.6 28.34 -7.719 7.32 28.38 -8.892
3 16 9.69 24.17 -6.919 9.86 25.02 -7.549 8.5 24.56 -6.919
3 16 8.88 25.3 -9.555 9.02 25.58 -8.57 9.86 25.02 -9.555
3 16 7.32 28.38 -8.892 6.51 28.31 -9.427 7.38 30 -8.503
3 16 8.5 24.56 -6.919 8.88 25.3 -7.549 7.82 24.91 -6.806
3 16 7.62 26.77 -9.24 7.88 26.83 -8.139 8.31 25.54 -9.478
3 16 9.02 25.58 -8.57 9.93 25.35 -8.57 9.86 25.02 -9.555
3 16 4.88 29.96 -6.366 5.61 28.01 -6.121 5.6 29.88 -5.748
3 16 8.34 25.48 -7.44 8.52 25.72 -8.461 7.63 26.64 -7.138
3 16 20.02 37.13 -5.143 25.15 50.68 -5.617 14.9 50.68 -5.617
3 16 5.6 29.88 -5.748 6.49 28.1 -6.134 6.5 29.83 -5.76
3 16 9.29 22.27 -7.549 9.47 23.12 -6.919 7.66 22.9 -7.549
3 16 16.17 18.02 -5.546 15.11 15.16 -5.003 13.42 18.6 -5.547
3 16 6.19 25.85 -6.513 7.82 24.91 -6.806 6.97 26.26 -6.525
3 16 11.36 2.16 6.928 8.54 3.75 6.753 9.28 2.19 7
3 16 20.02 37.13 1.29 14.9 50.68 4.366 25.15 50.68 4.366
3 16 5.61 28.01 -6.121 6.49 28.1 -6.134 5.6 29.88 -5.748
3 16 5.61 28.01 -6.121 6.97 26.26 -6.525 6.49 28.1 -6.134
3 16 5.54 25.55 -7.133 7.18 24.23 -6.801 6.19 25.85 -6.513
3 16 6.65 23.71 -7.426 7.18 24.23 -6.801 5.54 25.55 -7.133
3 16 6.5 29.83 -5.76 7.27 28.23 -6.728 7.31 29.84 -6.364
3 16 6.49 28.1 -6.134 7.27 28.23 -6.728 6.5 29.83 -5.76
3 16 4.89 27.96 -6.74 5.61 28.01 -6.121 4.88 29.96 -6.366
3 16 7.66 22.9 -7.549 9.47 23.12 -6.919 8.04 23.64 -6.919
3 16 8.88 25.3 -7.549 9.93 25.35 -8.57 9.02 25.58 -8.57
3 16 9.86 25.02 -7.549 9.93 25.35 -8.57 8.88 25.3 -7.549
3 16 6.65 23.71 -7.426 8.04 23.64 -6.919 7.18 24.23 -6.801
3 16 7.66 22.9 -7.549 8.04 23.64 -6.919 6.65 23.71 -7.426
3 16 21.69 31.36 -3.266 22.12 29.86 -4.852 23.49 39.93 -1.034
3 16 20.61 31.51 -10.78 21.68 38.19 -9.203 24.13 39.91 -6.895
3 16 21.98 25.25 -8.57 21.56 23.22 -4.993 21.86 24.71 -10.63
3 16 24.81 39.79 -4.52 22.71 30.21 -6.991 22.13 30.79 -9.029
3 16 6.19 25.85 -6.513 6.97 26.26 -6.525 5.61 28.01 -6.121
3 16 29.05 42.76 -3.351 29.05 43.55 -6.898 29.05 44.16 .01
3 16 25.11 50.68 -13.81 26.06 50.68 -14.77 25.11 56 -13.81
3 16 21.68 38.19 -9.203 20.61 31.51 -10.78 18.51 32.1 -11.36
3 16 21.68 38.19 -9.203 18.51 32.1 -11.36 19.36 38.27 -9.996
3 16 24.13 39.91 -6.895 22.13 30.79 -9.029 20.61 31.51 -10.78
3 16 5.54 25.55 -7.133 6.19 25.85 -6.513 4.89 27.96 -6.74
3 16 19.36 38.27 -9.996 18.51 32.1 -11.36 18.4 38.27 -10.02
3 16 21.86 24.71 -6.505 21.56 23.22 -4.993 21.98 25.25 -8.57
3 16 16.21 32.55 -11.16 18.4 41.08 -9.29 18.4 38.27 -10.02
3 16 12.72 47.94 8.55 14.83 42.29 -1.842 15.75 39.95 6.409
3 16 7.63 26.64 -7.138 7.88 26.83 -8.139 7.27 28.23 -6.728
3 16 24.81 39.79 -4.52 27.33 47.94 -13.25 27.32 47.94 8.55
3 16 6.49 28.1 -6.134 7.63 26.64 -7.138 7.27 28.23 -6.728
3 16 6.97 26.26 -6.525 7.63 26.64 -7.138 6.49 28.1 -6.134
3 16 7.27 28.23 -6.728 7.88 26.83 -8.139 7.6 28.34 -7.719
3 16 18.51 32.1 -11.36 16.21 32.55 -11.16 18.4 38.27 -10.02
3 16 14.24 32.69 -9.909 18.4 41.08 -9.29 16.21 32.55 -11.16
3 16 28.68 48.33 -14.66 28.95 49.854 -17.33 28.57 47.94 -13.6
3 16 5.62 28.22 -9.409 6.51 28.31 -9.427 6.14 26.04 -9.803
3 16 28.68 48.33 -14.66 28.57 47.94 -13.6 22.63 48.192 -14.32
3 16 20.02 47.989 -13.75 28.57 47.94 -13.6 11.47 47.94 -13.6
3 16 5.52 25.66 -9.162 5.62 28.22 -9.409 6.14 26.04 -9.803
3 16 15.25 40.65 -2.704 15.81 39.97 -1.376 14.83 42.29 -1.842
3 16 9.02 25.58 -8.57 8.88 25.3 -9.555 8.52 25.72 -8.461
3 16 24.81 39.79 -4.52 24.3 39.95 -8.637 27.33 47.94 -13.25
3 16 6.93 26.44 -9.818 6.14 26.04 -9.803 6.51 28.31 -9.427
3 16 8.31 25.54 -9.478 8.52 25.72 -8.461 8.88 25.3 -9.555
3 16 25.11 56 -13.81 26.06 50.68 -14.77 26.82 56 -15.79
3 16 13 32.55 -8.047 15.01 40.63 -5.594 15.75 40.05 -7.46
3 16 15.75 40.05 -7.46 14.24 32.69 -9.909 13 32.55 -8.047
3 16 4.89 27.96 -6.74 6.19 25.85 -6.513 5.61 28.01 -6.121
3 16 14.24 32.69 -9.909 15.75 40.05 -7.46 18.4 41.08 -9.29
3 16 15.01 40.63 -5.594 13 32.55 -8.047 12.89 32.05 -5.812
3 16 4.9 28.09 -8.766 5.62 28.22 -9.409 5.52 25.66 -9.162
3 16 5.29 25.47 -8.144 4.9 28.09 -8.766 5.52 25.66 -9.162
3 16 15.01 40.63 -5.594 12.89 32.05 -5.812 14.92 40.09 -3.964
3 16 4.62 27.98 -7.749 4.9 28.09 -8.766 5.29 25.47 -8.144
3 16 11.59 40.31 -6.468 12.1 39.53 -5.804 11.44 40.28 -6.756
3 16 12.19 39.15 -4.735 12.14 39.12 -5.065 12.01 39.52 -6.123
3 16 6.56 30.07 -9.039 5.66 30.12 -9.024 7.01 32.59 -8.311
3 16 10.84 41.17 -6.472 11.59 40.31 -6.468 10.64 41.09 -6.724
3 16 12.1 39.53 -5.804 12.01 39.52 -6.123 11.44 40.28 -6.756
3 16 13.99 50.68 -14.77 14.94 56 -13.81 13.22 56 -15.79
3 16 12.19 39.15 -4.735 11.81 39.29 -3.668 12.14 39.12 -5.065
3 16 11.81 39.29 -3.668 11.77 39.21 -3.988 12.14 39.12 -5.065
3 16 14.94 50.68 -13.81 14.94 56 -13.81 13.99 50.68 -14.77
3 16 12.1 39.53 -5.804 12.19 39.15 -4.735 12.01 39.52 -6.123
3 16 9.56 41.75 -4.962 9.69 41.35 -3.905 9.77 41.93 -4.75
3 16 18.4 41.08 -9.29 18.4 47.94 -13.5 18.4 38.27 -10.02
3 16 9.69 41.35 -3.905 9.85 41.54 -3.681 9.77 41.93 -4.75
3 16 10.61 44 -4.401 11.01 44.31 -4.362 11.17 43.76 -6.085
3 16 28.68 48.33 -14.66 24.7 48.881 -15.85 28.95 49.854 -17.33
3 16 10.64 41.09 -6.724 9.92 41.66 -6.039 10.84 41.17 -6.472
3 16 11.59 40.31 -6.468 11.44 40.28 -6.756 10.64 41.09 -6.724
3 16 9.92 41.66 -6.039 10.14 41.79 -5.816 10.84 41.17 -6.472
3 16 9.56 41.75 -4.962 9.77 41.93 -4.75 10.14 41.79 -5.816
3 16 9.92 41.66 -6.039 9.56 41.75 -4.962 10.14 41.79 -5.816
3 16 11.11 39.91 -3.012 11.06 39.77 -3.303 11.77 39.21 -3.988
3 16 11.32 43.02 -2.071 11.18 43.72 -2.681 10.71 43.37 -2.726
3 16 11.44 42.1 -1.699 11.32 43.02 -2.071 10.71 43.37 -2.726
3 16 15.75 39.95 -8.637 14.69 42.39 -6.768 12.72 47.94 -13.25
3 16 13.54 39.64 -2.762 14.11 39.39 -4.446 15.25 40.65 -2.704
3 16 6.51 28.31 -9.427 7.32 28.38 -8.892 6.93 26.44 -9.818
3 16 7.88 26.83 -8.139 7.62 26.77 -9.24 7.6 28.34 -7.719
3 16 7.6 28.34 -7.719 7.62 26.77 -9.24 7.32 28.38 -8.892
3 16 13.25 43.29 -1.418 11.32 43.02 -2.071 11.44 42.1 -1.699
3 16 7.32 28.38 -8.892 7.62 26.77 -9.24 6.93 26.44 -9.818
3 16 11.06 39.77 -3.303 11.11 39.91 -3.012 10.36 40.77 -3.017
3 16 10.26 40.59 -3.271 11.06 39.77 -3.303 10.36 40.77 -3.017
3 16 29.0501 47.884 1.605 29.05 49.555 1.355 28.5801 47.94 1.605
3 16 21.65 47.94 -9 21.65 42.13 -8.99 21.65 47.94 -13.5
3 16 11.81 39.29 -3.668 11.11 39.91 -3.012 11.77 39.21 -3.988
3 16 14.11 39.39 -4.446 14.92 40.09 -3.964 15.25 40.65 -2.704
3 16 7.01 32.59 -8.311 7.79 32.27 -7.711 6.56 30.07 -9.039
3 16 9.69 41.35 -3.905 10.26 40.59 -3.271 9.85 41.54 -3.681
3 16 10.26 40.59 -3.271 10.36 40.77 -3.017 9.85 41.54 -3.681
3 16 7.38 30 -8.503 6.56 30.07 -9.039 7.79 32.27 -7.711
3 16 23.85 47.94 7.05 16.2 47.94 8.55 16.2 47.94 7.05
3 16 8.51 36.8 -3.928 9.44 36.31 -4.724 9.7 36.36 -4.342
3 16 14.42 32.88 2.618 14.9 32.78 3.602 16.01 39.95 4.59
3 16 9.88 19.36 -8.57 9.99 19.84 -10.63 20.42 17.7 -10.63
3 16 9.88 19.36 -8.57 20.42 17.7 -10.63 20.31 17.16 -8.57
3 16 9.7 36.36 -4.342 9.44 36.31 -4.724 9.87 36.29 -5.807
3 16 25.15 50.68 -5.617 22.67 50.68 -12.47 20.02 50.68 -12.05
3 16 8.51 36.8 -3.928 9.7 36.36 -4.342 8.67 36.97 -3.507
3 16 8.51 36.8 -3.928 7.53 37.87 -3.513 7.53 37.49 -3.924
3 16 7.53 37.87 -3.513 6.7 38.71 -4.357 7.53 37.49 -3.924
3 16 6.8 38.15 -4.618 6.5 39.17 -5.718 6.61 38.53 -5.744
3 16 6.7 38.71 -4.357 6.5 39.17 -5.718 6.8 38.15 -4.618
1 16 22.3038 20.9592 -8.57 .46838 -1.15602 0 2.2518 .24045 0 0 0 2.3 4-4cylc.dat
1 16 9.5742 23.6412 -8.57 -.44871 1.13866 0 -2.25581 -.22649 0 0 0 2.3 4-4cylc.dat
3 16 8.67 36.97 -3.507 7.53 37.87 -3.513 8.51 36.8 -3.928
3 16 7.53 37.49 -3.924 6.7 38.71 -4.357 6.8 38.15 -4.618
3 16 17.87 13.66 4.641 17.85 13.61 -7.825 19.01 16.77 4.051
3 16 19.81 19.37 -4.993 19.01 16.77 4.051 19.37 17.92 -6.505
3 16 16.68 39.95 5.494 15.88 32.58 3.997 17.78 39.95 5.552
3 16 26.05 50.68 6.3 25.15 50.68 -5.617 25.15 50.68 4.366
3 16 6.05 33.33 -8.335 5.13 33.51 -7.679 5.02 33.65 -7.8
3 16 14.9 32.78 3.602 15.88 32.58 3.997 16.68 39.95 5.494
3 16 9.7 36.36 -4.342 9.87 36.29 -5.807 10.2 36.28 -5.699
3 16 10.25 45.43 -2.321 10.25 46.471 -1.278 10.25 46.471 -6.214
3 16 6.04 33.46 -8.529 6.05 33.33 -8.335 5.02 33.65 -7.8
3 16 12.52 40.67 -1.713 12.74 39.23 -3.083 13.54 39.64 -2.762
3 16 12.52 40.67 -1.713 11.74 40.12 -2.143 12.74 39.23 -3.083
3 16 15.81 39.97 -1.376 14.42 32.88 2.618 16.01 39.95 4.59
3 16 20.03 20.45 3.383 11.25 22.29 3.383 10.7 20.64 3.692
3 16 11.16 21.97 -4.777 10.7 20.64 3.692 11.25 22.29 3.383
3 16 10.71 43.37 -2.726 9.93 42.46 -3.101 10.67 41.36 -2.15
3 16 7.14 32.98 -8.33 8.18 32.63 -7.786 7.98 32.59 -7.667
3 16 11.44 42.1 -1.699 10.67 41.36 -2.15 11.74 40.12 -2.143
3 16 16.77 49.722 9.8 20.02 46.469 9.8 17.21 51.348 9.8
3 16 11.74 40.12 -2.143 12.52 40.67 -1.713 11.44 42.1 -1.699
3 16 7.01 39.08 -7.075 8.03 38.47 -7.91 7.02 38.48 -6.873
3 16 7.89 38.03 -7.573 9.17 37.58 -7.904 8.93 37.42 -7.668
3 16 7.02 38.48 -6.873 8.03 38.47 -7.91 7.89 38.03 -7.573
3 16 6.61 38.53 -5.744 6.5 39.17 -5.718 7.02 38.48 -6.873
3 16 6.5 39.17 -5.718 7.01 39.08 -7.075 7.02 38.48 -6.873
3 16 15.88 32.58 3.997 16.89 32.37 3.548 17.78 39.95 5.552
3 16 9.17 37.58 -7.904 10 36.74 -7.059 8.93 37.42 -7.668
3 16 7.14 32.98 -8.33 6.05 33.33 -8.335 6.04 33.46 -8.529
3 16 10 36.74 -7.059 9.62 36.64 -6.879 8.93 37.42 -7.668
3 16 7.89 38.03 -7.573 8.03 38.47 -7.91 9.17 37.58 -7.904
3 16 7.24 33.07 -8.524 7.14 32.98 -8.33 6.04 33.46 -8.529
3 16 10.13 40.57 -3.099 9.69 41.35 -3.905 9.49 41.41 -3.803
3 16 10.26 40.59 -3.271 9.69 41.35 -3.905 10.13 40.57 -3.099
3 16 14.9 50.68 -5.617 17.38 50.68 -12.47 14.94 50.68 -13.81
3 16 11 47.896 -9 11 46.237 -8.846 11 46.237 1.355
3 16 17.21 47.94 9.059 18.4 46.905 9.8 17.21 48.095 9.8
3 16 13.97 12.41 -7.472 14.91 14.84 4.548 15.17 15.27 -8.024
3 16 16.01 39.95 4.59 14.9 32.78 3.602 16.68 39.95 5.494
3 16 17.21 47.94 9.059 16.77 49.722 9.8 16.77 49.722 9.059
3 16 15.17 15.27 -8.024 14.91 14.84 4.548 16.03 17.99 3.952
3 16 17.21 48.095 9.8 16.77 49.722 9.8 17.21 47.94 9.059
3 16 5.01 33.14 -5.543 4.88 33.25 -5.424 4.74 33.43 -6.613
3 16 15.17 15.27 -8.024 16.03 17.99 3.952 16.22 18.02 -8.57
3 16 15.04 15.06 -2.023 16.13 18.01 -2.582 13.43 18.59 -2.58
3 16 12.22 38.93 -5.095 11.81 39.03 -3.897 12.25 38.38 -5.17
3 16 5.85 32.75 -4.879 5.81 32.81 -4.686 5.01 33.14 -5.543
3 16 21.65 46.905 9.8 22.84 47.94 9.059 22.84 48.095 9.8
3 16 12.25 38.38 -5.17 11.81 39.03 -3.897 11.77 38.51 -3.73
3 16 11.81 39.03 -3.897 11.02 39.66 -3.134 10.81 39.26 -2.814
3 16 11.77 38.51 -3.73 11.81 39.03 -3.897 10.81 39.26 -2.814
3 16 5.81 32.81 -4.686 4.88 33.25 -5.424 5.01 33.14 -5.543
3 16 12.22 38.93 -5.095 12.25 38.38 -5.17 12.07 39.38 -6.271
3 16 12.07 39.38 -6.271 12.08 38.93 -6.584 11.44 40.22 -6.975
3 16 12.08 38.93 -6.584 11.31 39.94 -7.431 11.44 40.22 -6.975
3 16 19.12 31.9 3.548 20.14 31.69 3.997 21.16 39.95 5.572
3 16 12.25 38.38 -5.17 12.08 38.93 -6.584 12.07 39.38 -6.271
3 16 12.46 9.51 -3.908 10.68 6.6 -3.329 9.06 12.03 -4.227
3 16 10.71 6.69 -.421 12.43 9.5 -.732 9.05 12 -1.297
3 16 23.28 49.722 9.059 22.84 48.095 9.8 22.84 47.94 9.059
3 16 9.56 41.75 -4.962 9.49 41.41 -3.803 9.69 41.35 -3.905
3 16 9.35 41.86 -4.979 9.49 41.41 -3.803 9.56 41.75 -4.962
4 16 11.025 49.555 1.355 11.0401 47.925 1.655 11.4701 47.94 1.655 11.159 49.5548 1.355
3 16 9.92 41.66 -6.039 9.75 41.75 -6.177 9.35 41.86 -4.979
3 16 9.92 41.66 -6.039 9.35 41.86 -4.979 9.56 41.75 -4.962
3 16 9.88 19.36 -8.57 9.99 19.84 -6.505 10.29 21.33 -4.993
3 16 20.01 20.04 -4.805 20.03 20.45 3.383 19.81 19.37 -4.993
3 16 19.01 16.77 4.051 19.81 19.37 -4.993 20.03 20.45 3.383
3 16 20.42 17.7 -6.505 9.99 19.84 -6.505 9.88 19.36 -8.57
3 16 22.84 48.095 9.8 23.28 49.722 9.059 23.28 49.722 9.8
3 16 16.03 17.99 3.952 19.01 16.77 4.051 20.03 20.45 3.383
3 16 14.91 14.84 4.548 13.97 12.41 -7.472 13.9 12.55 4.987
3 16 9.88 19.36 -8.57 20.31 17.16 -8.57 20.42 17.7 -6.505
3 16 4.57 33.57 -6.613 4.74 33.43 -6.613 4.88 33.25 -5.424
3 16 11.44 40.22 -6.975 10.64 41.09 -6.724 11.44 40.28 -6.756
3 16 10.64 41.09 -6.724 10.55 41.13 -6.94 9.92 41.66 -6.039
3 16 10.25 47.896 -6.596 10.25 47.896 -.896 10.25 49.321 -6.214
3 16 10.29 21.33 -4.993 9.99 19.84 -10.63 9.88 19.36 -8.57
3 16 9.92 41.66 -6.039 10.55 41.13 -6.94 9.75 41.75 -6.177
3 16 10.55 41.13 -6.94 10.64 41.09 -6.724 11.44 40.22 -6.975
3 16 20.14 31.69 3.997 21.85 39.95 5.871 21.16 39.95 5.572
3 16 14.36 43.54 -6.618 13.28 43.54 -6.784 13.88 44.82 -8.218
3 16 4.74 33.43 -6.613 5.09 32.71 -5.73 5.01 33.14 -5.543
3 16 23.85 47.94 -13.25 16.2 47.94 -13.25 28.57 47.94 -13.6
3 16 22.67 50.68 -12.47 25.15 50.68 -5.617 25.11 50.68 -13.81
3 16 11.18 43.72 -2.681 10.61 44 -4.401 10.71 43.37 -2.726
3 16 11.16 49.555 -8.846 11 49.555 -8.846 11 50.364 -8.371
3 16 18.03 32.13 2.559 16.92 20.97 -.199 19.18 31.89 2.246
3 16 14.38 43.54 -6.618 14.69 42.39 -6.768 13.28 43.54 -6.784
3 16 4.74 33.43 -6.613 4.84 32.95 -6.717 5.09 32.71 -5.73
3 16 24.7 48.881 -15.85 25.77 56 -17.55 25.9 50.159 -17.86
3 16 11 43.55 -.593 11.18 43.72 -2.681 11.32 43.02 -2.071
3 16 12.19 42.72 -7.135 11.17 43.76 -6.085 13.28 43.54 -6.784
3 16 25.77 56 -17.55 24.7 48.881 -15.85 24.37 56 -15.51
3 16 13.27 41.29 -7.149 12.19 42.72 -7.135 14.69 42.39 -6.768
4 16 9.03 11.93 5.292 6.87 14.36 4.927 4.46 12.33 5.4 5.86 9.4 5.855
3 16 29.8 45.43 -5.171 29.8 45.43 -2.321 29.8 45.05 -3.746
3 16 5.2 33.02 -7.703 6.05 33.33 -8.335 6.03 32.88 -8.312
3 16 14.83 42.29 -1.842 13.25 43.29 -1.418 12.52 40.67 -1.713
3 16 14 50.68 6.3 14.9 50.68 4.366 14.9 50.68 -5.617
3 16 15.25 40.65 -2.704 12.52 40.67 -1.713 13.54 39.64 -2.762
3 16 12.52 40.67 -1.713 15.25 40.65 -2.704 14.83 42.29 -1.842
3 16 11.81 39.29 -3.668 11.97 39.19 -3.548 11.19 39.89 -2.818
3 16 29.8 47.896 -.896 29.8 47.896 -6.596 29.8 49.321 -1.278
3 16 11.18 43.72 -2.681 11.01 44.31 -4.362 10.61 44 -4.401
3 16 7.85 32.23 -5.531 7.68 31.96 -5.721 8.05 32.02 -6.696
3 16 13.25 43.29 -1.418 11.44 42.1 -1.699 12.52 40.67 -1.713
3 16 5.2 33.02 -7.703 5.13 33.51 -7.679 6.05 33.33 -8.335
3 16 11.11 39.91 -3.012 11.81 39.29 -3.668 11.19 39.89 -2.818
3 16 5.85 32.75 -4.879 5.86 32.39 -5.118 6.84 32.1 -5.116
3 16 5.01 33.14 -5.543 5.86 32.39 -5.118 5.85 32.75 -4.879
3 16 14.9 24.6 -12.15 14.11 26.3 -10.63 15.43 32.38 -9.665
3 16 15.99 32.56 1.308 13.7 21.61 -1.176 16.89 32.37 2.246
3 16 16.89 32.37 2.246 14.6 21.46 -.125 18.03 32.13 2.559
3 16 14.08 32.26 -7.773 13.36 27.03 -8.57 13.45 26.44 -6.505
3 16 7.69 37.63 -7.681 6.92 37.91 -6.78 7.78 37.63 -7.466
3 16 11.17 43.76 -6.085 11 43.55 -6.898 13.28 43.54 -6.784
3 16 22.63 48.192 -14.32 22.28 56 -14.17 24.37 56 -15.51
3 16 13.7 21.61 -1.176 14.6 21.46 -.125 16.89 32.37 2.246
3 16 8.84 37.09 -7.717 7.78 37.63 -7.466 8.81 37.14 -7.498
3 16 11.97 39.19 -3.548 11.81 39.29 -3.668 12.19 39.15 -4.735
3 16 12.39 39.03 -4.734 11.97 39.19 -3.548 12.19 39.15 -4.735
3 16 14.6 21.46 -.125 15.75 21.23 .085 18.03 32.13 2.559
3 16 7.69 37.63 -7.681 7.78 37.63 -7.466 8.84 37.09 -7.717
3 16 12.39 39.03 -4.734 12.3 39.47 -5.923 13.28 39.03 -4.612
3 16 12.3 39.47 -5.923 13.16 39.58 -6.145 13.28 39.03 -4.612
3 16 13.36 27.03 -8.57 14.08 32.26 -7.773 15.43 32.38 -9.665
3 16 20.52 25.55 -8.572 21.47 30.7 -7.978 21.45 30.23 -5.792
3 16 5.85 32.75 -4.879 6.84 32.1 -5.116 6.93 32.4 -4.875
3 16 6.92 37.91 -6.78 6.73 37.95 -6.919 6.31 37.91 -5.721
3 16 6.92 37.91 -6.78 6.31 37.91 -5.721 6.54 37.88 -5.703
3 16 8.25 32.3 -6.597 7.79 32.27 -7.711 7.98 32.59 -7.667
3 16 5.01 33.14 -5.543 5.09 32.71 -5.73 5.86 32.39 -5.118
3 16 18.78 23.8 -4.993 20.12 30.17 -4.252 20.06 29.88 -2.916
3 16 13.45 26.44 -6.505 14.08 31.71 -5.461 14.08 32.26 -7.773
3 16 23.85 47.94 -13.25 28.57 47.94 -13.6 27.33 47.94 -13.25
3 16 6.73 37.95 -6.919 6.92 37.91 -6.78 7.69 37.63 -7.681
3 16 15.06 47.94 9.05 12.72 47.94 8.55 16.2 47.94 8.55
3 16 20.06 29.88 -2.916 20.4 31.62 -2.491 20.07 31.7 1.308
3 16 13.55 22.77 -4.44 13.27 21.51 -4.777 13.7 21.61 -1.176
3 16 17.79 20.74 -1.159 18.08 20.46 -4.791 18.33 21.78 -4.44
3 16 18.03 32.13 2.559 15.75 21.23 .085 16.92 20.97 -.199
3 16 16.89 32.37 3.548 18.83 39.95 5.104 17.78 39.95 5.552
3 16 12.19 42.72 -7.135 13.27 41.29 -7.149 11.35 41.92 -7.103
3 16 11 46.237 -8.846 11 47.896 -9 11.47 47.94 -9
3 16 15.63 32.62 -1.887 20.38 31.62 -2.491 18.01 32.13 3.233
3 16 20.02 46.469 9.8 21.65 52.538 9.8 20.02 52.974 9.8
3 16 12.19 42.72 -7.135 10.35 42.81 -6.162 11.17 43.76 -6.085
3 16 8.84 37.09 -7.717 8.81 37.14 -7.498 9.62 36.64 -6.879
3 16 13.25 43.29 -1.418 14.35 43.55 -.593 11 43.55 -.593
3 16 19.12 31.9 3.548 20.05 39.95 5.093 18.01 32.13 3.233
3 16 13.27 41.29 -7.149 12.42 40.69 -7.096 11.35 41.92 -7.103
3 16 13.25 43.29 -1.418 14.83 42.29 -1.842 14.35 43.55 -.593
3 16 18.01 32.13 3.233 18.83 39.95 5.104 16.89 32.37 3.548
3 16 8.18 32.63 -7.786 7.14 32.98 -8.33 7.24 33.07 -8.524
3 16 10.35 42.81 -6.162 9.81 43.02 -4.634 11.17 43.76 -6.085
3 16 10.71 43.37 -2.726 10.67 41.36 -2.15 11.44 42.1 -1.699
3 16 14.42 32.88 2.618 15.81 39.97 -1.376 14.32 32.9 -2.979
3 16 18.01 32.13 3.233 20.05 39.95 5.093 18.83 39.95 5.104
3 16 11.35 41.92 -7.103 10.35 42.81 -6.162 12.19 42.72 -7.135
3 16 7.85 32.23 -5.531 8.05 32.02 -6.696 8.25 32.3 -6.597
3 16 9.81 43.02 -4.634 10.61 44 -4.401 11.17 43.76 -6.085
3 16 19.12 31.9 3.548 21.16 39.95 5.572 20.05 39.95 5.093
3 16 13.25 43.29 -1.418 11 43.55 -.593 11.32 43.02 -2.071
3 16 14.69 42.39 -6.768 14 40.02 -6.122 13.27 41.29 -7.149
3 16 11 44.82 -8.218 13.88 44.82 -8.218 13.28 43.54 -6.784
3 16 14.11 39.39 -4.446 15.01 40.63 -5.594 14.92 40.09 -3.964
3 16 8.25 32.3 -6.597 8.05 32.02 -6.696 7.79 32.27 -7.711
3 16 14 40.02 -6.122 14.69 42.39 -6.768 15.01 40.63 -5.594
3 16 10.73 37.1 -7.185 11.85 38.32 -6.903 10.96 36.55 -5.575
3 16 10.96 36.55 -5.575 11.85 38.32 -6.903 12.05 37.69 -5.284
3 16 14.42 32.88 2.618 14.32 32.9 -2.979 15.63 32.62 -1.887
3 16 25.9 50.159 -17.86 25.77 56 -17.55 26.27 56 -19.79
3 16 15.01 40.63 -5.594 14.11 39.39 -4.446 14 40.02 -6.122
3 16 21.69 31.36 -3.266 21.6 31.38 2.618 20.38 31.62 -2.491
3 16 11 44.82 -8.218 13.28 43.54 -6.784 11 43.55 -6.898
3 16 6.93 32.4 -4.875 7.68 31.96 -5.721 7.85 32.23 -5.531
3 16 12.7201 47.94 1.666 11.4701 47.94 1.655 13.36 46.237 1.355
3 16 12.74 39.23 -3.083 14.11 39.39 -4.446 13.54 39.64 -2.762
3 16 12.74 39.23 -3.083 13.28 39.03 -4.612 14.11 39.39 -4.446
3 16 18.78 23.8 -4.993 20.06 29.88 -2.916 18.33 21.78 -4.44
3 16 6.93 32.4 -4.875 6.84 32.1 -5.116 7.68 31.96 -5.721
4 16 25.77 56 -17.55 24.37 56 -15.51 25.11 56 -13.81 26.82 56 -15.79
4 16 26.82 56 -15.79 29.82 56 -19.79 26.27 56 -19.79 25.77 56 -17.55
4 16 4.62 30.04 -7.373 4.88 29.96 -6.366 5.09 32.71 -5.73 4.84 32.95 -6.717
4 16 13.08 1.95 -2.598 13.06 1.92 .408 11.58 0 .801 11.58 0 -2.199
1 16 10.6 0 -.6625 0 0 .98 0 1 0 -1.5 0 -.0365 rect3.dat
4 16 21.14 21.2 -4.44 21.56 23.22 -4.993 11.12 25.37 -4.993 10.71 23.35 -4.44
4 16 17.752 9.634 -4.127 18.55 11.35 -4.459 18.58 11.43 -1.473 17.764 9.658 -1.131
4 16 14.94 4.65 -3.143 14.9 4.58 -.13 13.06 1.92 .408 13.08 1.95 -2.598
4 16 9.62 0 .874 11.58 0 .801 13.06 1.92 .408 11.37 2.17 .426
4 16 14.9 4.58 -.13 14.94 4.65 -3.143 16.208 6.726 -3.556 16.196 6.702 -.552
4 16 19.53 13.75 -1.918 19.52 13.72 -4.912 20.18 15.52 -5.254 20.18 15.52 -2.254
4 16 9.62 0 -2.126 11.3775 2.185 -2.5765 13.08 1.95 -2.598 11.58 0 -2.199
4 16 26.05 50.68 6.3 25.15 50.68 4.366 14.9 50.68 4.366 14 50.68 6.3
4 16 13.99 50.68 -14.77 14 50.68 6.3 14.9 50.68 -5.617 14.94 50.68 -13.81
4 16 9.23 21.95 -8.57 9.29 22.27 -7.549 7.66 22.9 -7.549 7.52 22.62 -8.57
4 16 21.98 25.25 -8.57 21.86 24.71 -10.63 11.43 26.85 -10.63 11.54 27.39 -8.57
4 16 25.15 50.68 -5.617 20.02 37.13 -5.143 20.02 37.13 1.29 25.15 50.68 4.366
4 16 11.43 26.85 -6.505 11.12 25.37 -4.993 21.56 23.22 -4.993 21.86 24.71 -6.505
4 16 10.25 45.43 -5.171 10.25 45.05 -3.746 10.25 45.43 -2.321 10.25 46.471 -6.214
4 16 11.12 25.37 -12.15 11.43 26.85 -10.63 21.86 24.71 -10.63 21.56 23.22 -12.15
4 16 11.3775 2.185 -2.5765 13.53 5.235 -3.1938 14.94 4.65 -3.143 13.08 1.95 -2.598
4 16 21.56 23.22 -12.15 21.14 21.2 -12.7 10.71 23.35 -12.7 11.12 25.37 -12.15
4 16 22.67 56 -12.47 25.11 56 -13.81 24.37 56 -15.51 22.28 56 -14.17
4 16 20.73 19.18 -12.15 20.42 17.7 -10.63 9.99 19.84 -10.63 10.29 21.33 -12.15
4 16 10.29 21.33 -12.15 10.71 23.35 -12.7 21.14 21.2 -12.7 20.73 19.18 -12.15
4 16 10.29 21.33 -4.993 9.99 19.84 -6.505 20.42 17.7 -6.505 20.73 19.18 -4.993
4 16 14.9 50.68 4.366 20.02 37.13 1.29 20.02 37.13 -5.143 14.9 50.68 -5.617
4 16 10.25 47.896 -.896 10.25 47.896 -6.596 10.25 46.471 -6.214 10.25 46.471 -1.278
4 16 13.5 5.19 -.185 14.9 4.58 -.13 16.196 6.702 -.552 14.98 7.6 -.666
4 16 10.25 50.364 -2.321 10.25 50.746 -3.746 10.25 50.364 -5.171 10.25 49.321 -1.278
4 16 13.22 56 -15.79 13.22 56 6.3 14 50.68 6.3 13.99 50.68 -14.77
4 16 18.4073 15.1283 -2.1191 17.86 13.64 -1.836 18.58 11.43 -1.473 19.53 13.75 -1.918
4 16 4.88 29.96 -6.366 5.6 29.88 -5.748 5.86 32.39 -5.118 5.09 32.71 -5.73
4 16 11.54 27.39 -8.57 11.43 26.85 -6.505 21.86 24.71 -6.505 21.98 25.25 -8.57
4 16 4.62 27.98 -7.749 4.89 27.96 -6.74 4.88 29.96 -6.366 4.62 30.04 -7.373
4 16 10.25 49.321 -1.278 10.25 50.364 -5.171 10.25 49.321 -6.214 10.25 47.896 -.896
4 16 7.69 29.89 -7.319 7.38 30 -8.503 7.79 32.27 -7.711 8.05 32.02 -6.696
4 16 20.73 19.18 -4.993 21.14 21.2 -4.44 10.71 23.35 -4.44 10.29 21.33 -4.993
4 16 13.53 5.235 -3.1938 14.9975 7.6275 -3.6703 16.208 6.726 -3.556 14.94 4.65 -3.143
4 16 20.02 56 -12.05 22.67 56 -12.47 22.28 56 -14.17 20.02 56 -13.75
4 16 11 46.237 -8.846 11.47 47.94 -9 12.72 47.94 -9 13.36 46.237 -8.846
4 16 11.29 14.53 4.737 13.9 12.55 4.987 13.97 12.41 -7.472 11.16 14.5 -7.74
4 16 6.87 14.36 4.927 9.33 17.43 4.305 9.33 17.43 -8.19 6.86 14.35 -7.555
1 16 21.1425 21.2 -8.57075 -.205 -1 .21 -1.01 0 1.01 -.2765 0 -3.855 rect2p.dat
4 16 11.29 14.53 4.737 9.03 11.93 5.292 12.35 9.48 5.6 13.9 12.55 4.987
4 16 13.97 12.41 -7.472 12.5 9.51 -6.911 9.07 12.06 -7.233 11.16 14.5 -7.74
4 16 13.88 44.82 -8.218 11 44.82 -8.218 11 46.237 -8.846 13.36 46.237 -8.846
4 16 20.02 56 -12.05 20.02 56 -13.75 17.77 56 -14.17 17.38 56 -12.47
4 16 9.03 11.93 5.292 9.07 12.06 -7.233 12.5 9.51 -6.911 12.35 9.48 5.6
4 16 11 47.896 -6.596 10.25 47.896 -6.596 10.25 49.321 -6.214 11 49.321 -6.214
4 16 25.97 43.55 -6.898 26.58 45.54 -8.523 29.05 45.51 -8.498 29.05 43.55 -6.898
4 16 15.06 56 9.05 24.99 56 9.05 26.82 56 6.3 13.22 56 6.3
4 16 11 45.43 -5.171 10.25 45.43 -5.171 10.25 46.471 -6.214 11 46.471 -6.214
1 16 22.955 45.57 7.165 0 1 .895 0 0 2.37 .75 0 .635 rect.dat
4 16 11 50.364 -5.171 10.25 50.364 -5.171 10.25 50.746 -3.746 10.93 50.746 -3.746
4 16 29.82 56 -19.79 26.82 56 -15.79 26.82 56 6.3 29.82 56 9.8
4 16 25.15 50.68 -5.617 26.05 50.68 6.3 26.06 50.68 -14.77 25.11 50.68 -13.81
4 16 10.77 20.15 -6.052 9.33 17.43 4.305 10.7 20.64 3.692 11.03 20.82 -5.344
4 16 10.65 6.51 -6.312 10.77 6.89 6.117 12.35 9.48 5.6 12.5 9.51 -6.911
4 16 10.77 6.89 6.117 10.65 6.51 -6.312 8.59 3.63 -5.729 8.54 3.75 6.753
4 16 10.22 56 9.8 13.65 56 9.8 15.06 56 9.05 13.22 56 6.3
4 16 13.88 44.82 .563 11 44.82 .563 11 43.55 -.593 14.35 43.55 -.593
4 16 11 49.321 -6.214 10.25 49.321 -6.214 10.25 50.364 -5.171 11 50.364 -5.171
4 16 11 45.43 -2.321 10.25 45.43 -2.321 10.25 45.05 -3.746 11 45.05 -3.746
4 16 17.38 56 -12.47 17.77 56 -14.17 15.68 56 -15.51 14.94 56 -13.81
4 16 11.43 26.85 -6.505 11.54 27.39 -8.57 11.43 26.85 -10.63 11.12 25.37 -12.15
1 16 10.7075 23.35 -8.57075 -.21 1 .205 -1.01 0 1.01 .275 0 3.8535 rect2p.dat
4 16 11 49.555 -8.846 11.16 49.555 -8.846 11.47 47.94 -9 11 47.896 -9
4 16 10.29 21.33 -12.15 9.99 19.84 -10.63 10.29 21.33 -4.993 10.71 23.35 -4.44
4 16 5.81 9.5 -6.661 9.07 12.06 -7.233 9.03 11.93 5.292 5.86 9.4 5.855
4 16 13.22 56 -15.79 14.28 56 -17.55 13.78 56 -19.79 10.22 56 -19.79
4 16 17.79 20.74 -1.159 18.33 21.78 -4.44 20.06 29.88 -2.916 20.07 31.7 1.308
4 16 11.12 25.37 -4.993 11.43 26.85 -6.505 11.12 25.37 -12.15 10.71 23.35 -12.7
4 16 18.21 23.93 -12.15 19.99 31.46 -9.904 21.47 30.7 -7.978 19.38 25.22 -10.63
4 16 17.79 20.74 -1.159 20.07 31.7 1.308 19.18 31.89 2.246 16.92 20.97 -.199
4 16 15.36 31.15 -4.073 13.98 24.79 -4.993 13.55 22.77 -4.44 15.29 30.87 -2.282
4 16 11 44.82 .563 13.88 44.82 .563 13.36 46.237 1.355 11 46.237 1.355
4 16 29.05 44.16 .01 29.05 46.237 1.355 26.8 46.237 1.355 26.16 44.16 .01
4 16 11 46.471 -1.278 10.25 46.471 -1.278 10.25 45.43 -2.321 11 45.43 -2.321
4 16 21.68 38.19 -9.203 21.65 38.27 -10.02 21.65 39.96 -9.29 21.68 39.94 -8.669
4 16 4.46 12.33 5.4 6.87 14.36 4.927 6.86 14.35 -7.555 4.46 12.33 -7.11
4 16 10.22 56 -19.79 10.22 56 9.8 13.22 56 6.3 13.22 56 -15.79
4 16 26.58 45.54 -8.523 27.33 47.94 -9 28.58 47.94 -9 29.05 45.51 -8.498
4 16 20.42 17.7 -6.505 20.31 17.16 -8.57 20.42 17.7 -10.63 20.73 19.18 -12.15
4 16 11 47.896 -.896 10.25 47.896 -.896 10.25 46.471 -1.278 11 46.471 -1.278
4 16 11.29 14.53 4.737 9.33 17.43 4.305 6.87 14.36 4.927 9.03 11.93 5.292
1 16 20.025 43.105 -11.76 -1.625 0 0 0 0 4.835 0 1 -1.74 rect.dat
4 16 14.94 56 -13.81 15.68 56 -15.51 14.28 56 -17.55 13.22 56 -15.79
4 16 9.07 12.06 -7.233 5.81 9.5 -6.661 4.46 12.33 -7.11 6.86 14.35 -7.555
4 16 11 46.237 1.355 11 46.237 -8.846 11 44.82 -8.218 11 44.82 .563
4 16 13.46 18.56 3.951 11.29 14.53 4.737 11.16 14.5 -7.74 13.41 18.62 -8.57
4 16 17.38 56 -12.47 17.38 50.68 -12.47 20.02 50.68 -12.05 20.02 56 -12.05
1 16 16.3675 8.6325 5.5985 -.805 0 .615 -1.535 0 -.455 .305 -1 .062 rect3.dat
4 16 13.9 12.55 4.987 16.56 10.62 5.234 17.87 13.66 4.641 14.91 14.84 4.548
4 16 17.87 13.66 4.641 19.01 16.77 4.051 16.03 17.99 3.952 14.91 14.84 4.548
4 16 11 46.237 1.355 13.36 46.237 1.355 11.4701 47.94 1.655 11.0401 47.925 1.655
3 16 8.22 0 7.425 9.62 0 .874 9.62 0 7.374
4 16 9.62 0 -2.126 9.62 0 .874 8.22 0 7.425 8.22 0 -5.072
3 16 9.62 0 -2.126 8.22 0 -5.072 9.62 0 -5.126
4 16 20.02 56 -12.05 20.02 50.68 -12.05 22.67 50.68 -12.47 22.67 56 -12.47
4 16 9.62 0 -5.126 8.22 0 -5.072 9.28 2.19 -5.5 11.38 2.19 -5.578
4 16 16.03 17.99 3.952 20.03 20.45 3.383 10.7 20.64 3.692 13.46 18.56 3.951
4 16 26.82 56 -15.79 26.06 50.68 -14.77 26.05 50.68 6.3 26.82 56 6.3
4 16 13.9 12.55 4.987 12.35 9.48 5.6 14.95 7.55 5.844 16.56 10.62 5.234
4 16 6.86 14.35 -7.555 9.33 17.43 -8.19 11.16 14.5 -7.74 9.07 12.06 -7.233
4 16 26.82 56 6.3 26.05 50.68 6.3 14 50.68 6.3 13.22 56 6.3
4 16 17.85 13.62 -4.833 18.55 11.35 -4.459 17.752 9.634 -4.127 16.53 10.55 -4.241
4 16 5.82 9.48 -3.656 9.06 12.03 -4.227 10.68 6.6 -3.329 8.58 3.66 -2.733
4 16 19.52 13.72 -4.912 19.53 13.75 -1.918 18.58 11.43 -1.473 18.55 11.35 -4.459
4 16 11.37 2.17 .426 13.06 1.92 .408 14.9 4.58 -.13 13.5 5.19 -.185
1 16 19.5825 16.1575 -3.84425 0 -1 -.595 0 0 .635 -1.5 0 -.09 rect.dat
4 16 9.05 12 -1.297 5.83 9.45 -.728 8.57 3.69 .187 10.71 6.69 -.421
4 16 17.74 9.61 -7.122 17.752 9.634 -4.127 16.208 6.726 -3.556 16.22 6.75 -6.561
4 16 16.17 6.65 5.958 16.196 6.702 -.552 17.764 9.658 -1.131 17.79 9.71 5.358
4 16 17.752 9.634 -4.127 17.764 9.658 -1.131 16.196 6.702 -.552 16.208 6.726 -3.556
4 16 15.01 7.65 -6.675 16.51 10.52 -7.231 17.74 9.61 -7.122 16.22 6.75 -6.561
4 16 13.41 18.62 -8.57 11.16 14.5 -7.74 9.33 17.43 -8.19 10.31 19.28 -8.551
4 16 14.94 56 -13.81 14.94 50.68 -13.81 17.38 50.68 -12.47 17.38 56 -12.47
4 16 11.22 14.51 -1.786 13.94 12.48 -1.527 15.04 15.06 -2.023 13.43 18.59 -2.58
4 16 13.46 18.56 3.951 13.41 18.62 -8.57 16.22 18.02 -8.57 16.03 17.99 3.952
4 16 13.54 5.25 -6.198 10.65 6.51 -6.312 12.5 9.51 -6.911 15.01 7.65 -6.675
4 16 13.97 12.41 -7.472 16.51 10.52 -7.231 15.01 7.65 -6.675 12.5 9.51 -6.911
4 16 11 46.471 -6.214 10.25 46.471 -6.214 10.25 47.896 -6.596 11 47.896 -6.596
4 16 10.93 50.746 -3.746 10.25 50.746 -3.746 10.25 50.364 -2.321 11 50.364 -2.321
4 16 11 50.364 -2.321 10.25 50.364 -2.321 10.25 49.321 -1.278 11 49.321 -1.278
4 16 11 49.321 -1.278 10.25 49.321 -1.278 10.25 47.896 -.896 11 47.896 -.896
4 16 9.62 0 -5.126 11.38 2.19 -5.578 11.3775 2.185 -2.5765 9.62 0 -2.126
4 16 9.62 0 7.374 9.62 0 .874 11.37 2.17 .426 11.36 2.16 6.928
4 16 11 45.05 -3.746 10.25 45.05 -3.746 10.25 45.43 -5.171 11 45.43 -5.171
4 16 13.5 5.19 -.185 14.98 7.6 -.666 14.95 7.55 5.844 13.5 5.19 6.315
4 16 14.9975 7.6275 -3.6703 13.53 5.235 -3.1938 13.54 5.25 -6.198 15.01 7.65 -6.675
4 16 11.37 2.17 .426 13.5 5.19 -.185 13.5 5.19 6.315 11.36 2.16 6.928
4 16 13.54 5.25 -6.198 13.53 5.235 -3.1938 11.3775 2.185 -2.5765 11.38 2.19 -5.578
4 16 20.73 19.18 -4.993 20.42 17.7 -6.505 20.73 19.18 -12.15 21.14 21.2 -12.7
4 16 17.38 50.68 -12.47 14.9 50.68 -5.617 25.15 50.68 -5.617 20.02 50.68 -12.05
4 16 13.46 18.56 3.951 10.7 20.64 3.692 9.33 17.43 4.305 11.29 14.53 4.737
4 16 20.03 20.45 3.383 20.01 20.04 -4.805 11.16 21.97 -4.777 11.25 22.29 3.383
4 16 15.17 15.27 -8.024 17.85 13.61 -7.825 16.51 10.52 -7.231 13.97 12.41 -7.472
4 16 22.67 50.68 -12.47 25.11 50.68 -13.81 25.11 56 -13.81 22.67 56 -12.47
4 16 16.22 18.02 -8.57 19.18 17.4 -8.571 17.85 13.61 -7.825 15.17 15.27 -8.024
4 16 21.56 23.22 -12.15 21.86 24.71 -10.63 21.56 23.22 -4.993 21.14 21.2 -4.44
4 16 16.51 10.52 -7.231 17.85 13.61 -7.825 17.87 13.66 4.641 16.56 10.62 5.234
4 16 29.82 56 9.8 26.82 56 6.3 24.99 56 9.05 26.4 56 9.8
4 16 4.62 27.98 -7.749 5.29 25.47 -8.144 5.54 25.55 -7.133 4.89 27.96 -6.74
4 16 19.18 17.4 -8.571 19.37 17.92 -6.505 19.01 16.77 4.051 17.85 13.61 -7.825
4 16 9.49 41.41 -3.803 9.35 41.86 -4.979 8.8 41.91 -5.032 8.98 41.36 -3.618
4 16 9.35 41.86 -4.979 9.75 41.75 -6.177 9.29 41.78 -6.472 8.8 41.91 -5.032
4 16 10.13 40.57 -3.099 11.02 39.66 -3.134 11.06 39.77 -3.303 10.26 40.59 -3.271
4 16 11.81 39.03 -3.897 12.22 38.93 -5.095 12.14 39.12 -5.065 11.77 39.21 -3.988
4 16 11.02 39.66 -3.134 11.81 39.03 -3.897 11.77 39.21 -3.988 11.06 39.77 -3.303
4 16 18.4 46.905 6.773 20.02 46.469 6.656 20.02 46.469 9.8 18.4 46.905 9.8
4 16 21.65 46.905 6.773 22.84 47.94 7.05 22.84 47.94 9.059 21.65 46.905 9.8
4 16 18.4 46.905 9.8 17.21 47.94 9.059 17.21 47.94 7.05 18.4 46.905 6.773
4 16 9.75 41.75 -6.177 10.55 41.13 -6.94 10.25 41.03 -7.388 9.29 41.78 -6.472
4 16 10.55 41.13 -6.94 11.44 40.22 -6.975 11.31 39.94 -7.431 10.25 41.03 -7.388
4 16 18.4 52.538 9.8 20.02 52.974 9.8 20.02 52.974 9.059 18.4 52.538 9.059
4 16 8.67 36.97 -3.507 9.7 36.36 -4.342 10.36 36.65 -3.969 9.15 37.37 -2.98
4 16 7.53 37.87 -3.513 8.67 36.97 -3.507 9.15 37.37 -2.98 7.8 38.43 -2.988
4 16 17.21 51.348 9.8 18.4 52.538 9.8 18.4 52.538 9.059 17.21 51.348 9.059
4 16 6.7 38.71 -4.357 7.53 37.87 -3.513 7.8 38.43 -2.988 6.82 39.42 -3.987
4 16 12.22 38.93 -5.095 12.07 39.38 -6.271 12.01 39.52 -6.123 12.14 39.12 -5.065
4 16 20.02 52.974 9.8 21.65 52.538 9.8 21.65 52.538 9.059 20.02 52.974 9.059
4 16 11.44 40.28 -6.756 12.01 39.52 -6.123 12.07 39.38 -6.271 11.44 40.22 -6.975
4 16 21.65 46.905 9.8 20.02 46.469 9.8 20.02 46.469 6.656 21.65 46.905 6.773
4 16 9.7 36.36 -4.342 10.2 36.28 -5.699 10.96 36.55 -5.575 10.36 36.65 -3.969
4 16 11.02 39.66 -3.134 10.13 40.57 -3.099 9.74 40.35 -2.771 10.81 39.26 -2.814
4 16 10.81 39.26 -2.814 9.74 40.35 -2.771 9.18 39.95 -2.548 10.4 38.7 -2.597
4 16 29.05 49.321 -6.214 29.04 50.364 -5.171 29.8 50.364 -5.171 29.8 49.321 -6.214
4 16 10.4 38.7 -2.597 11.5 37.84 -3.645 11.77 38.51 -3.73 10.81 39.26 -2.814
4 16 11.5 37.84 -3.645 12.05 37.69 -5.284 12.25 38.38 -5.17 11.77 38.51 -3.73
4 16 29.05 47.896 -6.596 29.05 49.321 -6.214 29.8 49.321 -6.214 29.8 47.896 -6.596
4 16 29.05 45.43 -5.171 29.05 46.471 -6.214 29.8 46.471 -6.214 29.8 45.43 -5.171
4 16 8.66 41.58 -6.783 9.76 40.72 -7.83 8.39 39.15 -8.192 7.18 39.87 -7.204
4 16 9.76 40.72 -7.83 10.98 39.47 -7.876 9.74 38.09 -8.185 8.39 39.15 -8.192
4 16 9.74 40.35 -2.771 8.98 41.36 -3.618 8.31 41.11 -3.517 9.18 39.95 -2.548
4 16 29.04 50.364 -5.171 29.12 50.746 -3.746 29.8 50.746 -3.746 29.8 50.364 -5.171
4 16 8.8 41.91 -5.032 9.29 41.78 -6.472 8.66 41.58 -6.783 8.1 41.73 -5.136
4 16 9.29 41.78 -6.472 10.25 41.03 -7.388 9.76 40.72 -7.83 8.66 41.58 -6.783
4 16 8.98 41.36 -3.618 8.8 41.91 -5.032 8.1 41.73 -5.136 8.31 41.11 -3.517
4 16 29.05 47.896 -.896 29.05 46.471 -1.278 29.8 46.471 -1.278 29.8 47.896 -.896
4 16 10.13 40.57 -3.099 9.49 41.41 -3.803 8.98 41.36 -3.618 9.74 40.35 -2.771
4 16 29.05 45.43 -2.321 29.05 45.05 -3.746 29.8 45.05 -3.746 29.8 45.43 -2.321
4 16 12.08 38.93 -6.584 12.25 38.38 -5.17 12.05 37.69 -5.284 11.85 38.32 -6.903
4 16 11.31 39.94 -7.431 12.08 38.93 -6.584 11.85 38.32 -6.903 10.98 39.47 -7.876
4 16 29.05 46.471 -1.278 29.05 45.43 -2.321 29.8 45.43 -2.321 29.8 46.471 -1.278
4 16 10.98 39.47 -7.876 9.76 40.72 -7.83 10.25 41.03 -7.388 11.31 39.94 -7.431
4 16 15.06 47.94 9.05 13.65 47.94 9.8 11.47 47.94 9.8 12.72 47.94 8.55
4 16 11.19 39.89 -2.818 11.97 39.19 -3.548 12.74 39.23 -3.083 11.74 40.12 -2.143
4 16 10.36 40.84 -2.823 11.19 39.89 -2.818 11.74 40.12 -2.143 10.67 41.36 -2.15
4 16 9.79 41.7 -3.561 10.36 40.84 -2.823 10.67 41.36 -2.15 9.93 42.46 -3.101
4 16 11.47 47.94 -13.6 12.72 47.94 -13.25 12.72 47.94 8.55 11.47 47.94 9.8
4 16 29.8 49.321 -6.214 29.8 50.364 -2.321 29.8 49.321 -1.278 29.8 47.896 -6.596
4 16 29.8 45.43 -2.321 29.8 45.43 -5.171 29.8 46.471 -6.214 29.8 46.471 -1.278
4 16 24.99 47.94 9.05 27.32 47.94 8.55 28.58 47.94 9.8 26.4 47.94 9.8
4 16 27.32 47.94 8.55 27.33 47.94 -13.25 28.57 47.94 -13.6 28.58 47.94 9.8
4 16 11.97 39.19 -3.548 12.39 39.03 -4.734 13.28 39.03 -4.612 12.74 39.23 -3.083
4 16 12.3 39.47 -5.923 11.72 40.32 -6.661 12.42 40.69 -7.096 13.16 39.58 -6.145
1 16 20.025 47.94 -11.125 3.825 0 0 0 1 0 0 0 2.125 rect3.dat
4 16 16.2 47.94 8.55 23.85 47.94 7.05 23.85 47.94 8.55 15.06 47.94 9.05
4 16 11.19 39.89 -2.818 10.36 40.84 -2.823 10.36 40.77 -3.017 11.11 39.91 -3.012
4 16 24.99 47.94 9.05 15.06 47.94 9.05 23.85 47.94 8.55 27.32 47.94 8.55
4 16 9.7 42.13 -4.751 9.79 41.7 -3.561 9.93 42.46 -3.101 9.81 43.02 -4.634
4 16 16.2 47.94 -13.25 12.72 47.94 -13.25 11.47 47.94 -13.6 28.57 47.94 -13.6
4 16 10.12 41.97 -5.937 9.7 42.13 -4.751 9.81 43.02 -4.634 10.35 42.81 -6.162
4 16 11.72 40.32 -6.661 10.89 41.28 -6.667 11.35 41.92 -7.103 12.42 40.69 -7.096
4 16 10.89 41.28 -6.667 10.12 41.97 -5.937 10.35 42.81 -6.162 11.35 41.92 -7.103
4 16 29.8 47.896 -6.596 29.8 47.896 -.896 29.8 46.471 -1.278 29.8 46.471 -6.214
4 16 21.65 52.538 9.8 22.84 51.348 9.8 22.84 51.348 9.059 21.65 52.538 9.059
4 16 9.74 38.09 -8.185 10.73 37.1 -7.185 10 36.74 -7.059 9.17 37.58 -7.904
4 16 10.73 37.1 -7.185 10.96 36.55 -5.575 10.2 36.28 -5.699 10 36.74 -7.059
4 16 22.84 51.348 9.8 23.28 49.722 9.8 23.28 49.722 9.059 22.84 51.348 9.059
4 16 7.01 39.08 -7.075 6.5 39.17 -5.718 6.58 39.97 -5.598 7.18 39.87 -7.204
4 16 6.5 39.17 -5.718 6.7 38.71 -4.357 6.82 39.42 -3.987 6.58 39.97 -5.598
4 16 8.03 38.47 -7.91 7.01 39.08 -7.075 7.18 39.87 -7.204 8.39 39.15 -8.192
4 16 9.17 37.58 -7.904 8.03 38.47 -7.91 8.39 39.15 -8.192 9.74 38.09 -8.185
4 16 16.77 49.722 9.8 17.21 51.348 9.8 17.21 51.348 9.059 16.77 49.722 9.059
4 16 12.42 40.69 -7.096 13.27 41.29 -7.149 14 40.02 -6.122 13.16 39.58 -6.145
4 16 20.02 46.469 9.8 21.65 46.905 9.8 22.84 48.095 9.8 23.28 49.722 9.8
4 16 22.84 51.348 9.8 21.65 52.538 9.8 20.02 46.469 9.8 23.28 49.722 9.8
4 16 29.8 50.364 -5.171 29.8 50.746 -3.746 29.8 50.364 -2.321 29.8 49.321 -6.214
4 16 13.28 39.03 -4.612 13.16 39.58 -6.145 14 40.02 -6.122 14.11 39.39 -4.446
4 16 9.62 36.64 -6.879 10 36.74 -7.059 10.2 36.28 -5.699 9.87 36.29 -5.807
1 16 6.66 7.705 0 0 -1 -2.62 0 0 5.515 -7.497 0 .0015 rect.dat
4 16 16.77 49.722 9.8 17.21 48.095 9.8 18.4 46.905 9.8 20.02 46.469 9.8
4 16 9.81 43.02 -4.634 9.93 42.46 -3.101 10.71 43.37 -2.726 10.61 44 -4.401
4 16 18.4 52.538 9.8 17.21 51.348 9.8 20.02 46.469 9.8 20.02 52.974 9.8
4 16 8.66 36.22 -8.617 9.88 35.44 -7.645 9.1 33.45 -8.054 7.81 34.05 -9.069
4 16 6.31 37.91 -5.721 6.73 37.95 -6.919 6.28 37.81 -7.213 5.78 37.77 -5.773
4 16 6.6 37.53 -4.545 6.31 37.91 -5.721 5.78 37.77 -5.773 6.13 37.31 -4.36
4 16 8.63 36.41 -3.876 9.6 36.1 -4.638 9.44 36.31 -4.724 8.63 36.54 -4.044
4 16 6.6 37.53 -4.545 7.49 36.96 -3.84 7.6 37.03 -4.012 6.81 37.54 -4.646
4 16 9.72 36.52 -7.012 10.02 36.14 -5.836 10.24 35.64 -5.912 9.88 36.09 -7.325
4 16 9.74 35.59 -4.472 10.24 35.64 -5.912 10.02 36.14 -5.836 9.6 36.1 -4.638
4 16 9.88 35.44 -7.645 10.28 34.93 -6.026 9.51 33 -6.418 9.1 33.45 -8.054
4 16 7.69 37.63 -7.681 8.84 37.09 -7.717 8.82 36.78 -8.173 7.44 37.44 -8.13
4 16 9.88 36.09 -7.325 8.82 36.78 -8.173 8.84 37.09 -7.717 9.72 36.52 -7.012
4 16 4.65 33.65 -5.122 5.77 33.12 -4.234 5.84 33.69 -3.79 4.56 34.3 -4.806
4 16 5.77 33.12 -4.234 7.23 32.65 -4.228 7.5 33.16 -3.783 5.84 33.69 -3.79
4 16 4.29 34.03 -6.552 4.65 33.65 -5.122 4.56 34.3 -4.806 4.14 34.74 -6.441
4 16 22.06 43.2 5.78 23.85 47.94 7.05 16.2 47.94 7.05 17.99 43.2 5.78
4 16 4.82 34.13 -7.977 4.29 34.03 -6.552 4.14 34.74 -6.441 4.75 34.85 -8.073
4 16 6.31 37.91 -5.721 6.6 37.53 -4.545 6.81 37.54 -4.646 6.54 37.88 -5.703
4 16 10.02 36.14 -5.836 9.87 36.29 -5.807 9.44 36.31 -4.724 9.6 36.1 -4.638
4 16 8.45 32.42 -5.105 8.98 32.52 -6.531 9.51 33 -6.418 8.9 32.89 -4.787
4 16 24.99 47.94 9.05 24.99 56 9.05 15.06 56 9.05 15.06 47.94 9.05
4 16 7.23 32.65 -4.228 8.45 32.42 -5.105 8.9 32.89 -4.787 7.5 33.16 -3.783
4 16 8.58 35.97 -3.555 9.74 35.59 -4.472 9.6 36.1 -4.638 8.63 36.41 -3.876
4 16 8.58 35.97 -3.555 7.2 36.63 -3.512 6.81 36.06 -3.289 8.39 35.3 -3.338
4 16 4.56 34.3 -4.806 5.84 33.69 -3.79 6.81 36.06 -3.289 5.59 36.84 -4.259
4 16 9.74 35.59 -4.472 8.58 35.97 -3.555 8.39 35.3 -3.338 9.71 34.87 -4.387
4 16 5.84 33.69 -3.79 7.5 33.16 -3.783 8.39 35.3 -3.338 6.81 36.06 -3.289
4 16 10.24 35.64 -5.912 9.74 35.59 -4.472 9.71 34.87 -4.387 10.28 34.93 -6.026
4 16 5.76 37.41 -7.525 7.09 36.98 -8.572 6.15 34.59 -9.076 4.75 34.85 -8.073
4 16 5.19 37.36 -5.878 5.76 37.41 -7.525 4.75 34.85 -8.073 4.14 34.74 -6.441
4 16 4.14 34.74 -6.441 4.56 34.3 -4.806 5.59 36.84 -4.259 5.19 37.36 -5.878
4 16 7.2 36.63 -3.512 6.13 37.31 -4.36 5.59 36.84 -4.259 6.81 36.06 -3.289
4 16 7.09 36.98 -8.572 8.66 36.22 -8.617 7.81 34.05 -9.069 6.15 34.59 -9.076
4 16 6.13 37.31 -4.36 5.78 37.77 -5.773 5.19 37.36 -5.878 5.59 36.84 -4.259
4 16 5.78 37.77 -5.773 6.28 37.81 -7.213 5.76 37.41 -7.525 5.19 37.36 -5.878
4 16 7.49 36.96 -3.84 6.6 37.53 -4.545 6.13 37.31 -4.36 7.2 36.63 -3.512
4 16 8.63 36.41 -3.876 7.49 36.96 -3.84 7.2 36.63 -3.512 8.58 35.97 -3.555
4 16 8.9 32.89 -4.787 9.51 33 -6.418 10.28 34.93 -6.026 9.71 34.87 -4.387
4 16 8.82 36.78 -8.173 9.88 36.09 -7.325 9.88 35.44 -7.645 8.66 36.22 -8.617
4 16 9.88 35.44 -7.645 9.88 36.09 -7.325 10.24 35.64 -5.912 10.28 34.93 -6.026
4 16 8.66 36.22 -8.617 7.09 36.98 -8.572 7.44 37.44 -8.13 8.82 36.78 -8.173
4 16 6.28 37.81 -7.213 7.44 37.44 -8.13 7.09 36.98 -8.572 5.76 37.41 -7.525
4 16 7.5 33.16 -3.783 8.9 32.89 -4.787 9.71 34.87 -4.387 8.39 35.3 -3.338
4 16 10.98 39.47 -7.876 11.85 38.32 -6.903 10.73 37.1 -7.185 9.74 38.09 -8.185
4 16 6.05 33.33 -8.335 7.14 32.98 -8.33 7.01 32.59 -8.311 6.03 32.88 -8.312
4 16 23.49 39.93 -1.034 23.39 39.95 4.564 21.6 31.38 2.618 21.69 31.36 -3.266
4 16 23.39 39.95 4.564 22.89 39.95 5.526 21.13 31.48 3.592 21.6 31.38 2.618
4 16 10.36 36.65 -3.969 10.96 36.55 -5.575 12.05 37.69 -5.284 11.5 37.84 -3.645
4 16 19.12 31.9 3.548 21.6 31.38 2.618 21.13 31.48 3.592 20.14 31.69 3.997
4 16 7.98 32.59 -7.667 7.79 32.27 -7.711 7.01 32.59 -8.311 7.14 32.98 -8.33
4 16 18.01 32.13 3.233 20.38 31.62 -2.491 21.6 31.38 2.618 19.12 31.9 3.548
4 16 16.89 32.37 3.548 15.88 32.58 3.997 14.9 32.78 3.602 14.42 32.88 2.618
4 16 4.84 32.95 -6.717 4.74 33.43 -6.613 5.13 33.51 -7.679 5.2 33.02 -7.703
4 16 29.04 50.364 -2.321 29.05 49.321 -1.278 29.8 49.321 -1.278 29.8 50.364 -2.321
4 16 6.58 39.97 -5.598 6.82 39.42 -3.987 8.31 41.11 -3.517 8.1 41.73 -5.136
4 16 8.1 41.73 -5.136 8.66 41.58 -6.783 7.18 39.87 -7.204 6.58 39.97 -5.598
4 16 29.05 45.05 -3.746 29.05 45.43 -5.171 29.8 45.43 -5.171 29.8 45.05 -3.746
4 16 29.05 49.321 -1.278 29.05 47.896 -.896 29.8 47.896 -.896 29.8 49.321 -1.278
4 16 7.8 38.43 -2.988 9.15 37.37 -2.98 10.4 38.7 -2.597 9.18 39.95 -2.548
4 16 9.15 37.37 -2.98 10.36 36.65 -3.969 11.5 37.84 -3.645 10.4 38.7 -2.597
4 16 6.82 39.42 -3.987 7.8 38.43 -2.988 9.18 39.95 -2.548 8.31 41.11 -3.517
4 16 29.05 46.471 -6.214 29.05 47.896 -6.596 29.8 47.896 -6.596 29.8 46.471 -6.214
4 16 29.12 50.746 -3.746 29.04 50.364 -2.321 29.8 50.364 -2.321 29.8 50.746 -3.746
4 16 8.48 32.31 -6.596 8.25 32.3 -6.597 7.98 32.59 -7.667 8.18 32.63 -7.786
4 16 7.02 32.42 -4.68 8.04 32.23 -5.41 8.45 32.42 -5.105 7.23 32.65 -4.228
4 16 8.04 32.23 -5.41 8.48 32.31 -6.596 8.98 32.52 -6.531 8.45 32.42 -5.105
4 16 5.81 32.81 -4.686 7.02 32.42 -4.68 7.23 32.65 -4.228 5.77 33.12 -4.234
4 16 4.57 33.57 -6.613 4.88 33.25 -5.424 4.65 33.65 -5.122 4.29 34.03 -6.552
4 16 4.88 33.25 -5.424 5.81 32.81 -4.686 5.77 33.12 -4.234 4.65 33.65 -5.122
4 16 18.01 32.13 3.233 16.89 32.37 3.548 14.42 32.88 2.618 15.63 32.62 -1.887
4 16 6.05 33.9 -8.855 4.82 34.13 -7.977 4.75 34.85 -8.073 6.15 34.59 -9.076
4 16 7.5 33.43 -8.848 6.05 33.9 -8.855 6.15 34.59 -9.076 7.81 34.05 -9.069
4 16 8.98 32.52 -6.531 8.62 32.9 -7.961 9.1 33.45 -8.054 9.51 33 -6.418
4 16 8.62 32.9 -7.961 7.5 33.43 -8.848 7.81 34.05 -9.069 9.1 33.45 -8.054
4 16 6.93 32.4 -4.875 7.85 32.23 -5.531 8.04 32.23 -5.41 7.02 32.42 -4.68
4 16 7.85 32.23 -5.531 8.25 32.3 -6.597 8.48 32.31 -6.596 8.04 32.23 -5.41
4 16 7.02 32.42 -4.68 5.81 32.81 -4.686 5.85 32.75 -4.879 6.93 32.4 -4.875
4 16 22.89 39.95 5.526 21.85 39.95 5.871 20.14 31.69 3.997 21.13 31.48 3.592
4 16 5.13 33.51 -7.679 4.74 33.43 -6.613 4.57 33.57 -6.613 5.02 33.65 -7.8
4 16 6.04 33.46 -8.529 5.02 33.65 -7.8 4.82 34.13 -7.977 6.05 33.9 -8.855
4 16 5.02 33.65 -7.8 4.57 33.57 -6.613 4.29 34.03 -6.552 4.82 34.13 -7.977
4 16 7.24 33.07 -8.524 6.04 33.46 -8.529 6.05 33.9 -8.855 7.5 33.43 -8.848
4 16 8.48 32.31 -6.596 8.18 32.63 -7.786 8.62 32.9 -7.961 8.98 32.52 -6.531
4 16 8.18 32.63 -7.786 7.24 33.07 -8.524 7.5 33.43 -8.848 8.62 32.9 -7.961
4 16 11.47 47.94 -13.6 10.22 54.43 9.8 10.22 54.43 -19.79 10.71 51.935 -19.79
4 16 16.2 47.94 -9 23.85 47.94 -9 21.65 42.13 -8.99 18.4 42.13 -8.99
4 16 21.65 38.27 -10.02 21.65 47.94 -13.5 21.65 42.13 -8.99 21.65 39.96 -9.29
4 16 13.5 5.19 6.315 14.95 7.55 5.844 12.35 9.48 5.6 10.77 6.89 6.117
4 16 11.36 2.16 6.928 13.5 5.19 6.315 10.77 6.89 6.117 8.54 3.75 6.753
4 16 9.28 2.19 7 8.22 0 7.425 9.62 0 7.374 11.36 2.16 6.928
4 16 18.4 41.08 -9.29 15.75 39.95 -8.637 12.72 47.94 -13.25 16.2 47.94 -13.25
4 16 29.82 56 -19.79 29.82 56 9.8 29.83 54.43 9.8 29.82 54.43 -19.79
3 16 28.5801 47.94 1.605 29.05 46.237 1.355 29.0501 47.884 1.605
4 16 28.5801 47.94 1.605 27.3301 47.94 1.605 26.8 46.237 1.355 29.05 46.237 1.355
4 16 13 32.55 -8.047 14.24 32.69 -9.909 22.13 30.79 -9.029 22.71 30.21 -6.991
4 16 26.27 56 -19.79 29.82 54.43 -19.79 29.34 51.935 -19.79 26.27 51.935 -19.79
4 16 29.83 54.43 9.8 26.4 56 9.8 26.4 47.94 9.8 28.58 47.94 9.8
4 16 15.99 32.56 1.308 15.29 30.87 -2.282 13.55 22.77 -4.44 13.7 21.61 -1.176
4 16 10.71 51.935 -19.79 10.22 54.43 -19.79 13.78 56 -19.79 13.78 51.935 -19.79
4 16 9.47 23.12 -6.919 9.69 24.17 -6.919 8.5 24.56 -6.919 8.04 23.64 -6.919
4 16 12.89 32.05 -5.812 13.72 31.45 -3.816 14.32 32.9 -2.979 14.92 40.09 -3.964
4 16 18.4 41.08 -9.29 18.4 42.13 -8.99 18.4 47.94 -9 18.4 47.94 -13.5
4 16 15.75 39.95 6.409 17.99 43.2 7.28 16.2 47.94 8.55 12.72 47.94 8.55
4 16 10.22 54.43 9.8 11.47 47.94 9.8 13.65 56 9.8 10.22 56 9.8
4 16 13.72 31.45 -3.816 12.89 32.05 -5.812 22.71 30.21 -6.991 22.12 29.86 -4.852
1 16 20.025 43.2 6.53 0 0 -2.035 0 -1 0 -.75 0 0 rect3.dat
4 16 15.06 56 9.05 13.65 56 9.8 13.65 47.94 9.8 15.06 47.94 9.05
4 16 29.83 54.43 9.8 28.58 47.94 9.8 28.57 47.94 -13.6 29.82 54.43 -19.79
4 16 21.16 39.95 5.572 21.85 39.95 5.871 15.75 39.95 6.409 17.78 39.95 5.552
4 16 17.78 39.95 5.552 18.83 39.95 5.104 20.05 39.95 5.093 21.16 39.95 5.572
4 16 24.99 47.94 9.05 26.4 47.94 9.8 26.4 56 9.8 24.99 56 9.05
4 16 24.3 39.95 -8.637 24.13 39.91 -6.895 21.68 39.94 -8.669 21.65 39.96 -9.29
4 16 14.83 42.29 -1.842 12.72 47.94 8.55 12.72 47.94 -13.25 14.38 43.54 -6.618
1 16 17.095 45.57 7.165 0 -1 -.895 0 0 2.37 -.75 0 .635 rect3.dat
4 16 24.3 39.95 6.409 27.32 47.94 8.55 23.85 47.94 8.55 22.06 43.2 7.28
4 16 29.05 47.896 -9 29.05 49.321 -8.846 29.05 49.555 1.355 29.0501 47.884 1.605
4 16 22.12 29.86 -4.852 22.71 30.21 -6.991 24.81 39.79 -4.52 24.24 39.97 -1.884
4 16 29.05 47.896 -9 29.0501 47.884 1.605 29.05 46.237 1.355 29.05 45.51 -8.498
4 16 29.05 44.16 .01 29.05 43.55 -6.898 29.05 45.51 -8.498 29.05 46.237 1.355
4 16 22.06 43.2 7.28 17.99 43.2 7.28 15.75 39.95 6.409 24.3 39.95 6.409
4 16 10.22 56 9.8 10.22 56 -19.79 10.22 54.43 -19.79 10.22 54.43 9.8
4 16 11.19 14.51 -4.742 13.42 18.6 -5.547 15.11 15.16 -5.003 13.96 12.44 -4.481
4 16 5.29 25.47 -8.144 5.52 25.66 -9.162 6.63 23.76 -9.464 6.44 23.52 -8.443
4 16 18.98 16.8 -5.435 20.18 15.52 -5.254 19.52 13.72 -4.912 18.13 14.37 -4.975
3 16 11.38 2.19 -5.578 9.28 2.19 -5.5 8.59 3.63 -5.729
4 16 10.65 6.51 -6.312 13.54 5.25 -6.198 11.38 2.19 -5.578 8.59 3.63 -5.729
4 16 6.44 23.52 -8.443 6.63 23.76 -9.464 7.66 22.9 -9.585 7.52 22.62 -8.57
4 16 9.79 41.7 -3.561 9.7 42.13 -4.751 9.77 41.93 -4.75 9.85 41.54 -3.681
4 16 18.55 11.35 -4.459 17.85 13.62 -4.833 18.13 14.37 -4.975 19.52 13.72 -4.912
4 16 7.14 24.33 -10.1 7.79 25.01 -10.1 8.5 24.56 -10.18 8.04 23.64 -10.2
4 16 9.23 21.95 -8.57 7.52 22.62 -8.57 7.66 22.9 -9.585 9.29 22.27 -9.585
4 16 10.55 19.73 -6.505 10.31 19.28 -8.551 9.33 17.43 -8.19 9.33 17.43 4.305
4 16 8.04 23.64 -10.2 8.5 24.56 -10.18 9.69 24.17 -10.18 9.47 23.12 -10.2
4 16 16.21 32.55 -11.16 18.51 32.1 -11.36 20.61 31.51 -10.78 14.24 32.69 -9.909
4 16 10.36 40.84 -2.823 9.79 41.7 -3.561 9.85 41.54 -3.681 10.36 40.77 -3.017
4 16 18.99 16.79 -2.434 18.4073 15.1283 -2.1191 19.53 13.75 -1.918 20.18 15.52 -2.254
4 16 17.86 13.64 -1.836 16.54 10.57 -1.246 17.764 9.658 -1.131 18.58 11.43 -1.473
1 16 15.60887 7.188375 -5.115575 -.60525 0 .006 .45075 1 .012 -.05715 0 -1.5025 rect.dat
1 16 15.574 7.1255 2.646 -.61 0 .013 .45 1 .026 -.057 0 -3.255 rect3.dat
1 16 17.1635 10.1395 2.05375 .615 0 -.01 -.455 -1 -.025 .062 0 -3.24 rect2a.dat
1 16 17.133 10.0785 -5.68025 .01 0 .615 .015 -1 -.455 1.495 0 .0545 rect3.dat
3 16 8.22 0 -7.5 4.04 13.22 -7.5 9.28 2.19 -7.497
3 16 4.04 13.22 7.5 8.22 0 7.49 9.28 2.19 7.497
4 16 6 0 -6 8.22 0 -7.5 8.22 0 -5.072 6 0 0
4 16 6 0 6 6 0 0 8.22 0 -5.072 8.22 0 7.425
4 16 0 0 6 6 0 6 8.22 0 7.425 8.22 0 7.49
3 16 0 0 -6 8.22 0 -7.5 6 0 -6
3 16 28.5801 47.94 1.605 29.05 49.555 1.355 28.8855 49.5448 1.3525
3 16 28.8855 49.5448 1.3525 29.05 49.555 1.355 29.043 50.3634 .9
3 16 11.0038 50.3607 .9 11.025 49.555 1.355 11.159 49.5548 1.355
3 16 11 49.555 -8.846 11.025 49.555 1.355 11.0038 50.3607 .9
3 16 11 49.555 -8.846 11.0038 50.3607 .9 11 50.364 -8.371
4 16 8.22 0 7.425 9.28 2.19 7 9.28 2.19 7.497 8.22 0 7.49
4 16 9.28 2.19 -7.497 9.28 2.19 -5.5 8.22 0 -5.072 8.22 0 -7.5
