0 BFC CERTIFY CCW
0 BFC INVERTNEXT
1 16 -20.82 3 36.98 0 0 -2.5 0 6 0 -2.5 0 0 p/4-4cylo.dat
1 16 -20.82 9 36.98 0 0 -4 0 -1 0 -4 0 0 p/4-4edge.dat
1 16 -20.82 9 36.98 0 0 -0.5 0 -1 0 -0.5 0 0 p/4-4ring5.dat
1 16 -20.82 9 36.98 0 0 -1 0 -1 0 -1 0 0 p/4-4ring3.dat
4 16 8 9 9 8 9 47 10 9 49 10 9 9
4 16 3 9 49 10 9 49 8 9 47 3 9 47
4 16 -18.075 9 39.864 -20.735 9 40.963 3 9 49 3 9 47
4 16 8 9 33 -19.093 9 33 -18 9 35 8 9 35
3 16 -18 9 35 -19.093 9 33 -22.336 9 33.281
4 16 -3.88 9 11.34 -2.3 9 11.49 -3.3 9 9 -4.74 9 9
4 16 -3.45 9 14.07 -1.72 9 13.93 -2.3 9 11.49 -3.88 9 11.34
4 16 -3.88 9 15.94 -2.01 9 16.23 -1.72 9 13.93 -3.45 9 14.07
4 16 -5.03 9 18.52 -3.73 9 19.39 -2.01 9 16.23 -3.88 9 15.94
4 16 -22.336 9 33.281 -19.093 9 33 -3.73 9 19.39 -5.03 9 18.52
0 BFC INVERTNEXT
1 16 -20.82 5 36.98 11 0 0 0 -2 0 0 0 11 p/4-4cylo.dat
1 16 -20.82 5 36.98 1 0 0 0 -1 0 0 0 1 p/4-4rin11.dat
1 16 -20.82 5 36.98 0.5 0 0 0 -1 0 0 0 0.5 p/4-4rin24.dat
1 16 -20.82 3 36.98 11 0 0 0 -1 0 0 0 11 p/4-4disc.dat
1 16 -20.82 3 36.98 0 0 -4 0 -1 0 -4 0 0 p/4-4edge.dat
4 16 -3.88 1 11.34 -4.74 1 9 -18 1 9 -3.45 1 14.07
4 16 -3.88 1 15.94 -3.45 1 14.07 -18 1 9 -5.03 1 18.52
4 16 -14.408 1 26.519 -5.03 1 18.52 -18 1 9 -16.036 1 25.431
3 16 -16.036 1 25.431 -18 1 9 -18 1 25.041
4 16 -1.72 3 13.93 -1.882 3 15.213 8 3 33 8 3 9
3 16 -2.3 3 11.49 -1.72 3 13.93 8 3 9
3 16 8 3 9 -3.3 3 9 -2.3 3 11.49
3 16 -9.271 3 32.196 -9.111 3 33 8 3 33
4 16 -3.73 3 19.39 -11.981 3 28.141 -9.271 3 32.196 8 3 33
3 16 -3.73 3 19.39 -12.908 3 27.521 -11.981 3 28.141
3 16 -2.01 3 16.23 -3.73 3 19.39 8 3 33
3 16 8 3 33 -1.882 3 15.213 -2.01 3 16.23
3 16 3 3 47 8 3 47 8 3 35
4 16 3 3 47 8 3 35 -8.714 3 35 -8.424 3 36.454
3 16 -8.32 3 36.98 -9.271 3 41.764 3 3 47
3 16 3 3 47 -8.424 3 36.454 -8.32 3 36.98
3 16 -9.271 3 41.764 -9.86 3 42.646 3 3 47
4 16 -218.99 3.519 -3.16 -220.72 3.379 -2.3 -207.22 4.469 26.42 -205.35 4.619 26.42
4 16 -205.35 4.619 26.42 -207.22 4.469 26.42 -214.97 3.843 36.04 -214.97 3.843 38.63
4 16 -214.97 3.843 38.63 -214.97 3.843 36.04 -224.74 3.054 28.43 -224.74 3.054 30.87
4 16 -224.74 3.054 30.87 -224.74 3.054 28.43 -241.97 1.664 37.05 -240.25 1.803 38.63
4 16 -240.25 1.803 38.63 -241.97 1.664 37.05 -242.69 1.606 38.2 -240.68 1.768 39.06
4 16 -240.68 1.768 39.06 -242.69 1.606 38.2 -242.83 1.594 39.49 -240.68 1.768 39.78
4 16 -240.68 1.768 39.78 -242.83 1.594 39.49 -242.26 1.64 40.78 -240.1 1.815 40.35
4 16 -240.1 1.815 40.35 -242.26 1.64 40.78 -241.54 1.699 41.64 -233.64 2.336 42.79
4 16 -233.64 2.336 42.79 -241.54 1.699 41.64 -233.93 2.313 44.37 -224.6 3.066 45.23
4 16 -224.6 3.066 45.23 -233.93 2.313 44.37 -225.17 3.02 46.67 -212.96 4.005 46.96
4 16 -212.96 4.005 46.96 -225.17 3.02 46.67 -213.54 3.958 48.68 -202.34 4.862 49.69
3 16 -212.96 4.005 46.96 -202.34 4.862 49.69 -202.05 4.886 48.11
4 16 -200.28 5.029 48.253 -202.05 4.886 48.11 -202.34 4.862 49.69 -200.365 5.021 49.725
4 16 -198.51 5.171 48.397 -200.28 5.029 48.253 -200.365 5.021 49.725 -198.39 5.181 49.76
4 16 -196.74 5.314 48.54 -198.51 5.171 48.397 -198.39 5.181 49.76 -196.415 5.34 49.795
4 16 -196.16 5.361 48.11 -196.74 5.314 48.54 -196.415 5.34 49.795 -194.44 5.5 49.83
3 16 -196.16 5.361 48.11 -194.44 5.5 49.83 -195.87 5.385 47.25
4 16 -195.87 5.385 47.25 -194.44 5.5 49.83 -194.877 5.464 -13.594 -196.291 5.351 -13.069
4 16 -218.99 3.519 -3.16 -205.35 4.619 26.42 -205.35 1.5 26.42 -218.99 1.5 -3.16
4 16 -205.35 4.619 26.42 -214.97 3.843 38.63 -214.97 1.5 38.63 -205.35 1.5 26.42
4 16 -214.97 3.843 38.63 -224.74 3.054 30.87 -224.74 1.5 30.87 -214.97 1.5 38.63
4 16 -224.74 3.054 30.87 -240.25 1.803 38.63 -240.25 1.5 38.63 -224.74 1.5 30.87
4 16 -240.25 1.803 38.63 -240.68 1.768 39.06 -240.68 1.5 39.06 -240.25 1.5 38.63
4 16 -240.68 1.768 39.06 -240.68 1.768 39.78 -240.68 1.5 39.78 -240.68 1.5 39.06
4 16 -240.68 1.768 39.78 -240.1 1.815 40.35 -240.1 1.5 40.35 -240.68 1.5 39.78
4 16 -240.1 1.815 40.35 -233.64 2.336 42.79 -233.64 1.5 42.79 -240.1 1.5 40.35
4 16 -233.64 2.336 42.79 -224.6 3.066 45.23 -224.6 1.5 45.23 -233.64 1.5 42.79
4 16 -224.6 3.066 45.23 -212.96 4.005 46.96 -212.96 1.5 46.96 -224.6 1.5 45.23
4 16 -212.96 4.005 46.96 -202.05 4.886 48.11 -202.05 1.5 48.11 -212.96 1.5 46.96
4 16 -202.05 4.886 48.11 -196.74 5.314 48.54 -196.74 1.5 48.54 -202.05 1.5 48.11
4 16 -196.74 5.314 48.54 -196.16 5.361 48.11 -196.16 1.5 48.11 -196.74 1.5 48.54
4 16 -196.16 5.361 48.11 -195.87 5.385 47.25 -195.87 1.5 47.25 -196.16 1.5 48.11
4 16 -195.87 5.385 47.25 -196.291 5.351 -13.069 -196.291 1.5 -13.069 -195.87 1.5 47.25
4 16 -207.01 1.5 2.08 -196.207 1.5 -1.005 -196.291 1.5 -13.069 -218.99 1.5 -3.16
4 16 -207.01 1.5 3.559 -207.01 1.5 2.08 -218.99 1.5 -3.16 -214.443 1.5 6.7
3 16 -207.01 1.5 2.08 -203.509 1.5 2.08 -196.207 1.5 -1.005
4 16 -209.897 1.5 16.56 -196.038 1.5 23.122 -196.123 1.5 11.059 -214.443 1.5 6.7
4 16 -205.35 1.5 26.42 -195.954 1.5 35.186 -196.038 1.5 23.122 -209.897 1.5 16.56
4 16 -196.16 1.5 48.11 -195.87 1.5 47.25 -195.954 1.5 35.186 -205.35 1.5 26.42
3 16 -212.96 1.5 46.96 -202.05 1.5 48.11 -214.97 1.5 38.63
4 16 -223.87 1.5 36.69 -212.96 1.5 46.96 -214.97 1.5 38.63 -224.74 1.5 30.87
4 16 -223.87 1.5 41.29 -224.638 1.5 41.29 -224.6 1.5 45.23 -212.96 1.5 46.96
3 16 -212.96 1.5 46.96 -223.87 1.5 36.69 -223.87 1.5 41.29
3 16 -224.74 1.5 30.87 -224.683 1.5 36.69 -223.87 1.5 36.69
4 16 -240.68 1.5 39.06 -233.64 1.5 42.79 -224.6 1.5 45.23 -240.25 1.5 38.63
4 16 -240.68 1.5 39.78 -240.1 1.5 40.35 -233.64 1.5 42.79 -240.68 1.5 39.06
3 16 -202.41 1.5 6.68 -196.123 1.5 11.059 -196.207 1.5 -1.005
3 16 -207.01 1.5 6.68 -207.01 1.5 3.559 -214.443 1.5 6.7
4 16 -214.443 1.5 6.7 -196.123 1.5 11.059 -202.41 1.5 6.68 -207.01 1.5 6.68
3 16 -202.41 1.5 2.08 -202.41 1.5 6.68 -196.207 1.5 -1.005
3 16 -196.207 1.5 -1.005 -203.509 1.5 2.08 -202.41 1.5 2.08
4 16 -201.47 1.5 41.93 -196.74 1.5 48.54 -196.16 1.5 48.11 -201.47 1.5 37.33
3 16 -201.47 1.5 41.93 -202.279 1.5 41.93 -196.74 1.5 48.54
4 16 -206.07 1.5 37.33 -201.47 1.5 37.33 -205.35 1.5 26.42 -210.16 1.5 32.525
3 16 -210.16 1.5 32.525 -206.07 1.5 37.406 -206.07 1.5 37.33
3 16 -205.35 1.5 26.42 -201.47 1.5 37.33 -196.16 1.5 48.11
4 16 -202.05 1.5 48.11 -196.74 1.5 48.54 -202.279 1.5 41.93 -206.07 1.5 41.93
3 16 -206.07 1.5 41.93 -210.16 1.5 32.525 -214.97 1.5 38.63
3 16 -206.07 1.5 41.93 -206.07 1.5 37.406 -210.16 1.5 32.525
3 16 -202.05 1.5 48.11 -206.07 1.5 41.93 -214.97 1.5 38.63
3 16 -240.25 1.5 38.63 -224.6 1.5 45.23 -228.47 1.5 41.29
3 16 -228.47 1.5 36.69 -224.683 1.5 36.69 -224.74 1.5 30.87
3 16 -224.6 1.5 45.23 -224.638 1.5 41.29 -228.47 1.5 41.29
3 16 -224.74 1.5 30.87 -240.25 1.5 38.63 -228.47 1.5 36.69
3 16 -240.25 1.5 38.63 -228.47 1.5 41.29 -228.47 1.5 36.69
3 16 -218.99 1.5 -3.16 -196.291 1.5 -13.069 -207.94 1.5 -8.33
1 16 -204.71 1.5 4.38 2.3 0 0 0 -1 0 0 0 2.3 p/4-4ndis.dat
1 16 -203.77 1.5 39.63 2.3 0 0 0 -1 0 0 0 2.3 p/4-4ndis.dat
1 16 -226.17 1.5 38.99 2.3 0 0 0 -1 0 0 0 2.3 p/4-4ndis.dat
1 16 -204.71 1.5 4.38 2.3 0 0 0 -1 0 0 0 2.3 p/4-4edge.dat
1 16 -203.77 1.5 39.63 2.3 0 0 0 -1 0 0 0 2.3 p/4-4edge.dat
1 16 -226.17 1.5 38.99 2.3 0 0 0 -1 0 0 0 2.3 p/4-4edge.dat
4 16 -167.961 5 -17 -29 5 -17 -29 5 -19.1 -167.157 5 -18.204
3 16 -29 5 -19.1 -166.979 5 -19.1 -167.157 5 -18.204
