0 BFC CERTIFY CCW
1 16 0 13.5 53.5 0 0 12.5 0 7.5 0 12.5 0 0 p/7-16edge.dat
1 16 0 6 53.5 0 0 12.5 0 7.5 0 12.5 0 0 p/2-4edge.dat
0 BFC INVERTNEXT
1 16 0 13.5 53.5 0 0 12.5 0 -7.5 0 12.5 0 0 p/7-16cyli.dat
1 16 0 16 53.5 0 0 13.5 0 -10 0 13.5 0 0 p/3-8disc.dat
1 16 0 13.5 53.5 0 0 12.5 0 10 0 12.5 0 0 p/7-16disc.dat
1 16 0 16 53.5 0 0 13.5 0 -10 0 13.5 0 0 p/3-8edge.dat
1 16 0 6 53.5 0 0 13.5 0 -10 0 13.5 0 0 p/3-8edge.dat
1 16 0 16 53.5 0 0 13.5 0 -10 0 13.5 0 0 p/3-16cyli.dat
1 16 0 16 53.5 12.4724 0 -5.16623 0 -10 0 -5.16623 0 -12.4724 p/1-16cyli.dat
1 16 0 6 53.5 0 0 0.5 0 0.5 0 -0.5 0 0 p/2-4rin25.dat
1 16 0 6 53.5 0 0 0.5 0 0.5 0 -0.5 0 0 p/2-4ring26.dat
1 16 8.27295 11 43.1034 0 0 -1.27295 -5 0 0 0 1 -0.8507 p/rect3.dat
1 16 1.25 14.75 43 0 0 1.25 1.25 0 0 0 1 0 p/rect3.dat
4 16 0 16 7 0 16 27 2.5 16 27 7 16 7
1 16 5.5 7 8 0 0 -1.5 -1 1 0 1 0 0 p/rect.dat
4 16 7 8 7 4 8 7 3 13.5 7 7 16 7
4 16 3 13.5 7 0 13.5 7 0 16 7 7 16 7
4 16 9.5459 16 43.9541 7 16 42.2527 2.5 16 43 0 16 53.5
3 16 0 16 53.5 2.5 16 43 0 16 43
4 16 7 16 7 2.5 16 27 5.75 16 30 7 16 30
4 16 5.75 16 37 2.5 16 43 7 16 42.2527 7 16 37
4 16 5.75 16 30 2.5 16 27 2.5 16 43 5.75 16 37
1 16 6.375 11 37 -0.625 0 0 0 0 5 0 1 0 p/rect.dat
1 16 5.75 11 33.5 0 -1 0 -5 0 0 0 0 -3.5 p/rect3.dat
1 16 6.375 11 30 0 0 0.625 -5 0 0 0 -1 0 p/rect3.dat
1 16 7 11 39.62635 0 -1 0 0 0 5 -2.62635 0 0 p/rect2p.dat
4 16 4.78375 6 41.9513 4.78375 13.5 41.9513 2.5 13.5 41.4971 2.5 8.5 41.4971
4 16 0 6 41 4.78375 6 41.9513 2.5 8.5 41.4971 0 8.5 41
3 16 2.5 13.5 43 0 13.5 53.5 0 13.5 43
3 16 4.78375 13.5 41.9513 0 13.5 53.5 2.5 13.5 43
3 16 4.78375 13.5 41.9513 2.5 13.5 43 2.5 13.5 41.4971
4 16 5 6 14 4 6 14 4 6 9 7 6 9
1 16 7.75 10 14.125 0.75 0 0 0 -1 0 0 0 -3.125 p/rect.dat
1 16 7.75 6.625 14.125 0 0 0.75 0 1 0.625 -3.125 0 0 p/rect3.dat
1 16 8.5 8.625 14.125 0 -1 0 1.375 0 0 0 0 3.125 p/rect2p.dat
4 16 7 6 11 7 10 11 8.5 10 11 8.5 7.25 11
4 16 8.5 7.25 17.25 8.5 10 17.25 7 10 17.25 7 6 17.25
4 16 7 6 11 7 6 9 7 8 7 7 10 11
3 16 7 16 7 7 10 11 7 8 7
4 16 7 16 7 7 16 30 7 10 17.25 7 10 11
4 16 7 6 17.25 7 10 17.25 7 16 30 7 6 30
4 16 7 6 30 5.75 6 30 5 6 14 7 6 9
3 16 3 13.5 7 4 6 14 4 9 17
3 16 3 13.5 7 4 8 7 4 6 9
3 16 3 13.5 7 4 9 17 3 13.5 17
3 16 3 13.5 7 4 6 9 4 6 14
1 16 4.5 7.5 15.5 0 0 0.5 -1.5 1 0 -1.5 0 0 p/rect.dat
1 16 4 11.25 17 0.5 0 -0.5 0 0 2.25 0 -1 0 p/rect3.dat
1 16 5 5.25 24 0 -1 0 -0.75 0 0 0 0 -2 p/rect.dat
1 16 4.5 3.25 24 0 -1 -0.5 0 0 -1.25 2 0 0 p/rect3.dat
1 16 2.5 2 24 0 0 -1.5 0 1 0 2 0 0 p/rect3.dat
3 16 5 6 22 5.75 6 30 5 6 26
3 16 5 6 14 5.75 6 30 5 6 22
4 16 1 2 22 5 6 22 5 4.5 22 4 2 22
4 16 1 2 22 1 6 22 5 13.5 22 5 6 22
4 16 1 13.5 27 0 13.5 27 0 13.5 7 1 13.5 22
1 16 0.5 10 26.5 0 0 0.5 0 -1 0 0.5 0 0 p/rect3.dat
1 16 0.5 8 26 0 0 -0.5 -2 0 0 0 1 0 p/rect1.dat
3 16 5 13.5 22 1 6 22 1 10 22
3 16 4 13.5 17 5 9 17 5 13.5 22
4 16 5 6 22 5 13.5 22 5 9 17 5 6 14
4 16 3 13.5 17 1 13.5 22 0 13.5 7 3 13.5 7
3 16 1 10 22 1 13.5 22 5 13.5 22
4 16 1 13.5 22 3 13.5 17 4 13.5 17 5 13.5 22
4 16 0 8.5 41 2.5 8.5 41.4971 2.5 8.5 27 0 8.5 27
4 16 2.5 13.5 41.4971 2.5 16 27 2.5 8.5 27 2.5 8.5 41.4971
4 16 2.5 13.5 43 2.5 16 43 2.5 16 27 2.5 13.5 41.4971
4 16 2.5 16 27 0 16 27 0 13.5 27 1 13.5 27
4 16 2.5 8.5 27 1 10 27 0 10 27 0 8.5 27
4 16 2.5 16 27 1 13.5 27 1 10 27 2.5 8.5 27
4 16 5.16645 6 41.0273 0 6 40 5.75 6 30 5.75 6 37
4 16 5.16645 6 41.0273 5.75 6 37 7 6 37 7 6 42.2527
4 16 0 6 40 0 6 26 5 6 26 5.75 6 30
4 16 4 2 26 5 4.5 26 1 6 26 1 2 26
3 16 5 6 26 1 6 26 5 4.5 26
1 16 15 8.625 53.5 0 -1 0 1.375 0 0 0 0 3.125 p/rect.dat
3 16 13.5 6 53.5 12.8786 6 50.375 15 7.25 50.375
3 16 15 7.25 56.625 13.5 6 53.5 15 7.25 50.375
3 16 12.8786 6 56.625 13.5 6 53.5 15 7.25 56.625
4 16 12.8786 6 50.375 12.8786 10 50.375 15 10 50.375 15 7.25 50.375
3 16 15 10 50.375 12.8786 10 50.375 13.5 10 53.5
4 16 15 10 50.375 13.5 10 53.5 12.8786 10 56.625 15 10 56.625
4 16 15 7.25 56.625 15 10 56.625 12.8786 10 56.625 12.8786 6 56.625
4 16 12.4726 6 48.3336 12.4726 16 48.3336 12.8786 10 50.375 12.8786 6 50.375
4 16 12.8786 6 56.625 12.8786 10 56.625 12.4726 16 58.6664 12.4726 6 58.6664
4 16 12.8786 10 50.375 12.4726 16 48.3336 13.5 16 53.5 13.5 10 53.5
4 16 13.5 10 53.5 13.5 16 53.5 12.4727 16 58.6664 12.8786 10 56.625
4 16 1 10 26 1 10 27 1 13.5 27 1 13.5 22
4 16 1 2 26 1 10 26 1 13.5 22 1 2 22
