0 BFC CERTIFY CW
1 16 30 68.5 49.75 0 0 -10 4.5 -1 0 -0.25 -18 0 rect2p.dat
1 16 30 77.5 48.75 10 0 0 0 -1 4.5 0 -6 -0.75 rect3.dat
3 16 20 73 49.5 20 79.36 51 20 82 48
1 16 30 68.5 -49.75 0 0 10 4.5 -1 0 0.25 18 0 rect2p.dat
1 16 30 77.5 -48.75 -10 0 0 0 -1 4.5 0 6 0.75 rect3.dat
3 16 20 82 -48 20 79.36 -51 20 73 -49.5
0 BFC INVERTNEXT
1 16 30 82.8033 -14.3033 -10 0 0 0 -0.8033 0 0 -0.5368 33.1599 box2-7.dat
0 BFC INVERTNEXT
1 16 30 82.8033 44.3033 -10 0 0 0 -0.8033 0 0 0.5368 -3.1599 box2-7.dat
1 16 20 85 -10 0 -1 0 3 0 0 0 0 80 rect1.dat
1 16 20 73 30 0 20 0 10.6066 0 10.6066 10.6066 0 -10.6066 1-4cylo.dat
1 16 8 73 30 0 8 0 10.6066 0 10.6066 10.6066 0 -10.6066 1-4cylo.dat
1 16 12 82.8033 41.1434 -4 0 0 0 0 -0.8033 0 -1 0.5368 rect3.dat
1 16 12 82.8033 18.8566 4 0 0 0 0 -0.8033 0 1 -0.5368 rect3.dat
4 16 20 88 70 16 88 66 16 88 -86 20 88 -90
0 BFC INVERTNEXT
1 16 12 88 30 -4 0 0 0 -6 0 0 0 -18 box5.dat
4 16 8 88 12 8 88 48 4 88 48 4 88 12
0 BFC INVERTNEXT
1 16 9 86 -39 0 7 0 2 0 0 0 0 -47 box2-7.dat
4 16 16 84 -86 16 84 8 2 84 -50 2 84 -86
1 16 11 85 -90 9 0 0 0 0 3 0 1 0 rect.dat
4 16 2 88 -90 2 88 -86 2 84 -86 2 82 -90
4 16 2 84 -86 2 84 -50 2 82 -61 2 82 -90
4 16 16 88 -86 2 88 -86 2 88 -90 20 88 -90
0 BFC INVERTNEXT
1 16 9 88 59 0 0 7 0 -4 0 7 0 0 box4-4a.dat
1 16 11 85 70 9 0 0 0 0 3 0 -1 0 rect.dat
4 16 2 82 70 2 84 66 2 88 66 2 88 70
4 16 2 88 70 2 88 66 16 88 66 20 88 70
4 16 2 82 50 2 84 50 2 84 66 2 82 70
1 16 20 73 -90 0 -18 0 9 0 0 0 0 -9 2-4cylo.dat
1 16 20 73 -90 0 -18 0 1 0 0 0 0 1 axlehol4.dat
1 16 20 73 -90 0 -0.9 0 -3 0 0 0 0 -3 2-4ring2.dat
1 16 2 73 -90 0 0.9 0 -3 0 0 0 0 -3 2-4ring2.dat
1 16 20 73 -80 0 -18 0 1 0 0 0 0 1 npeghol4.dat
0 BFC INVERTNEXT
1 16 18.2 73 -70 0 -14.4 0 6 0 0 0 0 6 4-4cyli.dat
1 16 20 73 -70 0 -0.9 0 1 0 0 0 0 1 peghole.dat
1 16 2 73 -70 0 0.9 0 -1 0 0 0 0 1 peghole.dat
1 16 20 73 -70 0 -0.9 0 1 0 0 0 0 1 4-4ring8.dat
1 16 2 73 -70 0 0.9 0 -1 0 0 0 0 1 4-4ring8.dat
1 16 2 73 -70 0 18 0 -9 0 0 0 0 9 1-8ndis.dat
1 16 20 73 -70 0 -18 0 -9 0 0 0 0 9 1-8ndis.dat
1 16 2 73 -70 0 18 0 9 0 0 0 0 9 1-8ndis.dat
1 16 20 73 -70 0 -18 0 9 0 0 0 0 9 1-8ndis.dat
1 16 20 73 -70 0 -7.2 0 6.36 0 -6.36 6.36 0 6.36 1-4cylo.dat
1 16 12.8 73 -70 0 -1 0 6.36 0 -6.36 6.36 0 6.36 1-4ndis.dat
3 16 12.8 73 -57.28 12.8 79.36 -51 12.8 79.36 -63.64
3 16 12.8 66.64 -63.64 12.8 66.64 -51 12.8 73 -57.28
3 16 12.8 73 -57.28 12.8 66.64 -51 12.8 79.36 -51
0 BFC INVERTNEXT
1 16 16.4 73 -63.64 3.6 0 0 0 0 -6.36 0 12.64 0 box3u2p.dat
4 16 20 82 -61 20 79.36 -63.64 20 79.36 -51 20 82 -48
4 16 20 66.64 -51 20 66.64 -63.64 20 64 -61 20 64 -50
4 16 20 73 -49.5 20 79.36 -51 20 66.64 -51 20 64 -50
1 16 2 73 -70 0 7.2 0 -6.36 0 6.36 6.36 0 6.36 1-4cylo.dat
1 16 9.2 73 -70 0 1 0 6.36 0 -6.36 6.36 0 6.36 1-4ndis.dat
3 16 9.2 79.36 -63.64 9.2 79.36 -51 9.2 73 -57.28
3 16 9.2 73 -57.28 9.2 66.64 -51 9.2 66.64 -63.64
3 16 9.2 79.36 -51 9.2 66.64 -51 9.2 73 -57.28
0 BFC INVERTNEXT
1 16 5.6 73 -63.64 3.6 0 0 0 0 -6.36 0 12.64 0 box3u2p.dat
4 16 2 64 -61 2 66.64 -63.64 2 66.64 -51 2 64 -50
4 16 2 79.36 -51 2 79.36 -63.64 2 82 -61 2 84 -50
4 16 2 64 -50 2 66.64 -51 2 79.36 -51 2 84 -50
1 16 11 64 -70 0 0 -9 0 1 0 -20 0 0 rect2p.dat
1 16 11 64 60 9 0 0 0 1 0 0 0 -10 rect3.dat
1 16 2 73 50 0 1.8 0 -6.364 0 6.364 6.364 0 6.364 1-4cylc.dat
3 16 2 73 50 2 66.64 56.36 2 64 50
3 16 2 82 50 2 79.36 56.36 2 73 50
1 16 3.8 73 50 0 -18 0 -6.364 0 6.364 6.364 0 6.364 1-4chrd.dat
0 BFC INVERTNEXT
1 16 11.9 73 53.682 0 0 -8.1 6.36 0 0 0 -2.682 0 box2-7.dat
4 16 20 66.64 51 20 79.36 51 20 73 49.5 20 64 50
4 16 2 66.64 63.64 2 66.64 56.36 3.8 66.64 56.36 20 66.64 63.64
4 16 3.8 66.64 51 20 66.64 51 20 66.64 63.64 3.8 66.64 56.36
4 16 3.8 79.36 56.36 20 79.36 63.64 20 79.36 51 3.8 79.36 51
4 16 20 79.36 63.64 3.8 79.36 56.36 2 79.36 56.36 2 79.36 63.64
4 16 20 64 61 20 66.64 63.64 20 66.64 51 20 64 50
4 16 20 79.36 51 20 79.36 63.64 20 82 61 20 82 48
4 16 2 82 61 2 79.36 63.64 2 79.36 56.36 2 82 50
4 16 2 66.64 56.36 2 66.64 63.64 2 64 61 2 64 50
1 16 20 73 70 0 -1 0 9 0 0 0 0 -9 1-8ndis.dat
1 16 2 73 70 0 1 0 9 0 0 0 0 -9 1-8ndis.dat
1 16 20 73 70 0 -18 0 6.363 0 -6.363 -6.363 0 -6.363 1-16cylo.dat
1 16 20 73 70 0 -1 0 3 0 0 0 0 -3 3-16rin2.dat
1 16 2 73 70 0 1 0 3 0 0 0 0 -3 3-16rin2.dat
4 16 20 76.447 61.684 20 75 61.397 20 75 64.397 20 75.298 64.456
4 16 2 75 61.397 2 76.447 61.684 2 75.298 64.456 2 75 64.397
1 16 11 75.724 63.0405 -9 0 0 0 0 -0.7235 0 -1.5 -0.1435 box2-7.dat
1 16 2 73 70 0 1 0 -9 0 0 0 0 -9 1-8ndis.dat
1 16 20 73 70 0 -1 0 -9 0 0 0 0 -9 1-8ndis.dat
1 16 2 73 70 0 18 0 -6.363 0 6.363 -6.363 0 -6.363 1-16cylo.dat
1 16 2 73 70 0 1 0 -3 0 0 0 0 -3 3-16rin2.dat
1 16 20 73 70 0 -1 0 -3 0 0 0 0 -3 3-16rin2.dat
4 16 20 71 61.397 20 69.553 61.684 20 70.702 64.456 20 71 64.397
4 16 2 69.553 61.684 2 71 61.397 2 71 64.397 2 70.702 64.456
1 16 11 70.276 63.0405 9 0 0 0 0 0.7235 0 -1.5 -0.1435 box2-7.dat
1 16 2 73 70 0 18 0 -1 0 0 0 0 -1 axlehol4.dat
1 16 2 73 70 0 1 0 3 0 0 0 0 3 2-4ring2.dat
1 16 20 73 70 0 -1 0 3 0 0 0 0 3 2-4ring2.dat
1 16 2 73 70 0 18 0 -9 0 0 0 0 9 2-4cylo.dat
