0 BFC CERTIFY CW
4 16 12.82 -14.5 1.4 11.35 -16.13 1.4 3.05 -9.2 4.8 5.06 -6.97 4.8
4 16 12.82 -14.5 1.4 5.06 -6.97 4.8 5.06 -6.97 0 12.82 -14.5 0
4 16 11.35 -16.13 0 3.05 -9.2 0 3.05 -9.2 4.8 11.35 -16.13 1.4
4 16 -6.15 -18.35 1.4 -8.3 -17.89 1.4 -6.44 -7.25 4.8 -3.51 -7.87 4.8
4 16 -6.15 -18.35 1.4 -3.51 -7.87 4.8 -3.51 -7.87 0 -6.15 -18.35 0
4 16 -8.3 -17.89 0 -6.44 -7.25 0 -6.44 -7.25 4.8 -8.3 -17.89 1.4
4 16 -0.9 -8.57 4.8 1.96 -9.5 4.8 -1.76 -19.64 1.4 -3.85 -18.96 1.4
4 16 -3.85 -18.96 0 -0.9 -8.57 0 -0.9 -8.57 4.8 -3.85 -18.96 1.4
4 16 -1.76 -19.64 1.4 1.96 -9.5 4.8 1.96 -9.5 0 -1.76 -19.64 0
