0 BFC CERTIFY CCW
3 16 8 -9 -37 14 -9 -37 14 -10 -37
1 16 11 -6.222 -37.657 0 0 3 2.778 0 0 -.657 1 0 p/rect2p.dat
4 16 8 1.7224 -38.6581 8 3.445 -38.316 14 3.445 -38.316 14 1.7224 -38.6581
4 16 8 0 -38.8 8 1.7224 -38.6581 14 1.7224 -38.6581 14 0 -38.8
4 16 8 -1.7221 -38.6571 8 0 -38.8 14 0 -38.8 14 -1.7221 -38.6571
4 16 8 -3.444 -38.314 8 -1.7221 -38.6571 14 -1.7221 -38.6571 14 -3.444 -38.314
1 16 8 2.488 -36.006 0 6 0 .957 0 2.31 -2.31 0 .957 p/2-4cylo.dat
0 BFC INVERTNEXT
1 16 8 0 -30 0 6 0 -4 0 0 0 0 -4 p/5-16cylo.dat
0 BFC INVERTNEXT
1 16 8 0 -30 0 6 0 -4 0 0 0 0 4 p/5-16cylo.dat
1 16 11 2.515 -26.5 0 0 -3 .985 0 0 -.196 1 0 p/rect2p.dat
1 16 8 3.5 -25.196 0 6 0 1.5 0 0 0 0 -1.5 p/1-4cylo.dat
4 16 14 0 -38.8 14 1.7224 -38.6581 14 1.5308 -34 14 0 -34
1 16 14 2.488 -36.006 0 -1 0 .957 0 2.31 -2.31 0 .957 p/2-4chrd.dat
1 16 14 0 -30 0 -1 0 0 0 -4 4 0 0 p/2-4ndis.dat
1 16 14 0 -30 0 -1 0 0 0 4 4 0 0 p/1-16tndis.dat
1 16 14 0 -30 0 -1 0 0 0 4 -4 0 0 p/1-16tndis.dat
1 16 8 0 -30 0 1 0 0 0 4 4 0 0 p/1-16tndis.dat
1 16 8 0 -30 0 1 0 0 0 4 -4 0 0 p/1-16tndis.dat
1 16 14 3.5 -25.196 0 -1 0 1.5 0 0 0 0 -1.5 p/1-4chrd.dat
4 16 14 -9 -37 14 -3.444 -38.314 14 -4 -34 14 -7 -31
4 16 14 -7 -31 14 -10 -31 14 -10 -37 14 -9 -37
3 16 14 -6 -26.636 14 -7 -31 14 -4 -34
4 16 14 -7 -30 14 -7 -31 14 -6 -26.636 14 -6.5 -27.372
4 16 14 -6 -19.5 14 -6 -26.636 14 -4 -34 14 -4 -26
4 16 14 -4 -26 14 0 -26 14 5 -23 14 -6 -19.5
4 16 14 3.5 -26.696 14 5 -25.196 14 1.5308 -26 14 1.5308 -26.3044
4 16 14 0 -26 14 1.5308 -26 14 5 -25.196 14 5 -23
4 16 14 -6 -19.5 14 5 -23 14 7 -23 14 7 -19.5
4 16 14 0 -38.8 14 0 -34 14 -4 -34 14 -1.7221 -38.6571
3 16 14 -3.444 -38.314 14 -1.7221 -38.6571 14 -4 -34
4 16 14 1.7224 -38.6581 14 3.445 -38.316 14 1.5308 -33.6956 14 1.5308 -34
1 16 8 3.5 -25.196 0 1 0 1.5 0 0 0 0 -1.5 p/1-4chrd.dat
1 16 8 0 -30 0 1 0 0 0 -4 4 0 0 p/2-4ndis.dat
1 16 8 2.488 -36.006 0 1 0 .957 0 2.31 -2.31 0 .957 p/2-4chrd.dat
1 16 8 -2.506 -31 0 1 0 -6.494 0 0 0 0 6.494 p/3-16chrd.dat
3 16 8 5 -17 8 -4.9913 -25.0002 8 -5 -17
4 16 8 5 -17 8 0 -26 8 -4 -26 8 -4.9913 -25.0002
4 16 8 0 -26 8 5 -17 8 5 -25.196 8 1.5308 -26
4 16 8 1.5308 -26 8 5 -25.196 8 3.5 -26.696 8 1.5308 -26.3044
4 16 8 -4.9913 -25.0002 8 -4 -26 8 -4 -34 8 -9 -31
4 16 8 -9 -31 8 -4 -34 8 -3.444 -38.314 8 -9 -37
4 16 8 0 -34 8 -1.7221 -38.6571 8 -3.444 -38.314 8 -4 -34
3 16 8 0 -38.8 8 -1.7221 -38.6571 8 0 -34
4 16 8 1.7224 -38.6581 8 1.5308 -34 8 1.5308 -33.6956 8 3.445 -38.316
4 16 8 1.5308 -34 8 1.7224 -38.6581 8 0 -38.8 8 0 -34
4 16 10 5 -23 8 5 -25.196 8 5 -17 10 5 -11
3 16 8 5 -17 8 5 -15 10 5 -11
3 16 10 5 -11 8 5 -15 8 5 -11
4 16 14 5 -23 14 5 -25.196 8 5 -25.196 10 5 -23
1 16 12 6 -17 0 -2 0 1 0 0 0 0 -6 p/box2-5.dat
1 16 12.75 7 -9.75 1.25 0 0 0 -1 0 0 0 -1.25 p/1-4ndis.dat
1 16 12.75 7 -9.75 1.25 0 0 0 1 0 0 0 -1.25 p/1-4edge.dat
1 16 20 7 -17 -2.487 0 -6.005 0 -1 0 6.005 0 -2.487 p/1-4ndis.dat
4 16 14 7 -9.75 18 7 -9.75 17.999 7 -10.898 17.513 7 -10.995
3 16 14 7 -9.75 17.513 7 -10.995 14 7 -11
3 16 11.508 7 -13.482 14 7 -11 17.513 7 -10.995
3 16 10 7 -11 14 7 -11 11.508 7 -13.482
4 16 11.508 7 -13.482 13.995 7 -19.487 10 7 -23 10 7 -11
4 16 10 7 -23 13.995 7 -19.487 14 7 -19.5 14 7 -23
0 BFC INVERTNEXT
1 16 20 -6 -17 -6.005 0 -2.487 0 13 0 -2.487 0 6.005 p/1-4cylo.dat
1 16 17.756 .5 -10.947 0 0 .243 6.5 0 0 0 1 .049 p/rect3.dat
1 16 13.9975 .5 -19.4935 0 -1 .0025 -6.5 0 0 0 0 -.0065 p/rect3.dat
0 BFC INVERTNEXT
1 16 7 0 -13 0 0 1 0 -5 0 2 0 0 p/box2-5.dat
1 16 7 0 -16 1 0 0 5 -1 0 0 0 1 p/rect.dat
3 16 8 5 -15 6 -5 -15 8 -5 -15
3 16 8 -5 -17 6 -5 -17 8 5 -17
4 16 8 -4.9913 -25.0002 6 -4.9975 -23.9891 6 -5 -17 8 -5 -17
1 16 6 -4.376 -19 0 1 0 -1.624 0 0 0 0 -5.4 p/3-16chrd.dat
3 16 6 -4.9975 -23.9891 6 -6 -19 6 -5 -17
3 16 6 -6 -11 6 -5 -11 6 -5 -15
4 16 6 -5 -15 6 -5 -17 6 -6 -19 6 -6 -11
0 BFC INVERTNEXT
1 16 12.75 -10 -9.75 1.25 0 0 0 17 0 0 0 -1.25 p/1-4cyli.dat
4 16 8 -5 -11 6 -5 -11 6 -6 -11 12.75 -10 -11
4 16 10 5 -11 8 5 -11 8 -5 -11 12.75 -10 -11
4 16 12.75 7 -11 10 7 -11 10 5 -11 12.75 -10 -11
1 16 16 6.5 -4.875 0 0 2 -.5 -1 0 4.875 0 0 p/rect2p.dat
1 16 16 -6 -1.5 2 0 0 0 1 0 0 0 -1.5 p/rect3.dat
1 16 14 0 0 0 4 0 6 0 0 0 0 6 p/2-4cylo.dat
4 16 14 -10 -9.75 14 -4 -4 14 4 -4 14 7 -9.75
4 16 14 -6 -3 14 -4 -4 14 -10 -9.75 14 -10 -3
4 16 14 -6 0 14 -4 0 14 -4 -4 14 -6 -3
1 16 14 0 0 0 1 0 2 0 0 0 0 2 p/2-4ring2.dat
1 16 14 0 0 0 1 0 -4 0 0 0 0 -4 p/2-4ndis.dat
4 16 14 4 -4 14 4 0 14 6 0 14 7 -9.75
4 16 18 -6 -3 17.999 -6 -10.898 17.999 7 -10.898 18 7 -9.75
