0 BFC CERTIFY CCW
1 16 0 3 0 23 0 0 0 8 0 0 0 23 p/box4.dat
1 16 0 11 0 -9 0 0 0 -1 0 0 0 9 p/4-4ndis.dat
1 16 0 11 0 -9 0 0 0 1 0 0 0 -9 p/4-4edge.dat
1 16 0 28 0 -9 0 0 0 1 0 0 0 -9 p/4-4edge.dat
1 16 0 28 0 -20 0 0 0 1 0 0 0 -20 p/4-4edge.dat
1 16 0 11 0 -20 0 0 0 1 0 0 0 -20 p/4-4edge.dat
1 16 0 11 0 -17 0 0 0 1 0 0 0 -17 p/4-4edge.dat
1 16 0 28 0 -17 0 0 0 1 0 0 0 -17 p/4-4edge.dat
0 BFC INVERTNEXT
1 16 0 28 0 -17 0 0 0 -17 0 0 0 -17 p/4-4cyli.dat
1 16 0 28 0 -20 0 0 0 -17 0 0 0 -20 p/4-4cyli.dat
1 16 0 28 0 -3 0 0 0 -1 0 0 0 3 p/4-4ring2.dat
1 16 0 28 0 -2 0 0 0 -1 0 0 0 2 p/4-4ring9.dat
1 16 0 28 0 -1 0 0 0 -1 0 0 0 1 p/4-4rin17.dat
1 16 0 11 0 -9 0 0 0 17 0 0 0 -9 p/4-4cyli.dat
0 BFC INVERTNEXT
1 16 0 10 0 -6 0 0 0 18 0 0 0 -6 p/4-4cyli.dat
1 16 0 28 0 -6 0 0 0 18 0 0 0 -6 p/4-4edge.dat
4 16 23 11 23 9 11 9 -9 11 9 -23 11 23
4 16 23 11 -23 9 11 -9 9 11 9 23 11 23
4 16 -23 11 -23 -9 11 -9 9 11 -9 23 11 -23
4 16 -23 11 23 -9 11 9 -9 11 -9 -23 11 -23
4 16 1.5 11 -8.7017 1.5 11 -16.7017 1.5 28 -16.7017 1.5 28 -8.7017
4 16 -1.5 28 -8.7017 -1.5 28 -16.7017 -1.5 11 -16.7017 -1.5 11 -8.7017
4 16 -1.5 28 -16.7017 -1.5 28 -8.7017 0 28 -9 0 28 -17
4 16 0 28 -17 0 28 -9 1.5 28 -8.7017 1.5 28 -16.7017
4 16 8.3821 11 3.1074 8.3821 28 3.1074 15.306 28 7.1049 15.306 11 7.1049
4 16 13.6355 11 9.6045 13.6355 28 9.6045 6.8257 28 5.6729 6.8257 11 5.6729
4 16 6.8257 28 5.6729 13.6355 28 9.6045 15.306 28 7.1049 8.3151 28 3.4443
3 16 15.306 28 7.1049 8.3821 28 3.1074 8.3151 28 3.4443
4 16 -15.306 11 7.1049 -15.306 28 7.1049 -8.3821 28 3.1074 -8.3821 11 3.1074
4 16 -6.8257 11 5.6729 -6.8257 28 5.6729 -13.6355 28 9.6045 -13.6355 11 9.6045
4 16 -8.3151 28 3.4443 -15.306 28 7.1049 -13.6355 28 9.6045 -6.8257 28 5.6729
3 16 -8.3151 28 3.4443 -8.3821 28 3.1074 -15.306 28 7.1049
1 16 0 8 0 -1 0 0 0 1 0 0 0 -1 p/peghole.dat
1 16 0 8 0 -8 0 0 0 1 0 0 0 -8 p/4-4ndis.dat
4 16 -20 8 20 -8 8 8 8 8 8 20 8 20
4 16 20 8 20 8 8 8 8 8 -8 20 8 -20
4 16 20 8 -20 8 8 -8 -8 8 -8 -20 8 -20
4 16 -20 8 -20 -8 8 -8 -8 8 8 -20 8 20
