0 BFC CERTIFY CCW
4 16 -4.975 6.042 -12.01 -4.975 0 -12.01 0 0 -13 -3.607 6.722 -12.288
3 16 -1.471 8.691 -19.006 -1.956 8.43 -15.411 -1.513 11.436 -19.59
3 16 -1.91 10.984 -12.616 -1.513 11.436 -19.59 -1.956 8.43 -15.411
4 16 -2.336 13.15 -18.456 -1.513 11.436 -19.59 -1.91 10.984 -12.616 -2.574 12.556 -12.485
3 16 -2.336 13.15 -18.456 -2.574 12.556 -12.485 -3.874 14.254 -17.793
3 16 -2.574 12.556 -12.485 -4.975 13.884 -12.01 -3.874 14.254 -17.793
3 16 -4.975 13.884 -12.01 -6.123 14.747 -17.158 -3.874 14.254 -17.793
3 16 -9.556 8.189 -8.646 -8.345 6.73 -9.77 -9.944 8.233 -14.579
3 16 -9.944 8.233 -14.579 -8.345 6.73 -9.77 -8.677 6.693 -14.957
3 16 -8.345 6.73 -9.77 -6.717 6.028 -10.842 -8.677 6.693 -14.957
3 16 -8.677 6.693 -14.957 -6.717 6.028 -10.842 -7.18 5.928 -15.084
3 16 -6.717 6.028 -10.842 -4.975 6.042 -12.01 -7.18 5.928 -15.084
3 16 -7.18 5.928 -15.084 -4.975 6.042 -12.01 -5.089 5.864 -15.137
3 16 -4.975 6.042 -12.01 -3.607 6.722 -12.288 -5.089 5.864 -15.137
3 16 -5.089 5.864 -15.137 -3.607 6.722 -12.288 -3.358 6.677 -15.165
4 16 -3.358 6.677 -15.165 -3.607 6.722 -12.288 -2.168 8.546 -12.569 -1.956 8.43 -15.411
3 16 -7.338 14.05 -10.43 -8.48 13.41 -9.667 -7.661 14.137 -15.22
3 16 -7.661 14.137 -15.22 -8.48 13.41 -9.667 -8.751 13.369 -14.278
3 16 -9.944 8.233 -14.579 -10.453 9.785 -13.798 -9.556 8.189 -8.646
3 16 -10.453 9.785 -13.798 -10.146 9.906 -7.765 -9.556 8.189 -8.646
3 16 -10.453 9.785 -13.798 -9.544 12.246 -13.175 -10.146 9.906 -7.765
3 16 -9.192 12.18 -9.192 -10.146 9.906 -7.765 -9.544 12.246 -13.175
3 16 -8.48 13.41 -9.667 -9.192 12.18 -9.192 -8.751 13.369 -14.278
3 16 -8.751 13.369 -14.278 -9.192 12.18 -9.192 -9.544 12.246 -13.175
3 16 -6.123 14.747 -17.158 -4.975 13.884 -12.01 -7.661 14.137 -15.22
3 16 -4.975 13.884 -12.01 -7.338 14.05 -10.43 -7.661 14.137 -15.22
3 16 -1.956 8.43 -15.411 -2.168 8.546 -12.569 -1.91 10.984 -12.616
4 16 -7.266 24.352 -15.831 -5.959 29.358 -15.047 0 25.811 -16.826 -5.053 21.072 -16.904
3 16 0 30.096 -15.88 0 25.811 -16.826 -5.959 29.358 -15.047
3 16 -16.233 15.481 -11.803 -15.995 18.05 -11.871 -14.728 16.752 -12.932
3 16 -14.728 16.752 -12.932 -15.995 18.05 -11.871 -12.621 19.905 -13.979
3 16 -15.995 18.05 -11.871 -13.823 22.833 -12.941 -12.621 19.905 -13.979
4 16 -10.099 22.154 -15.032 -12.621 19.905 -13.979 -13.823 22.833 -12.941 -10.103 26.799 -14.378
3 16 -5.959 29.358 -15.047 -7.266 24.352 -15.831 -10.103 26.799 -14.378
4 16 -10.099 22.154 -15.032 -10.103 26.799 -14.378 -7.266 24.352 -15.831 -8.136 19.521 -16.181
3 16 -14.728 16.752 -12.932 -12.621 19.905 -13.979 -12.978 13.767 -14.33
3 16 -10.668 17.105 -15.352 -12.978 13.767 -14.33 -12.621 19.905 -13.979
3 16 -12.621 19.905 -13.979 -10.099 22.154 -15.032 -10.668 17.105 -15.352
3 16 -10.099 22.154 -15.032 -8.136 19.521 -16.181 -10.668 17.105 -15.352
3 16 -5.053 21.072 -16.904 -8.136 19.521 -16.181 -7.266 24.352 -15.831
3 16 -14.728 16.752 -12.932 -15.122 13.7 -12.827 -16.233 15.481 -11.803
3 16 -12.978 13.767 -14.33 -14.034 13.182 -13.64 -14.728 16.752 -12.932
3 16 -14.728 16.752 -12.932 -14.034 13.182 -13.64 -15.122 13.7 -12.827
3 16 0 25.811 -16.826 0 22.033 -17.395 -5.053 21.072 -16.904
3 16 -9.948 16.205 -15.518 -11.219 14.494 -14.83 -10.668 17.105 -15.352
3 16 -10.668 17.105 -15.352 -11.219 14.494 -14.83 -12.978 13.767 -14.33
3 16 -7.688 18.614 -16.253 -9.948 16.205 -15.518 -8.136 19.521 -16.181
3 16 -8.136 19.521 -16.181 -9.948 16.205 -15.518 -10.668 17.105 -15.352
3 16 -8.136 19.521 -16.181 -5.053 21.072 -16.904 -7.688 18.614 -16.253
3 16 -5.053 21.072 -16.904 -4.649 20.351 -16.74 -7.688 18.614 -16.253
3 16 -5.053 21.072 -16.904 0 22.033 -17.395 -4.649 20.351 -16.74
3 16 0 22.033 -17.395 0 21.269 -17.256 -4.649 20.351 -16.74
3 16 -9.168 16.062 -15.028 -10.521 14.496 -14.175 -9.948 16.205 -15.518
3 16 -9.948 16.205 -15.518 -10.521 14.496 -14.175 -11.219 14.494 -14.83
3 16 -9.948 16.205 -15.518 -7.688 18.614 -16.253 -9.168 16.062 -15.028
3 16 -7.688 18.614 -16.253 -6.704 18.196 -15.663 -9.168 16.062 -15.028
3 16 -7.688 18.614 -16.253 -4.649 20.351 -16.74 -6.704 18.196 -15.663
3 16 -4.649 20.351 -16.74 -4.212 19.554 -16.229 -6.704 18.196 -15.663
3 16 0 21.269 -17.256 0 20.171 -16.613 -4.212 19.554 -16.229
3 16 0 21.269 -17.256 -4.212 19.554 -16.229 -4.649 20.351 -16.74
4 16 -9.753 14.297 -14.274 -10.521 14.496 -14.175 -9.168 16.062 -15.028 -8.454 15.5 -14.991
4 16 -5.687 17.966 -15.771 -8.454 15.5 -14.991 -6.704 18.196 -15.663 -4.212 19.554 -16.229
3 16 -6.704 18.196 -15.663 -8.454 15.5 -14.991 -9.168 16.062 -15.028
3 16 -4.212 19.554 -16.229 -3.333 18.725 -16.262 -5.687 17.966 -15.771
4 16 -3.333 18.725 -16.262 -4.212 19.554 -16.229 0 20.171 -16.613 0 19.097 -16.567
3 16 -5.973 16.295 -16.036 -7.759 14.812 -15.474 -8.454 15.5 -14.991
3 16 -7.759 14.812 -15.474 -9.164 13.821 -14.558 -8.454 15.5 -14.991
3 16 -9.164 13.821 -14.558 -9.753 14.297 -14.274 -8.454 15.5 -14.991
3 16 -8.454 15.5 -14.991 -5.687 17.966 -15.771 -5.973 16.295 -16.036
3 16 -5.687 17.966 -15.771 -4.325 17.646 -16.333 -5.973 16.295 -16.036
3 16 -5.687 17.966 -15.771 -3.333 18.725 -16.262 -4.325 17.646 -16.333
3 16 -3.333 18.725 -16.262 -2.356 18.072 -17.213 -4.325 17.646 -16.333
3 16 -3.333 18.725 -16.262 0 19.097 -16.567 -2.356 18.072 -17.213
3 16 0 19.097 -16.567 0 18.317 -17.419 -2.356 18.072 -17.213
3 16 -7.759 14.812 -15.474 -5.973 16.295 -16.036 -6.423 15.299 -17.057
3 16 -5.973 16.295 -16.036 -5.163 16.429 -17.451 -6.423 15.299 -17.057
3 16 -3.817 17.33 -17.757 -5.163 16.429 -17.451 -4.325 17.646 -16.333
3 16 -4.325 17.646 -16.333 -5.163 16.429 -17.451 -5.973 16.295 -16.036
3 16 -4.325 17.646 -16.333 -2.356 18.072 -17.213 -3.817 17.33 -17.757
3 16 -1.736 17.978 -18.364 -3.817 17.33 -17.757 -2.356 18.072 -17.213
3 16 -2.356 18.072 -17.213 0 18.317 -17.419 -1.736 17.978 -18.364
3 16 0 -3.226 -19.833 -.884 -2.081 -19.937 -.919 .676 -20.563
3 16 -12.45 13.059 -14.052 -11.219 14.494 -14.83 -11.347 13.171 -13.274
3 16 -10.521 14.496 -14.175 -11.347 13.171 -13.274 -11.219 14.494 -14.83
3 16 -9.753 14.297 -14.274 -10.615 12.872 -13.26 -10.521 14.496 -14.175
3 16 -10.521 14.496 -14.175 -10.615 12.872 -13.26 -11.347 13.171 -13.274
3 16 -9.164 13.821 -14.558 -10.052 12.359 -13.39 -9.753 14.297 -14.274
3 16 -9.753 14.297 -14.274 -10.052 12.359 -13.39 -10.615 12.872 -13.26
3 16 -11.347 13.171 -13.274 -12.119 10.528 -13.126 -12.45 13.059 -14.052
3 16 -12.45 13.059 -14.052 -12.119 10.528 -13.126 -12.994 10.884 -13.452
3 16 -10.615 12.872 -13.26 -11.386 10.437 -13.169 -11.347 13.171 -13.274
3 16 -11.386 10.437 -13.169 -12.119 10.528 -13.126 -11.347 13.171 -13.274
3 16 -11.386 10.437 -13.169 -10.615 12.872 -13.26 -10.872 9.874 -13.644
3 16 -10.872 9.874 -13.644 -10.615 12.872 -13.26 -10.052 12.359 -13.39
3 16 -13.429 8.264 -13.396 -12.994 10.884 -13.452 -12.426 8.186 -13.213
3 16 -12.119 10.528 -13.126 -12.426 8.186 -13.213 -12.994 10.884 -13.452
3 16 -12.426 8.186 -13.213 -12.119 10.528 -13.126 -11.751 8.051 -13.375
3 16 -11.751 8.051 -13.375 -12.119 10.528 -13.126 -11.386 10.437 -13.169
3 16 -10.872 9.874 -13.644 -10.918 7.979 -14.494 -11.386 10.437 -13.169
3 16 -10.918 7.979 -14.494 -11.751 8.051 -13.375 -11.386 10.437 -13.169
3 16 -12.959 4.994 -13.9 -13.429 8.264 -13.396 -11.973 5.103 -13.663
3 16 -12.426 8.186 -13.213 -11.973 5.103 -13.663 -13.429 8.264 -13.396
3 16 -11.751 8.051 -13.375 -11.364 5.355 -13.798 -12.426 8.186 -13.213
3 16 -11.364 5.355 -13.798 -11.973 5.103 -13.663 -12.426 8.186 -13.213
3 16 -11.364 5.355 -13.798 -11.751 8.051 -13.375 -10.683 6.156 -14.845
3 16 -10.918 7.979 -14.494 -10.683 6.156 -14.845 -11.751 8.051 -13.375
3 16 -11.873 2.666 -14.486 -12.959 4.994 -13.9 -10.974 3.37 -14.136
3 16 -11.973 5.103 -13.663 -10.974 3.37 -14.136 -12.959 4.994 -13.9
3 16 -11.364 5.355 -13.798 -10.112 4.28 -14.535 -11.973 5.103 -13.663
3 16 -10.112 4.28 -14.535 -10.974 3.37 -14.136 -11.973 5.103 -13.663
3 16 -10.683 6.156 -14.845 -9.579 4.573 -15.354 -11.364 5.355 -13.798
3 16 -9.579 4.573 -15.354 -10.112 4.28 -14.535 -11.364 5.355 -13.798
3 16 -9.547 .889 -15.741 -11.873 2.666 -14.486 -8.754 1.967 -15.203
3 16 -10.974 3.37 -14.136 -8.754 1.967 -15.203 -11.873 2.666 -14.486
4 16 -8.327 2.986 -15.383 -8.754 1.967 -15.203 -10.974 3.37 -14.136 -10.112 4.28 -14.535
3 16 -9.579 4.573 -15.354 -7.791 3.635 -16.1 -10.112 4.28 -14.535
3 16 -7.791 3.635 -16.1 -8.327 2.986 -15.383 -10.112 4.28 -14.535
3 16 -6.218 .204 -17.295 -9.547 .889 -15.741 -6.326 1.109 -16.415
3 16 -8.754 1.967 -15.203 -6.326 1.109 -16.415 -9.547 .889 -15.741
3 16 -7.791 3.635 -16.1 -6.236 3.38 -16.703 -8.327 2.986 -15.383
3 16 -6.236 3.38 -16.703 -6.354 2.203 -16.184 -8.327 2.986 -15.383
3 16 -3.785 1.747 -17.383 -3.797 .774 -18.221 -6.326 1.109 -16.415
3 16 -6.326 1.109 -16.415 -3.797 .774 -18.221 -6.218 .204 -17.295
4 16 -6.354 2.203 -16.184 -3.785 1.747 -17.383 -6.326 1.109 -16.415 -8.754 1.967 -15.203
3 16 -6.354 2.203 -16.184 -3.976 2.68 -17.196 -3.785 1.747 -17.383
3 16 -6.354 2.203 -16.184 -6.236 3.38 -16.703 -3.976 2.68 -17.196
3 16 -6.236 3.38 -16.703 -4.04 3.633 -17.67 -3.976 2.68 -17.196
3 16 -4.04 3.633 -17.67 -3.602 2.551 -17.991 -3.976 2.68 -17.196
3 16 -3.785 1.747 -17.383 -3.976 2.68 -17.196 -3.602 2.551 -17.991
3 16 -3.785 1.747 -17.383 -3.602 2.551 -17.991 -3.797 .774 -18.221
3 16 -9.944 8.233 -14.579 -10.534 7.722 -14.739 -10.602 9.05 -14.316
3 16 -10.602 9.05 -14.316 -10.534 7.722 -14.739 -10.918 7.979 -14.494
3 16 -10.683 6.156 -14.845 -10.918 7.979 -14.494 -10.264 6.225 -15.046
3 16 -10.918 7.979 -14.494 -10.534 7.722 -14.739 -10.264 6.225 -15.046
3 16 -9.579 4.573 -15.354 -10.683 6.156 -14.845 -9.374 4.9 -15.526
3 16 -10.683 6.156 -14.845 -10.264 6.225 -15.046 -9.374 4.9 -15.526
3 16 -9.579 4.573 -15.354 -9.374 4.9 -15.526 -7.791 3.635 -16.1
3 16 -7.791 3.635 -16.1 -9.374 4.9 -15.526 -8.021 4.248 -16.048
3 16 -6.393 3.945 -16.606 -6.236 3.38 -16.703 -8.021 4.248 -16.048
3 16 -7.791 3.635 -16.1 -8.021 4.248 -16.048 -6.236 3.38 -16.703
3 16 -4.081 4.138 -17.477 -4.04 3.633 -17.67 -6.393 3.945 -16.606
3 16 -6.236 3.38 -16.703 -6.393 3.945 -16.606 -4.04 3.633 -17.67
3 16 -10.264 6.225 -15.046 -10.534 7.722 -14.739 -8.677 6.693 -14.957
3 16 -10.534 7.722 -14.739 -9.944 8.233 -14.579 -8.677 6.693 -14.957
3 16 -7.18 5.928 -15.084 -9.374 4.9 -15.526 -8.677 6.693 -14.957
3 16 -10.264 6.225 -15.046 -8.677 6.693 -14.957 -9.374 4.9 -15.526
3 16 -9.374 4.9 -15.526 -7.18 5.928 -15.084 -8.021 4.248 -16.048
3 16 -5.089 5.864 -15.137 -6.393 3.945 -16.606 -7.18 5.928 -15.084
3 16 -8.021 4.248 -16.048 -7.18 5.928 -15.084 -6.393 3.945 -16.606
3 16 -3.358 6.677 -15.165 -4.081 4.138 -17.477 -5.089 5.864 -15.137
3 16 -6.393 3.945 -16.606 -5.089 5.864 -15.137 -4.081 4.138 -17.477
3 16 -12.45 13.059 -14.052 -12.994 10.884 -13.452 -13.25 12.368 -13.553
3 16 -12.994 10.884 -13.452 -13.915 10.838 -13.067 -13.25 12.368 -13.553
3 16 -12.994 10.884 -13.452 -13.429 8.264 -13.396 -13.915 10.838 -13.067
3 16 -13.429 8.264 -13.396 -14.313 8.407 -12.834 -13.915 10.838 -13.067
3 16 -14.313 8.407 -12.834 -13.429 8.264 -13.396 -14.298 4.734 -13.254
3 16 -12.959 4.994 -13.9 -14.298 4.734 -13.254 -13.429 8.264 -13.396
3 16 -13.925 2.155 -13.394 -14.298 4.734 -13.254 -11.873 2.666 -14.486
3 16 -11.873 2.666 -14.486 -14.298 4.734 -13.254 -12.959 4.994 -13.9
3 16 -12.51 -.259 -14.157 -13.925 2.155 -13.394 -11.873 2.666 -14.486
3 16 -10.058 -1.544 -15.524 -9.547 .889 -15.741 -6.387 -1.288 -17.323
3 16 -6.218 .204 -17.295 -6.387 -1.288 -17.323 -9.547 .889 -15.741
3 16 -6.387 -1.288 -17.323 -6.218 .204 -17.295 -3.379 -.393 -18.424
3 16 -3.797 .774 -18.221 -3.379 -.393 -18.424 -6.218 .204 -17.295
3 16 -12.51 -.259 -14.157 -11.873 2.666 -14.486 -10.058 -1.544 -15.524
3 16 -9.547 .889 -15.741 -10.058 -1.544 -15.524 -11.873 2.666 -14.486
4 16 -14.624 8.393 -11.939 -14.188 10.988 -12.2 -13.915 10.838 -13.067 -14.313 8.407 -12.834
3 16 -14.82 4.512 -12.236 -14.624 8.393 -11.939 -14.298 4.734 -13.254
3 16 -14.298 4.734 -13.254 -14.624 8.393 -11.939 -14.313 8.407 -12.834
4 16 -13.925 2.155 -13.394 -14.443 1.672 -12.365 -14.82 4.512 -12.236 -14.298 4.734 -13.254
3 16 -12.51 -.259 -14.157 -13.044 -.851 -12.925 -13.925 2.155 -13.394
3 16 -13.925 2.155 -13.394 -13.044 -.851 -12.925 -14.443 1.672 -12.365
3 16 -10.448 -2.416 -14.224 -10.058 -1.544 -15.524 -6.237 -2.183 -16.651
3 16 -6.387 -1.288 -17.323 -6.237 -2.183 -16.651 -10.058 -1.544 -15.524
3 16 -6.387 -1.288 -17.323 -3.379 -.393 -18.424 -6.237 -2.183 -16.651
3 16 -3.379 -.393 -18.424 -3.294 -1.137 -18.105 -6.237 -2.183 -16.651
3 16 -13.044 -.851 -12.925 -12.51 -.259 -14.157 -10.448 -2.416 -14.224
3 16 -10.058 -1.544 -15.524 -10.448 -2.416 -14.224 -12.51 -.259 -14.157
3 16 -15.611 8.659 -11.322 -14.813 11.138 -11.853 -14.624 8.393 -11.939
3 16 -14.624 8.393 -11.939 -14.813 11.138 -11.853 -14.188 10.988 -12.2
3 16 -16.128 4.639 -11.671 -15.611 8.659 -11.322 -14.82 4.512 -12.236
3 16 -14.82 4.512 -12.236 -15.611 8.659 -11.322 -14.624 8.393 -11.939
3 16 -15.176 .988 -12.014 -16.128 4.639 -11.671 -14.443 1.672 -12.365
3 16 -14.443 1.672 -12.365 -16.128 4.639 -11.671 -14.82 4.512 -12.236
3 16 -15.176 .988 -12.014 -14.443 1.672 -12.365 -13.601 -1.955 -12.575
3 16 -13.044 -.851 -12.925 -13.601 -1.955 -12.575 -14.443 1.672 -12.365
3 16 -6.237 -2.183 -16.651 -5.969 -3.261 -16.733 -8.532 -3.629 -15.117
4 16 -2.955 -1.991 -18.233 -5.969 -3.261 -16.733 -6.237 -2.183 -16.651 -3.294 -1.137 -18.105
3 16 -10.816 -3.66 -13.936 -13.601 -1.955 -12.575 -10.448 -2.416 -14.224
3 16 -10.448 -2.416 -14.224 -13.601 -1.955 -12.575 -13.044 -.851 -12.925
3 16 -16.441 8.701 -11.237 -15.392 11.277 -11.777 -15.611 8.659 -11.322
3 16 -15.611 8.659 -11.322 -15.392 11.277 -11.777 -14.813 11.138 -11.853
4 16 -15.611 8.659 -11.322 -16.128 4.639 -11.671 -16.876 4.776 -11.593 -16.441 8.701 -11.237
3 16 -15.995 .407 -12.071 -16.876 4.776 -11.593 -15.176 .988 -12.014
3 16 -15.176 .988 -12.014 -16.876 4.776 -11.593 -16.128 4.639 -11.671
3 16 -15.176 .988 -12.014 -13.601 -1.955 -12.575 -15.995 .407 -12.071
3 16 -13.601 -1.955 -12.575 -14.58 -2.58 -12.671 -15.995 .407 -12.071
4 16 -5.969 -3.261 -16.733 -5.845 -4.358 -17.54 -8.703 -5.015 -15.89 -8.532 -3.629 -15.117
3 16 -2.955 -1.991 -18.233 -2.89 -2.923 -18.712 -5.969 -3.261 -16.733
3 16 -5.969 -3.261 -16.733 -2.89 -2.923 -18.712 -5.845 -4.358 -17.54
3 16 -11.107 -5.017 -14.586 -14.58 -2.58 -12.671 -10.816 -3.66 -13.936
3 16 -10.816 -3.66 -13.936 -14.58 -2.58 -12.671 -13.601 -1.955 -12.575
3 16 -8.532 -3.629 -15.117 -10.816 -3.66 -13.936 -10.448 -2.416 -14.224
3 16 -8.703 -5.015 -15.89 -11.107 -5.017 -14.586 -8.532 -3.629 -15.117
3 16 -8.532 -3.629 -15.117 -11.107 -5.017 -14.586 -10.816 -3.66 -13.936
3 16 -6.237 -2.183 -16.651 -8.532 -3.629 -15.117 -10.448 -2.416 -14.224
3 16 -3.379 -.393 -18.424 -2.442 -1.787 -18.885 -3.294 -1.137 -18.105
3 16 -3.294 -1.137 -18.105 -2.442 -1.787 -18.885 -2.955 -1.991 -18.233
3 16 -2.955 -1.991 -18.233 -2.442 -1.787 -18.885 -2.89 -2.923 -18.712
3 16 -14.813 11.138 -11.853 -14.774 11.877 -12.466 -14.188 10.988 -12.2
3 16 -15.392 11.277 -11.777 -14.774 11.877 -12.466 -14.813 11.138 -11.853
3 16 -14.188 10.988 -12.2 -14.031 11.573 -13.062 -13.915 10.838 -13.067
3 16 -14.774 11.877 -12.466 -14.031 11.573 -13.062 -14.188 10.988 -12.2
3 16 -17.669 8.219 -9.91 -16.441 8.701 -11.237 -18.219 2.311 -9.861
3 16 -16.876 4.776 -11.593 -18.219 2.311 -9.861 -16.441 8.701 -11.237
3 16 -16.876 4.776 -11.593 -15.995 .407 -12.071 -18.219 2.311 -9.861
3 16 -15.995 .407 -12.071 -17.297 -.539 -10.587 -18.219 2.311 -9.861
4 16 -15.337 -4.046 -11.567 -17.297 -.539 -10.587 -15.995 .407 -12.071 -14.58 -2.58 -12.671
3 16 -11.652 -6.956 -13.621 -11.107 -5.017 -14.586 -8.452 -7.452 -15.445
3 16 -8.703 -5.015 -15.89 -8.452 -7.452 -15.445 -11.107 -5.017 -14.586
3 16 -2.429 -5.182 -18.659 -5.73 -6.645 -17.283 -2.89 -2.923 -18.712
3 16 -2.89 -2.923 -18.712 -5.73 -6.645 -17.283 -5.845 -4.358 -17.54
3 16 -15.337 -4.046 -11.567 -14.58 -2.58 -12.671 -11.652 -6.956 -13.621
3 16 -11.107 -5.017 -14.586 -11.652 -6.956 -13.621 -14.58 -2.58 -12.671
3 16 -8.452 -7.452 -15.445 -8.703 -5.015 -15.89 -5.73 -6.645 -17.283
3 16 -5.845 -4.358 -17.54 -5.73 -6.645 -17.283 -8.703 -5.015 -15.89
3 16 -17.452 -.826 -9.365 -18.506 2.651 -9.201 -17.297 -.539 -10.587
3 16 -17.297 -.539 -10.587 -18.506 2.651 -9.201 -18.219 2.311 -9.861
3 16 -17.452 -.826 -9.365 -17.297 -.539 -10.587 -15.305 -4.504 -10.368
3 16 -15.305 -4.504 -10.368 -17.297 -.539 -10.587 -15.337 -4.046 -11.567
3 16 -11.689 -7.411 -12.186 -11.652 -6.956 -13.621 -8.202 -8.16 -14.514
3 16 -8.452 -7.452 -15.445 -8.202 -8.16 -14.514 -11.652 -6.956 -13.621
3 16 -2.429 -5.182 -18.659 -2.311 -6.504 -17.693 -5.73 -6.645 -17.283
3 16 -5.73 -6.645 -17.283 -2.311 -6.504 -17.693 -4.92 -7.532 -16.514
4 16 -15.337 -4.046 -11.567 -11.652 -6.956 -13.621 -11.689 -7.411 -12.186 -15.305 -4.504 -10.368
3 16 -8.202 -8.16 -14.514 -8.452 -7.452 -15.445 -4.92 -7.532 -16.514
3 16 -5.73 -6.645 -17.283 -4.92 -7.532 -16.514 -8.452 -7.452 -15.445
3 16 -17.452 -.826 -9.365 -17.698 -1.112 -8.736 -18.506 2.651 -9.201
3 16 -17.698 -1.112 -8.736 -18.634 2.003 -8.651 -18.506 2.651 -9.201
3 16 -17.698 -1.112 -8.736 -17.452 -.826 -9.365 -15.597 -4.877 -9.419
3 16 -15.597 -4.877 -9.419 -17.452 -.826 -9.365 -15.305 -4.504 -10.368
3 16 -11.829 -8.388 -11.518 -11.689 -7.411 -12.186 -7.843 -9.044 -14.09
3 16 -7.843 -9.044 -14.09 -11.689 -7.411 -12.186 -8.202 -8.16 -14.514
3 16 -2.311 -6.504 -17.693 -1.955 -7.708 -17.291 -4.92 -7.532 -16.514
3 16 -1.955 -7.708 -17.291 -4.322 -8.589 -16.091 -4.92 -7.532 -16.514
3 16 -15.597 -4.877 -9.419 -15.305 -4.504 -10.368 -11.829 -8.388 -11.518
3 16 -11.829 -8.388 -11.518 -15.305 -4.504 -10.368 -11.689 -7.411 -12.186
4 16 -4.322 -8.589 -16.091 -7.843 -9.044 -14.09 -8.202 -8.16 -14.514 -4.92 -7.532 -16.514
3 16 -18.634 2.003 -8.651 -17.698 -1.112 -8.736 -18.64 .769 -8.218
3 16 -17.698 -1.112 -8.736 -18.101 -2.042 -8.236 -18.64 .769 -8.218
3 16 -18.101 -2.042 -8.236 -17.698 -1.112 -8.736 -16.107 -6.001 -9.028
3 16 -15.597 -4.877 -9.419 -16.107 -6.001 -9.028 -17.698 -1.112 -8.736
3 16 -12.026 -9.38 -11.42 -11.829 -8.388 -11.518 -7.606 -10.924 -14.228
3 16 -7.843 -9.044 -14.09 -7.606 -10.924 -14.228 -11.829 -8.388 -11.518
3 16 -4.038 -10.767 -16.776 -4.322 -8.589 -16.091 -1.072 -9.247 -18.1
3 16 -1.955 -7.708 -17.291 -1.072 -9.247 -18.1 -4.322 -8.589 -16.091
3 16 -16.107 -6.001 -9.028 -15.597 -4.877 -9.419 -12.026 -9.38 -11.42
3 16 -11.829 -8.388 -11.518 -12.026 -9.38 -11.42 -15.597 -4.877 -9.419
3 16 -7.606 -10.924 -14.228 -7.843 -9.044 -14.09 -4.038 -10.767 -16.776
3 16 -4.322 -8.589 -16.091 -4.038 -10.767 -16.776 -7.843 -9.044 -14.09
3 16 -2.311 -6.504 -17.693 -2.429 -5.182 -18.659 0 -5.351 -18.356
3 16 -.701 -3.925 -19.525 0 -5.351 -18.356 -2.429 -5.182 -18.659
3 16 0 -5.351 -18.356 0 -6.688 -17.945 -2.311 -6.504 -17.693
3 16 -2.311 -6.504 -17.693 0 -6.688 -17.945 -1.955 -7.708 -17.291
4 16 -1.072 -9.247 -18.1 -1.955 -7.708 -17.291 0 -6.688 -17.945 0 -8.973 -18.517
3 16 -8.327 2.986 -15.383 -6.354 2.203 -16.184 -8.754 1.967 -15.203
3 16 -4.04 3.633 -17.67 -1.476 5.522 -18.679 -3.602 2.551 -17.991
3 16 -4.081 4.138 -17.477 -1.476 5.522 -18.679 -4.04 3.633 -17.67
3 16 -3.602 2.551 -17.991 -1.332 3.092 -19.309 -3.797 .774 -18.221
3 16 -1.332 3.092 -19.309 -1.296 .69 -19.591 -3.797 .774 -18.221
3 16 -3.797 .774 -18.221 -1.296 .69 -19.591 -3.379 -.393 -18.424
3 16 -3.379 -.393 -18.424 -1.296 .69 -19.591 -2.442 -1.787 -18.885
3 16 -2.442 -1.787 -18.885 -1.296 .69 -19.591 -1.444 -1.235 -19.473
3 16 -.701 -3.925 -19.525 -2.429 -5.182 -18.659 -1.395 -3.742 -19.357
3 16 -1.395 -3.742 -19.357 -2.429 -5.182 -18.659 -2.89 -2.923 -18.712
3 16 -1.296 .69 -19.591 -.919 .676 -20.563 -1.444 -1.235 -19.473
3 16 -.919 .676 -20.563 -.884 -2.081 -19.937 -1.444 -1.235 -19.473
3 16 -1.383 -2.444 -19.462 -1.444 -1.235 -19.473 -.884 -2.081 -19.937
3 16 -2.442 -1.787 -18.885 -1.444 -1.235 -19.473 -1.383 -2.444 -19.462
3 16 -1.296 .69 -19.591 -1.332 3.092 -19.309 -.919 .676 -20.563
3 16 -1.332 3.092 -19.309 -.876 5.215 -21.395 -.919 .676 -20.563
3 16 -3.602 2.551 -17.991 -1.476 5.522 -18.679 -1.332 3.092 -19.309
3 16 -1.476 5.522 -18.679 -.876 5.215 -21.395 -1.332 3.092 -19.309
3 16 -1.476 5.522 -18.679 -1.471 8.691 -19.006 -.876 5.215 -21.395
3 16 -.876 5.215 -21.395 -1.471 8.691 -19.006 -.824 8.458 -21.471
3 16 -1.956 8.43 -15.411 -1.476 5.522 -18.679 -3.358 6.677 -15.165
3 16 -3.358 6.677 -15.165 -1.476 5.522 -18.679 -4.081 4.138 -17.477
3 16 -1.956 8.43 -15.411 -1.471 8.691 -19.006 -1.476 5.522 -18.679
3 16 -8.751 13.369 -14.278 -9.544 12.246 -13.175 -9.164 13.821 -14.558
3 16 -9.164 13.821 -14.558 -9.544 12.246 -13.175 -10.052 12.359 -13.39
3 16 -9.544 12.246 -13.175 -10.453 9.785 -13.798 -10.052 12.359 -13.39
3 16 -10.052 12.359 -13.39 -10.453 9.785 -13.798 -10.872 9.874 -13.644
3 16 -9.944 8.233 -14.579 -10.602 9.05 -14.316 -10.453 9.785 -13.798
3 16 -10.453 9.785 -13.798 -10.602 9.05 -14.316 -10.872 9.874 -13.644
3 16 -10.872 9.874 -13.644 -10.602 9.05 -14.316 -10.918 7.979 -14.494
3 16 -7.661 14.137 -15.22 -8.751 13.369 -14.278 -7.759 14.812 -15.474
3 16 -7.759 14.812 -15.474 -8.751 13.369 -14.278 -9.164 13.821 -14.558
3 16 -7.759 14.812 -15.474 -6.423 15.299 -17.057 -7.661 14.137 -15.22
3 16 -6.423 15.299 -17.057 -6.123 14.747 -17.158 -7.661 14.137 -15.22
3 16 -6.423 15.299 -17.057 -5.163 16.429 -17.451 -6.123 14.747 -17.158
3 16 -6.123 14.747 -17.158 -5.163 16.429 -17.451 -3.874 14.254 -17.793
4 16 -2.336 13.15 -18.456 -3.874 14.254 -17.793 -3.817 17.33 -17.757 -2.077 17.581 -18.455
3 16 -3.874 14.254 -17.793 -5.163 16.429 -17.451 -3.817 17.33 -17.757
3 16 -1.513 11.436 -19.59 -2.336 13.15 -18.456 -1.317 17.094 -19.364
3 16 -2.077 17.581 -18.455 -1.317 17.094 -19.364 -2.336 13.15 -18.456
3 16 -3.817 17.33 -17.757 -1.736 17.978 -18.364 -2.077 17.581 -18.455
3 16 -1.471 8.691 -19.006 -1.513 11.436 -19.59 -.824 8.458 -21.471
3 16 -.824 8.458 -21.471 -1.513 11.436 -19.59 -1.054 11.167 -21.58
3 16 -1.317 17.094 -19.364 -2.077 17.581 -18.455 -1.736 17.978 -18.364
3 16 -1.054 11.167 -21.58 -1.513 11.436 -19.59 -1.177 14.311 -20.989
3 16 -1.317 17.094 -19.364 -1.286 16.144 -20.161 -1.513 11.436 -19.59
3 16 -1.513 11.436 -19.59 -1.286 16.144 -20.161 -1.177 14.311 -20.989
3 16 -1.395 -3.742 -19.357 -2.89 -2.923 -18.712 -1.383 -2.444 -19.462
3 16 -1.383 -2.444 -19.462 -2.89 -2.923 -18.712 -2.442 -1.787 -18.885
3 16 -.701 -3.925 -19.525 -1.395 -3.742 -19.357 -.884 -2.081 -19.937
3 16 -1.383 -2.444 -19.462 -.884 -2.081 -19.937 -1.395 -3.742 -19.357
3 16 0 -3.226 -19.833 -.701 -3.925 -19.525 -.884 -2.081 -19.937
3 16 0 -3.226 -19.833 0 -5.351 -18.356 -.701 -3.925 -19.525
3 16 -11.997 -10.496 -9.466 -12.026 -9.38 -11.42 -7.603 -12.368 -12.609
3 16 -7.606 -10.924 -14.228 -7.603 -12.368 -12.609 -12.026 -9.38 -11.42
3 16 -4.058 -12.664 -15.569 -4.038 -10.767 -16.776 -1.108 -10.819 -18.229
3 16 -1.072 -9.247 -18.1 -1.108 -10.819 -18.229 -4.038 -10.767 -16.776
3 16 -16.584 -6.492 -7.053 -16.107 -6.001 -9.028 -11.997 -10.496 -9.466
3 16 -12.026 -9.38 -11.42 -11.997 -10.496 -9.466 -16.107 -6.001 -9.028
3 16 -7.603 -12.368 -12.609 -7.606 -10.924 -14.228 -4.058 -12.664 -15.569
3 16 -4.038 -10.767 -16.776 -4.058 -12.664 -15.569 -7.606 -10.924 -14.228
3 16 -12.309 -10.627 -7.314 -11.997 -10.496 -9.466 -6.994 -14.129 -9.701
3 16 -7.603 -12.368 -12.609 -6.994 -14.129 -9.701 -11.997 -10.496 -9.466
3 16 -1.108 -10.819 -18.229 -2.143 -13.952 -16.058 -4.058 -12.664 -15.569
3 16 -4.058 -12.664 -15.569 -2.143 -13.952 -16.058 -4.197 -14.258 -13.783
3 16 -15.43 -8.054 -4.441 -16.584 -6.492 -7.053 -12.309 -10.627 -7.314
3 16 -16.584 -6.492 -7.053 -11.997 -10.496 -9.466 -12.309 -10.627 -7.314
3 16 -6.994 -14.129 -9.701 -7.603 -12.368 -12.609 -4.197 -14.258 -13.783
3 16 -4.058 -12.664 -15.569 -4.197 -14.258 -13.783 -7.603 -12.368 -12.609
3 16 -12.985 -10.119 -4.421 -12.309 -10.627 -7.314 -6.858 -14.79 -6.942
3 16 -6.994 -14.129 -9.701 -6.858 -14.79 -6.942 -12.309 -10.627 -7.314
3 16 -2.143 -13.952 -16.058 -2.391 -17.073 -13.439 -4.197 -14.258 -13.783
3 16 -4.197 -14.258 -13.783 -2.391 -17.073 -13.439 -3.393 -16.309 -11.854
3 16 -6.858 -14.79 -6.942 -6.994 -14.129 -9.701 -3.393 -16.309 -11.854
3 16 -4.197 -14.258 -13.783 -3.393 -16.309 -11.854 -6.994 -14.129 -9.701
3 16 -6.858 -14.79 -6.942 -6.958 -14.843 -1.905 -12.985 -10.119 -4.421
3 16 -12.985 -10.119 -4.421 -6.958 -14.843 -1.905 -13.006 -10.101 -1.925
4 16 -3.058 -19.329 -8.55 -3.511 -17.855 -8.028 -2.391 -17.073 -13.439 -1.979 -22.219 -10.378
3 16 -2.391 -17.073 -13.439 -3.511 -17.855 -8.028 -3.393 -16.309 -11.854
3 16 -6.958 -14.843 -1.905 -6.858 -14.79 -6.942 -3.511 -17.855 -8.028
3 16 -3.393 -16.309 -11.854 -3.511 -17.855 -8.028 -6.858 -14.79 -6.942
3 16 -3.3 -19.376 -1.976 -3.902 -18.017 -2.151 -3.058 -19.329 -8.55
3 16 -3.058 -19.329 -8.55 -3.902 -18.017 -2.151 -3.511 -17.855 -8.028
3 16 -3.511 -17.855 -8.028 -3.902 -18.017 -2.151 -6.958 -14.843 -1.905
3 16 -.827 -14.153 -17.42 -1.441 -18.853 -14.321 -2.143 -13.952 -16.058
3 16 -2.143 -13.952 -16.058 -1.441 -18.853 -14.321 -2.391 -17.073 -13.439
3 16 -2.391 -17.073 -13.439 -1.441 -18.853 -14.321 -1.979 -22.219 -10.378
3 16 -1.979 -22.219 -10.378 -1.837 -24.164 -1.916 -3.058 -19.329 -8.55
3 16 -3.058 -19.329 -8.55 -1.837 -24.164 -1.916 -3.3 -19.376 -1.976
3 16 -2.143 -13.952 -16.058 -1.108 -10.819 -18.229 -.827 -14.153 -17.42
3 16 0 -8.973 -18.517 -1.108 -10.819 -18.229 -1.072 -9.247 -18.1
3 16 -6.958 -14.843 -1.905 -6.958 -11.846 -1.905 -13.006 -10.101 -1.925
1 16 -6.958 -13.426 .054 0 1 0 1.4985 0 .081 0 0 -1.959 rect3.dat
1 16 -4.847 -13.507 2.013 0 0 2.111 -1.4985 0 0 0 -1 0 rect.dat
3 16 -6.958 -15.005 2.013 -6.958 -14.843 -1.905 -2.736 -15.005 2.013
3 16 -2.736 -12.008 2.013 -2.736 -11.38 4.03 -6.958 -12.008 2.013
3 16 -6.958 -12.008 2.013 -2.736 -11.38 4.03 -6.891 -11.211 3.553
3 16 -2.736 -8.079 9.077 -6.308 -9.453 5.814 -2.736 -11.38 4.03
3 16 -2.736 -11.38 4.03 -6.308 -9.453 5.814 -6.891 -11.211 3.553
3 16 -2.736 -4.017 12.476 -6.615 -3.591 11.992 -2.736 -8.079 9.077
3 16 -2.736 -8.079 9.077 -6.615 -3.591 11.992 -6.581 -7.224 8.799
3 16 -6.615 -3.591 11.992 -2.736 -4.017 12.476 -7.589 1.559 13.397
3 16 -2.736 .927 14.507 -7.589 1.559 13.397 -2.736 -4.017 12.476
3 16 -2.736 8.035 15.037 -7.432 8.434 13.641 -2.736 .927 14.507
3 16 -2.736 .927 14.507 -7.432 8.434 13.641 -7.589 1.559 13.397
3 16 -2.736 13.862 14.816 -7.313 13.351 13.721 -2.736 8.035 15.037
3 16 -2.736 8.035 15.037 -7.313 13.351 13.721 -7.432 8.434 13.641
3 16 -2.223 7.313 21.176 -2.223 14.583 17.688 -2.736 8.035 15.037
3 16 -2.223 14.583 17.688 -2.736 13.862 14.816 -2.736 8.035 15.037
3 16 -2.736 8.035 15.037 -2.736 .927 14.507 -2.223 7.313 21.176
3 16 -2.223 7.313 21.176 -2.736 .927 14.507 -2.223 .41 22.645
3 16 -2.223 -23.457 6.489 -2.223 -22.061 10.932 -2.736 -20.668 5.643
3 16 -2.223 .41 22.645 -2.736 .927 14.507 -2.223 -7.998 22.131
4 16 -2.223 -7.998 22.131 -2.736 .927 14.507 -2.736 -4.017 12.476 -2.223 -14.057 19.744
4 16 -2.223 -14.057 19.744 -2.736 -4.017 12.476 -2.736 -8.079 9.077 -2.223 -18.867 15.779
3 16 -2.736 -8.079 9.077 -2.736 -11.38 4.03 -2.223 -18.867 15.779
3 16 -2.736 -11.38 4.03 -2.736 -16.429 4.953 -2.223 -18.867 15.779
3 16 -2.736 -20.668 5.643 -2.223 -22.061 10.932 -2.736 -18.354 5.783
3 16 -2.736 -18.354 5.783 -2.223 -18.867 15.779 -2.736 -16.429 4.953
3 16 -2.223 -18.867 15.779 -2.736 -18.354 5.783 -2.223 -22.061 10.932
4 16 -2.736 -15.457 3.66 -2.736 -16.429 4.953 -2.736 -11.38 4.03 -2.736 -12.008 2.013
3 16 -2.736 -15.457 3.66 -2.736 -12.008 2.013 -2.736 -15.005 2.013
4 16 -6.958 -12.008 2.013 -15.036 -9.689 2.254 -13.006 -10.101 -1.925 -6.958 -11.846 -1.905
3 16 -15.036 -9.689 2.254 -15.036 -9.689 -2.626 -13.006 -10.101 -1.925
3 16 -13.006 -10.101 -1.925 -15.036 -9.689 -2.626 -12.985 -10.119 -4.421
4 16 -15.036 -9.689 -2.626 -15.036 -9.689 2.254 -18.951 -10.279 2.254 -18.951 -10.279 -2.626
4 16 -18.951 -10.279 -2.626 -18.951 -10.279 2.254 -21.847 -12.103 2.254 -21.847 -12.103 -2.626
4 16 -21.847 -12.103 -2.626 -21.847 -12.103 2.254 -24.261 -15.106 2.254 -24.261 -15.106 -2.626
4 16 -24.261 -15.106 -2.626 -24.261 -15.106 2.254 -25.548 -18.967 2.254 -25.548 -18.967 -2.626
4 16 -25.548 -18.967 -2.626 -25.548 -18.967 2.254 -26.406 -24.062 2.254 -26.406 -24.062 -2.626
4 16 -26.406 -24.062 -2.626 -26.406 -24.062 2.254 -27.494 -26.183 2.254 -27.494 -26.183 -2.626
4 16 -27.494 -26.183 -2.626 -27.494 -26.183 2.254 -29.559 -26.964 2.254 -29.559 -26.964 -2.626
4 16 -29.559 -26.964 -2.626 -29.559 -26.964 2.254 -32.042 -26.462 2.254 -32.042 -26.462 -2.626
4 16 -32.042 -26.462 -2.626 -32.042 -26.462 2.254 -33.828 -23.923 2.254 -33.828 -23.923 -2.626
4 16 -33.828 -23.923 -2.626 -33.828 -23.923 2.254 -36.271 -18.762 2.254 -36.271 -18.762 -2.626
4 16 -36.271 -18.762 -2.626 -36.271 -18.762 2.254 -36.783 -11.789 2.254 -36.783 -11.789 -2.626
4 16 -36.783 -11.789 -2.626 -36.783 -11.789 2.254 -35.798 -6.47 2.254 -35.798 -6.47 -2.626
4 16 -35.798 -6.47 -2.626 -35.798 -6.47 2.254 -34.725 -5.278 2.254 -34.725 -5.278 -2.626
4 16 -34.725 -5.278 -2.626 -34.725 -5.278 2.254 -33.464 -5.5 2.254 -33.464 -5.5 -2.626
4 16 -33.464 -5.5 -2.626 -33.464 -5.5 2.254 -32 -6.964 2.254 -32 -6.964 -2.626
4 16 -28 -.036 -2.626 -28 -.036 2.254 -29.629 .653 2.254 -29.629 .653 -2.626
4 16 -29.629 .653 -2.626 -29.629 .653 2.254 -30.284 1.785 2.254 -30.284 1.785 -2.626
4 16 -30.284 1.785 -2.626 -30.284 1.785 2.254 -29.182 3.752 2.254 -29.182 3.752 -2.626
4 16 -29.182 3.752 -2.626 -29.182 3.752 2.254 -26.142 5.809 2.254 -26.142 5.809 -2.626
4 16 -26.142 5.809 -2.626 -26.142 5.809 2.254 -22.137 7.508 2.254 -22.137 7.508 -2.626
3 16 -22.137 7.508 2.254 -19.047 8.024 2.254 -18.888 8.189 .725
3 16 -12.985 -10.119 -4.421 -15.036 -9.689 -2.626 -15.43 -8.054 -4.441
3 16 -15.036 -9.689 -2.626 -17.578 -7.783 -2.763 -15.43 -8.054 -4.441
3 16 -19.514 -4.589 -2.81 -17.644 -5.378 -4.764 -17.578 -7.783 -2.763
3 16 -17.578 -7.783 -2.763 -17.644 -5.378 -4.764 -15.43 -8.054 -4.441
3 16 -17.644 -5.378 -4.764 -19.514 -4.589 -2.81 -19.265 -.487 -4.084
3 16 -19.514 -4.589 -2.81 -20.674 -.072 -2.702 -19.265 -.487 -4.084
3 16 -19.265 -.487 -4.084 -20.674 -.072 -2.702 -19.258 3.597 -4.591
3 16 -20.488 4.019 -2.875 -19.258 3.597 -4.591 -20.674 -.072 -2.702
3 16 -19.258 3.597 -4.591 -20.488 4.019 -2.875 -18.094 8.644 -4.121
3 16 -19.019 8.044 -2.629 -18.094 8.644 -4.121 -20.488 4.019 -2.875
3 16 -22.137 7.508 2.254 -18.888 8.189 .725 -22.137 7.508 -2.626
3 16 -22.137 7.508 -2.626 -18.888 8.189 .725 -19.019 8.044 -2.629
3 16 -18.094 8.644 -4.121 -19.019 8.044 -2.629 -17.842 9.165 .175
3 16 -19.019 8.044 -2.629 -18.888 8.189 .725 -17.842 9.165 .175
3 16 -16.159 11.966 -3.061 -18.094 8.644 -4.121 -17.116 10.301 .093
3 16 -17.842 9.165 .175 -17.116 10.301 .093 -18.094 8.644 -4.121
4 16 -35.798 -6.47 -2.626 -34.725 -5.278 -2.626 -33.464 -5.5 -2.626 -32 -6.964 -2.626
4 16 -36.783 -11.789 -2.626 -35.798 -6.47 -2.626 -32 -6.964 -2.626 -25.548 -18.967 -2.626
3 16 -19.019 8.044 -2.629 -20.488 4.019 -2.875 -22.137 7.508 -2.626
3 16 -22.137 7.508 -2.626 -20.488 4.019 -2.875 -26.142 5.809 -2.626
3 16 -20.488 4.019 -2.875 -20.674 -.072 -2.702 -26.142 5.809 -2.626
3 16 -20.674 -.072 -2.702 -24.536 -2.036 -2.626 -28 -.036 -2.626
4 16 -29.629 .653 -2.626 -30.284 1.785 -2.626 -29.182 3.752 -2.626 -28 -.036 -2.626
4 16 -24.536 -2.036 -2.626 -20.674 -.072 -2.702 -19.514 -4.589 -2.81 -26.536 -5.5 -2.626
3 16 -15.036 -9.689 -2.626 -18.951 -10.279 -2.626 -17.578 -7.783 -2.763
3 16 -17.578 -7.783 -2.763 -18.951 -10.279 -2.626 -19.514 -4.589 -2.81
3 16 -26.536 -5.5 -2.626 -19.514 -4.589 -2.81 -21.847 -12.103 -2.626
3 16 -19.514 -4.589 -2.81 -18.951 -10.279 -2.626 -21.847 -12.103 -2.626
4 16 -26.536 -5.5 -2.626 -21.847 -12.103 -2.626 -24.261 -15.106 -2.626 -28.536 -8.964 -2.626
4 16 -25.548 -18.967 -2.626 -32 -6.964 -2.626 -28.536 -8.964 -2.626 -24.261 -15.106 -2.626
4 16 -36.271 -18.762 -2.626 -36.783 -11.789 -2.626 -25.548 -18.967 -2.626 -33.828 -23.923 -2.626
4 16 -33.828 -23.923 -2.626 -25.548 -18.967 -2.626 -26.406 -24.062 -2.626 -32.042 -26.462 -2.626
4 16 -32.042 -26.462 -2.626 -26.406 -24.062 -2.626 -27.494 -26.183 -2.626 -29.559 -26.964 -2.626
3 16 -12.45 13.059 -14.052 -12.978 13.767 -14.33 -11.219 14.494 -14.83
3 16 -12.978 13.767 -14.33 -12.45 13.059 -14.052 -14.034 13.182 -13.64
3 16 -14.034 13.182 -13.64 -12.45 13.059 -14.052 -13.25 12.368 -13.553
3 16 -14.926 13.085 -12.388 -13.914 12.513 -13.316 -14.774 11.877 -12.466
3 16 -14.774 11.877 -12.466 -13.914 12.513 -13.316 -14.031 11.573 -13.062
3 16 -14.926 13.085 -12.388 -15.122 13.7 -12.827 -13.914 12.513 -13.316
3 16 -13.914 12.513 -13.316 -15.122 13.7 -12.827 -14.034 13.182 -13.64
3 16 -13.25 12.368 -13.553 -13.914 12.513 -13.316 -14.034 13.182 -13.64
3 16 -13.915 10.838 -13.067 -14.031 11.573 -13.062 -13.25 12.368 -13.553
3 16 -13.25 12.368 -13.553 -14.031 11.573 -13.062 -13.914 12.513 -13.316
3 16 -19.046 2.294 -6.636 -18.64 .769 -8.218 -18.742 -1.331 -6.401
3 16 -18.101 -2.042 -8.236 -18.742 -1.331 -6.401 -18.64 .769 -8.218
3 16 -19.258 3.597 -4.591 -19.046 2.294 -6.636 -19.265 -.487 -4.084
3 16 -18.742 -1.331 -6.401 -19.265 -.487 -4.084 -19.046 2.294 -6.636
3 16 -18.742 -1.331 -6.401 -18.101 -2.042 -8.236 -16.584 -6.492 -7.053
3 16 -16.584 -6.492 -7.053 -18.101 -2.042 -8.236 -16.107 -6.001 -9.028
3 16 -17.644 -5.378 -4.764 -16.584 -6.492 -7.053 -15.43 -8.054 -4.441
3 16 -16.584 -6.492 -7.053 -17.644 -5.378 -4.764 -18.742 -1.331 -6.401
3 16 -18.742 -1.331 -6.401 -17.644 -5.378 -4.764 -19.265 -.487 -4.084
3 16 -19.046 2.294 -6.636 -18.634 2.003 -8.651 -18.64 .769 -8.218
3 16 -18.634 2.003 -8.651 -19.046 2.294 -6.636 -18.059 8.446 -8.346
3 16 -19.046 2.294 -6.636 -18.261 8.085 -6.185 -18.059 8.446 -8.346
3 16 -19.046 2.294 -6.636 -19.258 3.597 -4.591 -18.261 8.085 -6.185
3 16 -18.094 8.644 -4.121 -18.261 8.085 -6.185 -19.258 3.597 -4.591
3 16 -16.159 11.966 -3.061 -15.28 13.565 -5.552 -18.094 8.644 -4.121
3 16 -18.094 8.644 -4.121 -15.28 13.565 -5.552 -18.261 8.085 -6.185
3 16 -15.414 13.572 -10.155 -18.059 8.446 -8.346 -15.28 13.565 -5.552
3 16 -15.28 13.565 -5.552 -18.059 8.446 -8.346 -18.261 8.085 -6.185
3 16 -18.506 2.651 -9.201 -17.669 8.219 -9.91 -18.219 2.311 -9.861
3 16 -18.634 2.003 -8.651 -18.059 8.446 -8.346 -18.506 2.651 -9.201
3 16 -18.506 2.651 -9.201 -18.059 8.446 -8.346 -17.669 8.219 -9.91
3 16 -16.441 8.701 -11.237 -15.854 11.703 -10.982 -15.392 11.277 -11.777
3 16 -17.669 8.219 -9.91 -15.854 11.703 -10.982 -16.441 8.701 -11.237
3 16 -15.414 13.572 -10.155 -15.854 11.703 -10.982 -18.059 8.446 -8.346
3 16 -17.669 8.219 -9.91 -18.059 8.446 -8.346 -15.854 11.703 -10.982
3 16 -15.854 11.703 -10.982 -14.926 13.085 -12.388 -15.392 11.277 -11.777
3 16 -14.774 11.877 -12.466 -15.392 11.277 -11.777 -14.926 13.085 -12.388
3 16 -15.854 11.703 -10.982 -15.414 13.572 -10.155 -14.926 13.085 -12.388
3 16 -15.122 13.7 -12.827 -14.926 13.085 -12.388 -16.233 15.481 -11.803
3 16 -15.414 13.572 -10.155 -16.233 15.481 -11.803 -14.926 13.085 -12.388
3 16 -15.414 13.572 -10.155 -16.308 15.708 -8.937 -16.233 15.481 -11.803
3 16 -15.28 13.565 -5.552 -16.308 15.708 -8.937 -15.414 13.572 -10.155
3 16 0 30.096 -13.43 0 30.096 -15.88 -5.959 29.358 -15.047
3 16 -5.959 29.358 -15.047 -5.693 29.233 -13.097 0 30.096 -13.43
3 16 -10.227 26.877 -11.969 -5.693 29.233 -13.097 -10.103 26.799 -14.378
3 16 -10.103 26.799 -14.378 -5.693 29.233 -13.097 -5.959 29.358 -15.047
3 16 -13.823 22.833 -10.322 -10.227 26.877 -11.969 -13.823 22.833 -12.941
3 16 -13.823 22.833 -12.941 -10.227 26.877 -11.969 -10.103 26.799 -14.378
4 16 -15.995 18.05 -11.871 -15.995 18.05 -8.952 -13.823 22.833 -10.322 -13.823 22.833 -12.941
3 16 -16.233 15.481 -11.803 -16.308 15.708 -8.937 -15.995 18.05 -11.871
3 16 -16.308 15.708 -8.937 -15.995 18.05 -8.952 -15.995 18.05 -11.871
3 16 -6.958 -12.008 2.013 -10.237 -10.469 2.935 -15.036 -9.689 2.254
3 16 -6.958 -12.008 2.013 -6.891 -11.211 3.553 -10.237 -10.469 2.935
3 16 -2.736 -8.079 9.077 -6.581 -7.224 8.799 -6.308 -9.453 5.814
3 16 -9.173 -7.561 5.696 -10.237 -10.469 2.935 -6.308 -9.453 5.814
3 16 -6.308 -9.453 5.814 -10.237 -10.469 2.935 -6.891 -11.211 3.553
3 16 -12.08 -4.324 5.734 -13.358 -6.932 3.335 -9.173 -7.561 5.696
3 16 -13.358 -6.932 3.335 -10.237 -10.469 2.935 -9.173 -7.561 5.696
3 16 -13.882 .106 6.069 -15.599 -3.199 3.333 -12.08 -4.324 5.734
3 16 -12.08 -4.324 5.734 -15.599 -3.199 3.333 -13.358 -6.932 3.335
3 16 -15.599 -3.199 3.333 -13.882 .106 6.069 -16.643 2.664 3.57
3 16 -13.882 .106 6.069 -14.453 3.93 5.808 -16.643 2.664 3.57
3 16 -16.643 2.664 3.57 -14.453 3.93 5.808 -16.537 7.664 3.518
3 16 -14.44 7.731 5.748 -16.537 7.664 3.518 -14.453 3.93 5.808
3 16 -10.237 -10.469 2.935 -13.358 -6.932 3.335 -15.036 -9.689 2.254
3 16 -15.036 -9.689 2.254 -13.358 -6.932 3.335 -16.827 -5.244 2.574
3 16 -15.599 -3.199 3.333 -16.827 -5.244 2.574 -13.358 -6.932 3.335
3 16 -16.827 -5.244 2.574 -15.599 -3.199 3.333 -18.485 .686 2.605
3 16 -16.643 2.664 3.57 -18.485 .686 2.605 -15.599 -3.199 3.333
3 16 -18.485 .686 2.605 -16.643 2.664 3.57 -19.047 8.024 2.254
3 16 -16.537 7.664 3.518 -19.047 8.024 2.254 -16.643 2.664 3.57
3 16 -19.047 8.024 2.254 -22.137 7.508 2.254 -18.485 .686 2.605
4 16 -33.464 -5.5 2.254 -34.725 -5.278 2.254 -35.798 -6.47 2.254 -32 -6.964 2.254
4 16 -32 -6.964 2.254 -35.798 -6.47 2.254 -36.783 -11.789 2.254 -25.548 -18.967 2.254
3 16 -15.036 -9.689 2.254 -16.827 -5.244 2.574 -18.951 -10.279 2.254
3 16 -22.137 7.508 2.254 -26.142 5.809 2.254 -18.485 .686 2.605
4 16 -28 -.036 2.254 -26.142 5.809 2.254 -29.182 3.752 2.254 -29.629 .653 2.254
3 16 -30.284 1.785 2.254 -29.629 .653 2.254 -29.182 3.752 2.254
3 16 -18.485 .686 2.605 -26.142 5.809 2.254 -28 -.036 2.254
3 16 -28 -.036 2.254 -24.536 -2.036 2.254 -16.827 -5.244 2.574
3 16 -16.827 -5.244 2.574 -18.485 .686 2.605 -28 -.036 2.254
3 16 -16.827 -5.244 2.574 -24.536 -2.036 2.254 -18.951 -10.279 2.254
4 16 -24.536 -2.036 2.254 -26.536 -5.5 2.254 -21.847 -12.103 2.254 -18.951 -10.279 2.254
4 16 -26.536 -5.5 2.254 -28.536 -8.964 2.254 -24.261 -15.106 2.254 -21.847 -12.103 2.254
4 16 -25.548 -18.967 2.254 -24.261 -15.106 2.254 -28.536 -8.964 2.254 -32 -6.964 2.254
4 16 -25.548 -18.967 2.254 -36.783 -11.789 2.254 -36.271 -18.762 2.254 -26.406 -24.062 2.254
4 16 -26.406 -24.062 2.254 -36.271 -18.762 2.254 -33.828 -23.923 2.254 -27.494 -26.183 2.254
4 16 -27.494 -26.183 2.254 -33.828 -23.923 2.254 -32.042 -26.462 2.254 -29.559 -26.964 2.254
3 16 -7.589 1.559 13.397 -11.103 .396 10.251 -6.615 -3.591 11.992
3 16 -6.615 -3.591 11.992 -11.103 .396 10.251 -9.206 -4.727 9.007
3 16 -11.103 .396 10.251 -7.589 1.559 13.397 -11.664 7.472 10.203
3 16 -11.664 7.472 10.203 -7.589 1.559 13.397 -7.432 8.434 13.641
3 16 -11.664 7.472 10.203 -7.432 8.434 13.641 -11.648 12.684 10.118
3 16 -7.313 13.351 13.721 -11.648 12.684 10.118 -7.432 8.434 13.641
3 16 -11.664 7.472 10.203 -14.453 3.93 5.808 -11.103 .396 10.251
3 16 -11.103 .396 10.251 -14.453 3.93 5.808 -13.882 .106 6.069
3 16 -14.453 3.93 5.808 -11.664 7.472 10.203 -14.44 7.731 5.748
3 16 -9.206 -4.727 9.007 -11.103 .396 10.251 -12.08 -4.324 5.734
3 16 -11.103 .396 10.251 -13.882 .106 6.069 -12.08 -4.324 5.734
3 16 -9.206 -4.727 9.007 -6.581 -7.224 8.799 -6.615 -3.591 11.992
3 16 -9.206 -4.727 9.007 -9.173 -7.561 5.696 -6.581 -7.224 8.799
3 16 -6.581 -7.224 8.799 -9.173 -7.561 5.696 -6.308 -9.453 5.814
3 16 -12.08 -4.324 5.734 -9.173 -7.561 5.696 -9.206 -4.727 9.007
3 16 -11.648 12.684 10.118 -14.338 11.485 5.532 -11.664 7.472 10.203
3 16 -11.664 7.472 10.203 -14.338 11.485 5.532 -14.44 7.731 5.748
3 16 -18.888 8.189 .725 -17.811 8.322 1.441 -17.842 9.165 .175
3 16 -16.537 7.664 3.518 -17.811 8.322 1.441 -19.047 8.024 2.254
3 16 -18.888 8.189 .725 -19.047 8.024 2.254 -17.811 8.322 1.441
3 16 -14.338 11.485 5.532 -15.336 10.695 1.549 -14.44 7.731 5.748
3 16 -14.44 7.731 5.748 -15.336 10.695 1.549 -16.382 8.529 2.019
4 16 -16.382 8.529 2.019 -15.336 10.695 1.549 -17.116 10.301 .093 -17.842 9.165 .175
3 16 -17.811 8.322 1.441 -16.382 8.529 2.019 -17.842 9.165 .175
3 16 -14.44 7.731 5.748 -16.382 8.529 2.019 -16.537 7.664 3.518
3 16 -16.382 8.529 2.019 -17.811 8.322 1.441 -16.537 7.664 3.518
4 16 0 18.115 -12.998 0 30.096 -13.43 -5.693 29.233 -13.097 -4.851 18.165 -12.688
3 16 -9.723 17.442 -11.675 -10.227 26.877 -11.969 -13.483 16.496 -10.178
3 16 -13.823 22.833 -10.322 -13.483 16.496 -10.178 -10.227 26.877 -11.969
3 16 -5.693 29.233 -13.097 -10.227 26.877 -11.969 -4.851 18.165 -12.688
3 16 -4.851 18.165 -12.688 -10.227 26.877 -11.969 -9.723 17.442 -11.675
3 16 -13.823 22.833 -10.322 -15.995 18.05 -8.952 -13.483 16.496 -10.178
3 16 -13.483 16.496 -10.178 -15.995 18.05 -8.952 -16.308 15.708 -8.937
3 16 -13.483 16.496 -10.178 -12.01 13.718 -4.975 -9.723 17.442 -11.675
3 16 -9.723 17.442 -11.675 -12.01 13.718 -4.975 -9.192 15.648 -9.192
3 16 -9.192 15.648 -9.192 -4.975 17.211 -12.01 -9.723 17.442 -11.675
3 16 -9.723 17.442 -11.675 -4.975 17.211 -12.01 -4.851 18.165 -12.688
3 16 -12.01 13.718 -4.975 -13.483 16.496 -10.178 -15.28 13.565 -5.552
3 16 -16.308 15.708 -8.937 -15.28 13.565 -5.552 -13.483 16.496 -10.178
3 16 -17.116 10.301 .093 -13 10.768 0 -16.159 11.966 -3.061
3 16 -13 10.768 0 -12.01 13.718 -4.975 -16.159 11.966 -3.061
3 16 -16.159 11.966 -3.061 -12.01 13.718 -4.975 -15.28 13.565 -5.552
3 16 -17.116 10.301 .093 -15.336 10.695 1.549 -13 10.768 0
3 16 -2.736 13.862 14.816 -4.975 13.005 12.01 -7.313 13.351 13.721
3 16 -11.648 12.684 10.118 -7.313 13.351 13.721 -9.192 12.3 9.192
3 16 -7.313 13.351 13.721 -4.975 13.005 12.01 -9.192 12.3 9.192
3 16 -14.338 11.485 5.532 -11.648 12.684 10.118 -12.01 10.488 4.975
3 16 -11.648 12.684 10.118 -9.192 12.3 9.192 -12.01 10.488 4.975
3 16 -13 10.768 0 -15.336 10.695 1.549 -12.01 10.488 4.975
3 16 -12.01 10.488 4.975 -15.336 10.695 1.549 -14.338 11.485 5.532
3 16 -4.851 18.165 -12.688 -4.975 17.211 -12.01 0 18.115 -12.998
4 16 -1.91 10.984 -12.616 -2.168 8.546 -12.569 0 8.546 -12.996 0 10.984 -12.996
4 16 -2.574 12.556 -12.485 -1.91 10.984 -12.616 0 10.984 -12.996 0 18.115 -12.998
4 16 -2.574 12.556 -12.485 0 18.115 -12.998 -4.975 17.211 -12.01 -4.975 13.884 -12.01
4 16 -2.168 8.546 -12.569 -3.607 6.722 -12.288 0 0 -13 0 8.546 -12.996
4 16 0 13.328 13 0 0 13 -4.975 0 12.01 -4.975 13.005 12.01
4 16 -13 0 0 -13 10.768 0 -12.01 10.488 4.975 -12.01 0 4.975
4 16 -12.01 0 -4.975 -12.01 13.718 -4.975 -13 10.768 0 -13 0 0
4 16 -6.717 6.028 -10.842 -9.192 0 -9.192 -4.975 0 -12.01 -4.975 6.042 -12.01
3 16 -8.345 6.73 -9.77 -9.192 0 -9.192 -6.717 6.028 -10.842
4 16 -9.192 15.648 -9.192 -8.48 13.41 -9.667 -7.338 14.05 -10.43 -4.975 17.211 -12.01
3 16 -8.48 13.41 -9.667 -9.192 15.648 -9.192 -12.01 13.718 -4.975
4 16 -12.01 13.718 -4.975 -12.01 0 -4.975 -9.192 0 -9.192 -10.146 9.906 -7.765
3 16 -8.48 13.41 -9.667 -12.01 13.718 -4.975 -9.192 12.18 -9.192
3 16 -9.192 12.18 -9.192 -12.01 13.718 -4.975 -10.146 9.906 -7.765
3 16 -10.146 9.906 -7.765 -9.192 0 -9.192 -9.556 8.189 -8.646
3 16 -9.556 8.189 -8.646 -9.192 0 -9.192 -8.345 6.73 -9.77
3 16 -7.338 14.05 -10.43 -4.975 13.884 -12.01 -4.975 17.211 -12.01
4 16 -4.975 13.005 12.01 -4.975 0 12.01 -9.192 0 9.192 -9.192 12.3 9.192
4 16 -9.192 12.3 9.192 -9.192 0 9.192 -12.01 0 4.975 -12.01 10.488 4.975
3 16 -12.309 -10.627 -7.314 -12.985 -10.119 -4.421 -15.43 -8.054 -4.441
4 16 -20.674 -.072 -2.702 -28 -.036 -2.626 -29.182 3.752 -2.626 -26.142 5.809 -2.626
3 16 -6.958 -14.843 -1.905 0 -14.843 -1.905 0 -14.959 .907
4 16 -1.441 -18.853 -14.321 -.827 -14.153 -17.42 0 -14.153 -17.42 0 -18.853 -14.321
4 16 -1.979 -22.219 -10.378 -1.441 -18.853 -14.321 0 -18.853 -14.321 0 -22.219 -10.378
4 16 -1.837 -24.164 -1.916 -1.979 -22.219 -10.378 0 -22.219 -10.378 0 -24.164 -1.916
4 16 -.827 -14.153 -17.42 -1.108 -10.819 -18.229 0 -10.819 -18.229 0 -14.153 -17.42
4 16 -2.736 13.862 14.816 -2.223 14.583 17.688 0 14.583 17.688 0 13.862 14.816
4 16 -4.975 13.005 12.01 -2.736 13.862 14.816 0 13.862 14.816 0 13.328 13
4 16 -3.3 -19.376 -1.976 -1.837 -24.164 -1.916 0 -24.164 -1.916 0 -19.376 -1.976
4 16 -6.958 -14.843 -1.905 -3.902 -18.017 -2.151 0 -18.017 -2.151 0 -14.843 -1.905
4 16 -3.902 -18.017 -2.151 -3.3 -19.376 -1.976 0 -19.376 -1.976 0 -18.017 -2.151
3 16 0 18.317 -17.419 0 17.978 -18.364 -1.736 17.978 -18.364
4 16 -1.317 17.094 -19.364 -1.736 17.978 -18.364 0 17.978 -18.364 0 17.094 -19.364
4 16 -1.286 16.144 -20.161 -1.317 17.094 -19.364 0 17.094 -19.364 0 16.144 -20.161
4 16 -1.177 14.311 -20.989 -1.286 16.144 -20.161 0 16.144 -20.161 0 14.311 -20.989
4 16 -1.054 11.167 -21.58 -1.177 14.311 -20.989 0 14.311 -20.989 0 11.167 -21.58
4 16 -.824 8.458 -21.471 -1.054 11.167 -21.58 0 11.167 -21.58 0 8.458 -21.471
4 16 -.876 5.215 -21.395 -.824 8.458 -21.471 0 8.458 -21.471 0 5.215 -21.395
4 16 -.919 .676 -20.563 -.876 5.215 -21.395 0 5.215 -21.395 0 .676 -20.563
3 16 0 -3.226 -19.833 -.919 .676 -20.563 0 -.729 -20.244
3 16 -.919 .676 -20.563 0 .676 -20.563 0 -.729 -20.244
3 16 -1.108 -10.819 -18.229 0 -10.02 -18.163 0 -10.819 -18.229
3 16 0 -8.973 -18.517 0 -10.02 -18.163 -1.108 -10.819 -18.229
4 16 0 -14.959 .907 0 -15.005 2.013 -2.736 -15.005 2.013 -6.958 -14.843 -1.905
4 16 -2.736 -15.457 3.66 -2.736 -15.005 2.013 0 -15.005 2.013 0 -15.457 3.66
4 16 -2.736 -16.429 4.953 -2.736 -15.457 3.66 0 -15.457 3.66 0 -16.429 4.953
4 16 -2.736 -18.354 5.783 -2.736 -16.429 4.953 0 -16.429 4.953 0 -18.354 5.783
4 16 -2.736 -20.668 5.643 -2.736 -18.354 5.783 0 -18.354 5.783 0 -20.668 5.643
4 16 -2.223 -23.457 6.489 -2.736 -20.668 5.643 0 -20.668 5.643 0 -23.457 6.489
4 16 -2.223 -22.061 10.932 -2.223 -23.457 6.489 0 -23.457 6.489 0 -22.061 10.932
4 16 -2.223 -18.867 15.779 -2.223 -22.061 10.932 0 -22.061 10.932 0 -18.867 15.779
4 16 -2.223 -14.057 19.744 -2.223 -18.867 15.779 0 -18.867 15.779 0 -14.057 19.744
4 16 -2.223 -7.998 22.131 -2.223 -14.057 19.744 0 -14.057 19.744 0 -7.998 22.131
4 16 -2.223 .41 22.645 -2.223 -7.998 22.131 0 -7.998 22.131 0 .41 22.645
4 16 -2.223 7.313 21.176 -2.223 .41 22.645 0 .41 22.645 0 7.313 21.176
4 16 -2.223 14.583 17.688 -2.223 7.313 21.176 0 7.313 21.176 0 14.583 17.688
0 BFC INVERTNEXT
1 16 -30 -3.5 -2.626 2 0 3.4641 3.4641 0 -2 0 4.88 0 2-4cylo.dat
1 16 -30 -3.5 -2.626 2 0 3.4641 3.4641 0 -2 0 1 0 2-4ndis.dat
1 16 -30 -3.5 2.254 2 0 3.4641 3.4641 0 -2 0 -1 0 2-4ndis.dat
0 BFC INVERTNEXT
1 16 0 0 0 -8 0 0 0 -6.4 0 0 0 8 t04o6250.dat
0 BFC INVERTNEXT
1 16 0 0 0 0 0 -8 0 -6.4 0 -8 0 0 t04o6250.dat
1 16 0 -4 0 0 0 -8 0 -1 0 -8 0 0 2-4disc.dat
