0 BFC CERTIFY CCW
1 16 0 0 0 1 0 0 0 1 0 0 0 1 p/stug2-1x4.dat
1 16 0 68 0 1 0 0 0 -1 0 0 0 1 p/stug3-1x3.dat
0 BFC INVERTNEXT
1 16 0 72 0 36 0 0 0 -4 0 0 0 6 p/box5.dat
4 16 40 0 10 40 0 -10 40 3 -10 40 3 2.5
4 16 40 0 10 40 3 2.5 40 64 2.5 40 72 10
4 16 40 72 -10 40 72 10 40 64 2.5 40 64 -10
4 16 -40 0 -10 -40 0 10 -40 3 2.5 -40 3 -10
4 16 -40 72 10 -40 64 2.5 -40 3 2.5 -40 0 10
4 16 -40 72 10 -40 72 -10 -40 64 -10 -40 64 2.5
1 16 0 68 -3.75 -40 0 0 0 -4 0 0 0 -6.25 p/box2-7.dat
1 16 0 3 -3.75 0 0 40 0 -1 0 6.25 0 0 p/rect2p.dat
1 16 -38.125 33.5 2.5 0 0 -1.875 -30.5 0 0 0 1 0 p/rect3.dat
1 16 38.125 33.5 2.5 0 0 1.875 30.5 0 0 0 1 0 p/rect3.dat
4 16 40 72 10 36 72 6 -36 72 6 -40 72 10
4 16 -40 72 10 -36 72 6 -36 72 -6 -40 72 -10
4 16 -40 72 -10 -36 72 -6 36 72 -6 40 72 -10
4 16 40 72 -10 36 72 -6 36 72 6 40 72 10
1 16 0 1.5 0 40 0 0 0 -1.5 0 0 0 -10 p/box2-5.dat
0 BFC INVERTNEXT
1 16 0 33.5 2.5 36.25 0 0 0 0 -30.5 0 3.75 0 p/box5-2p.dat
