0 BFC CERTIFY CCW
1 16 0 0 0 -1 0 0 0 1 0 0 0 -1 parts/s/3811s01.dat
1 16 230 0 -230 0 0 1 0 1 0 -1 0 0 p/stug9.dat
1 16 230 0 -50 0 0 1 0 1 0 -1 0 0 p/stug9.dat
1 16 230 0 130 0 0 1 0 1 0 -1 0 0 p/stug9.dat
1 16 270 0 270 0 0 1 0 1 0 -1 0 0 p/stug5.dat
1 16 180 0 260 0 0 1 0 1 0 -1 0 0 p/stug4.dat
1 16 210 0 310 0 0 1 0 1 0 -1 0 0 p/stud.dat
1 16 190 0 310 0 0 1 0 1 0 -1 0 0 p/stud.dat
1 16 170 0 310 0 0 1 0 1 0 -1 0 0 p/stud.dat
1 16 150 0 310 0 0 1 0 1 0 -1 0 0 p/stud.dat
1 16 -230 0 -230 0 0 1 0 1 0 -1 0 0 p/stug9.dat
1 16 -230 0 230 0 0 1 0 1 0 -1 0 0 p/stug9.dat
