0 BFC CERTIFY CCW
1 16 5 16 -7.5 0 0 5 -7 -1 0 7.5 0 0 p/rect3.dat
1 16 5 23 -20 5 0 0 0 -1 0 0 0 -5 p/rect2a.dat
1 16 5 18 -28.75 5 0 0 0 0 -5 0 1 -3.75 p/rect2a.dat
4 16 10 20 -23 10 23 -25 10 23 -15 10 20 -16.18
4 16 10 9 0 10 9 -4 10 20 -16.18 10 23 -15
1 16 5 14.5 -10.09 0 0 5 5.5 1 0 -6.09 0 0 p/rect3.dat
1 16 5 20 -19.59 0 0 5 0 1 0 -3.41 0 0 p/rect2a.dat
1 16 5 14.2018 -23 0 0 5 -5.79825 0 0 0 -1 0 p/rect2a.dat
1 16 5 8.70175 -21.5 5 0 0 0 -1 -0.29825 0 0 -1.5 p/rect1.dat
1 16 5 9 -12 5 0 0 0 -1 0 0 0 -8 p/rect1.dat
4 16 10 12 -29.5 10 13 -32.5 10 23 -25 10 16.3077 -26
4 16 10 16.3077 -26 10 23 -25 10 20 -23 10 8.3151 -23.4443
3 16 10 20 -23 10 8.4035 -23 10 8.3151 -23.4443
4 16 10 5.5 -32.5 10 13 -32.5 10 12 -29.5 10 8.5 -29.5
3 16 10 8.5 -26 10 8.3151 -23.4443 10 6.3639 -26.3639
3 16 10 8.5 -26 10 16.3077 -26 10 8.3151 -23.4443
4 16 10 5.5 -32.5 10 8.5 -29.5 10 8.5 -26 10 6.3639 -26.3639
3 16 10 6.3639 -26.3639 10 5.5 -26.9412 10 5.5 -32.5
1 16 5 12.4039 -26 0 0 5 3.90385 0 0 0 1 0 p/rect3.dat
1 16 5 14.1539 -27.75 0 0 5 -2.15385 0 0 -1.75 -1 0 p/rect2a.dat
1 16 5 10.25 -29.5 0 0 5 -1.75 0 0 0 -1 0 p/rect2a.dat
1 16 5 8.5 -27.75 5 0 0 0 -1 0 0 0 -1.75 p/rect1.dat
1 16 5 9.25 -32.5 5 0 0 0 0 -3.75 0 1 0 p/rect2a.dat
1 16 5 5.5 -29.7206 5 0 0 0 1 0 0 0 2.7794 p/rect2a.dat
1 16 5 -28 -19.5 0 0 5 0 1 0 -7 0 0 p/rect2a.dat
4 16 10 -28 -12.5 4.75 -28 -6 0 -28 -6 0 -28 -12.5
1 16 2.375 -18.5 -3 0 0 2.375 -9.5 0 0 -3 -1 0 p/rect3.dat
1 16 5 -0.25 -28.9503 5 0 0 0 0 -0.25 0 1 0.0497 p/rect2a.dat
1 16 5 1.72215 -28.6576 5 0 0 0 0 -1.72215 0 1 -0.34245 p/rect1.dat
1 16 5 4.47215 -27.6282 5 0 0 0 0 -1.02785 0 1 -0.68695 p/rect1.dat
1 16 5 -14.25 -32.75 0 0 5 13.75 0 0 -6.25 1 0 p/rect2a.dat
4 16 10 -28 -26.5 10 -0.5 -39 10 -3.5 -34.34 10 -25 -24.57
4 16 10 -3.5 -34.34 10 -0.5 -39 10 -0.5 -28.9006 10 -3.4443 -28.3151
3 16 10 -3.5 -28.2779 10 -3.5 -34.34 10 -3.4443 -28.3151
4 16 10 -28 -26.5 10 -25 -24.57 10 -25 -17.57 10 -28 -12.5
3 16 10 -8.3151 -23.4443 10 -25 -17.57 10 -6.6761 -25.8967
1 16 5 -3.5 -31.3089 0 0 5 0 1 0 -3.03105 0 0 p/rect3.dat
1 16 5 -14.25 -29.455 0 0 5 -10.75 0 0 4.885 -1 0 p/rect2a.dat
1 16 5 -25 -21.07 0 0 5 0 -1 0 3.5 0 0 p/rect2a.dat
1 16 5 -15.8381 -21.7334 0 0 5 9.16195 0 0 -4.16335 1 0 p/rect2a.dat
1 16 5 -6.52 -26.1303 5 0 0 0 1 -0.1561 0 0 0.2336 p/rect1.dat
1 16 5 -4.9041 -27.3395 0 0 5 1.4598 0 0 -0.9756 1 0 p/rect2a.dat
1 16 5 -0.5 -33.9503 5 0 0 0 -1 0 0 0 -5.0497 p/rect1.dat
3 16 4.75 -25 -8 10 -28 -12.5 10 -25 -13.8636
3 16 4.75 -28 -6 10 -28 -12.5 4.75 -25 -8
3 16 10 -25 -13.8636 10 -28 -12.5 10 -25 -17.57
4 16 10 -25 -13.8636 10 -25 -17.57 10 -8.3151 -23.4443 10 -8.7516 -21.2493
4 16 4.75 -28 -6 4.75 -25 -8 4.75 -9 -2.9474 4.75 -9 0
1 16 2.375 -17 -5.4737 0 0 2.375 8 0 0 2.5263 1 0 p/rect3.dat
4 16 4.75 -25 -8 10 -25 -13.8636 0 -25 -13.8636 0 -25 -8
1 16 5 -16.8758 -17.5565 0 0 5 -8.1242 0 0 3.69285 -1 0 p/rect3.dat
1 16 5 -8.8758 -20.6246 5 0 0 0 1 -0.1242 0 0 0.62465 p/rect1.dat
1 16 5 -9 -10 5 0 0 0 1 0 0 0 10 p/rect1.dat
1 16 5 -18.5 -44 0 -5 0 2.5 0 0 0 0 2.5 p/4-4edge.dat
0 BFC INVERTNEXT
1 16 5 -18.5 -44 0 -5 0 2.5 0 0 0 0 2.5 p/4-4cyli.dat
1 16 5 -18.5 -44 0 -5 0 5 0 0 0 0 5 p/4-4edge.dat
1 16 5 -18.5 -44 0 -1 0 -2.5 0 0 0 0 -2.5 p/4-4ring1.dat
1 16 5 -18.5 -44 0 -5 0 5 0 0 0 0 5 p/4-4cyli.dat
1 16 2 -6.5 -99.125 2 0 0 0 1 0 0 0 0.625 p/rect1.dat
1 16 2 -6.25 -100.375 2 0 0 0 1 -0.25 0 0 0.625 p/rect1.dat
4 16 2.2323 -3.5393 -101.82 4 -6 -101 0 -6 -101 0 -3.5393 -101.82
4 16 1.5 -1.5 -102.5 2.2323 -3.5393 -101.82 0 -3.5393 -101.82 0 -1.5 -102.5
1 16 0.75 2.0161 -103.451 0.75 0 0 0 0 -3.5161 0 1 0.9505 p/rect1.dat
1 16 0.75 8.8169 -105.197 0.75 0 0 0 0 -3.2847 0 1 0.7955 p/rect1.dat
1 16 0.75 15.228 -106.641 0.75 0 0 0 0 -3.12645 0 1 0.649 p/rect1.dat
1 16 0.75 21.396 -107.802 0.75 0 0 0 0 -3.0415 0 1 0.5115 p/rect1.dat
1 16 0.75 27.4673 -108.695 0.75 0 0 0 0 -3.0298 0 1 0.382 p/rect1.dat
1 16 0.75 33.5884 -109.34 0.75 0 0 0 0 -3.0913 0 1 0.2625 p/rect1.dat
1 16 0.75 39.9057 -109.752 0.75 0 0 0 0 -3.22605 0 1 0.1505 p/rect1.dat
1 16 0.75 46.5659 -109.951 0.75 0 0 0 0 -3.4341 0 1 0.0485 p/rect1.dat
1 16 0.75 55.4433 -109.851 0.75 0 0 0 0 -5.4433 0 1 -0.149 p/rect1.dat
1 16 0.75 66.323 -109.263 0.75 0 0 0 0 -5.43635 0 1 -0.439 p/rect1.dat
1 16 0.75 77.1609 -108.108 0.75 0 0 0 0 -5.4016 0 1 -0.7165 p/rect1.dat
1 16 0.75 87.9016 -106.409 0.75 0 0 0 0 -5.3391 0 1 -0.9825 p/rect1.dat
1 16 0.75 98.4894 -104.19 0.75 0 0 0 0 -5.24865 0 1 -1.236 p/rect1.dat
1 16 0.75 108.869 -101.477 0.75 0 0 0 0 -5.131 0 1 -1.477 p/rect1.dat
1 16 0.75 118.985 -98.2937 0.75 0 0 0 0 -4.985 0 1 -1.7063 p/rect1.dat
1 16 0.75 128.781 -94.6641 0.75 0 0 0 0 -4.8115 0 1 -1.92335 p/rect1.dat
1 16 0.7545 137.864 -90.769 0.759 0 0 0 0 -4.271 0 1 -1.9717 p/rect1.dat
1 16 0.7545 141.919 -88.8971 0.759 0 0 0 0 -0.216 0 1 -0.0998 p/rect1.dat
1 16 0.76345 142.474 -88.6409 0.7679 0 0 0 0 -0.339 0 1 -0.15645 p/rect1.dat
4 16 1.5358 142.813 -88.4844 0 142.813 -88.4844 0 149.253 -85.0724 1.8148 149.253 -85.0724
4 16 1.8148 149.253 -85.0724 0 149.253 -85.0724 0 151.574 -83.8426 1.8865 151.574 -83.8426
4 16 1.8865 151.574 -83.8426 0 151.574 -83.8426 0 156.906 -80.6087 2.1456 156.906 -80.6087
4 16 2.1456 156.906 -80.6087 0 156.906 -80.6087 0 157.819 -80.0548 2.1842 157.819 -80.0548
1 16 1.09425 158.036 -79.9232 1.0964 0 0 0 0 -0.217 0 1 -0.13155 p/rect1.dat
4 16 2.1928 158.253 -79.7917 0 158.253 -79.7917 0 159.285 -79.1653 2.2323 159.285 -79.1653
4 16 2.2323 159.285 -79.1653 0 159.285 -79.1653 0 159.822 -78.8397 2.2729 159.822 -78.8397
4 16 2.2729 159.822 -78.8397 0 159.822 -78.8397 0 165.548 -74.8574 2.9875 165.548 -74.8574
4 16 2.9875 165.548 -74.8574 0 165.548 -74.8574 0 167.5 -73.5 3.1615 167.5 -73.5
4 16 0 168.646 -72.6035 3.3122 168.646 -72.6035 3.1615 167.5 -73.5 0 167.5 -73.5
4 16 3.3122 168.646 -72.6035 0 168.646 -72.6035 0 169.445 -71.4844 3.6584 169.445 -71.4844
4 16 0 169.747 -70.6297 4 169.747 -70.6297 3.6584 169.445 -71.4844 0 169.445 -71.4844
1 16 2 169.815 -70.4389 2 0 0 0 -1 -0.0675 0 0 -0.19085 p/rect1.dat
1 16 2 169.91 -69.624 2 0 0 0 -1 -0.028 0 0 -0.624 p/rect1.dat
1 16 2 169.876 -68.7936 2 0 0 0 -1 0.0615 0 0 -0.2064 p/rect1.dat
4 16 4 169.815 -68.5872 0 169.815 -68.5872 0 169.803 -68.5461 3.9688 169.803 -68.5461
4 16 3.3181 169.595 -67.8457 3.9688 169.803 -68.5461 0 169.803 -68.5461 0 169.595 -67.8457
4 16 2.2637 168.836 -66.8906 3.3181 169.595 -67.8457 0 169.595 -67.8457 0 168.836 -66.8906
4 16 2.2323 168.797 -66.8692 2.2637 168.836 -66.8906 0 168.836 -66.8906 0 168.797 -66.8692
4 16 2.0854 168.259 -66.576 2.2323 168.797 -66.8692 0 168.797 -66.8692 0 168.259 -66.576
4 16 1.9301 167.644 -66.2402 2.0854 168.259 -66.576 0 168.259 -66.576 0 167.644 -66.2402
4 16 1.7434 166 -66.25 1.9301 167.644 -66.2402 0 167.644 -66.2402 0 166 -66.25
4 16 1.6968 164.5 -66.75 1.7434 166 -66.25 0 166 -66.25 0 164.5 -66.75
1 16 0.847525 163.722 -67.0982 0.84665 0 0 0 0 0.7775 0 -1 0.34815 p/rect1.dat
1 16 0.84945 162.02 -67.8603 0.85225 0 0 0 0 0.925 0 -1 0.414 p/rect1.dat
4 16 1.6639 159.993 -68.5995 1.7045 161.095 -68.2743 0 161.095 -68.2743 0 159.993 -68.5995
4 16 1.5521 155.014 -70.0694 1.6639 159.993 -68.5995 0 159.993 -68.5995 0 155.014 -70.0694
4 16 1.5 154.046 -70.2441 1.5521 155.014 -70.0694 0 155.014 -70.0694 0 154.046 -70.2441
1 16 0.75 151 -70.7939 0.75 0 0 0 0 3.0465 0 -1 0.54985 p/rect1.dat
1 16 0.75 144.032 -71.6997 0.75 0 0 0 0 3.921 0 -1 0.3559 p/rect1.dat
1 16 0.75 135.899 -72.1094 0.75 0 0 0 0 4.2125 0 -1 0.0538 p/rect1.dat
1 16 0.75 127.281 -71.8941 0.75 0 0 0 0 4.4055 0 -1 -0.2691 p/rect1.dat
1 16 0.75 118.376 -71.0122 0.75 0 0 0 0 4.499 0 -1 -0.61285 p/rect1.dat
1 16 0.75 109.383 -69.4219 0.75 0 0 0 0 4.494 0 -1 -0.97745 p/rect1.dat
1 16 0.75 100.499 -67.0816 0.75 0 0 0 0 4.3898 0 -1 -1.3628 p/rect1.dat
1 16 0.75 91.9227 -63.9497 0.75 0 0 0 0 4.18665 0 -1 -1.7691 p/rect1.dat
1 16 0.75 87.1988 -61.8768 0 0 0.75 -0.53735 0 0 0.3038 -1 0 p/rect2a.dat
1 16 2 -6 -97.6875 2 0 0 0 1 0.5 0 0 0.8125 p/rect1.dat
1 16 2 -4.4844 -95.7031 2 0 0 0 1 1.0156 0 0 1.17185 p/rect1.dat
1 16 2 -1.9844 -93.2656 2 0 0 0 0 1.4844 0 -1 1.26565 p/rect1.dat
1 16 2 0.1035 -91.1992 2 0 0 0 1 0.6035 0 0 0.8008 p/rect1.dat
1 16 2 1.18165 -89.3398 2 0 0 0 1 0.47465 0 0 1.05855 p/rect1.dat
1 16 2 1.9668 -87.0118 2 0 0 0 1 0.3105 0 0 1.26955 p/rect1.dat
1 16 2 2.38865 -84.3086 2 0 0 0 1 0.11135 0 0 1.4336 p/rect1.dat
1 16 2 2.37695 -81.3242 2 0 0 0 1 -0.12305 0 0 1.5508 p/rect1.dat
1 16 2 1.86135 -78.1523 2 0 0 0 1 -0.39255 0 0 1.62105 p/rect1.dat
1 16 2 0.7715 -74.8868 2 0 0 0 1 -0.6973 0 0 1.64455 p/rect1.dat
1 16 2 -0.9629 -71.6211 2 0 0 0 1 -1.0371 0 0 1.6211 p/rect1.dat
1 16 2 -8.95685 -59.0849 2 0 0 0 1 -6.95685 0 0 10.9151 p/rect2a.dat
1 16 0.75 73.3128 -52.7375 0.75 0 0 0 0 0.3128 0 -1 -0.23745 p/rect2a.dat
1 16 2 68.25 -49 0 0 2 -1.25 0 0 1 -1 0 p/rect2a.dat
4 16 4 69.5 -50 2.2323 71.164 -51.1885 0 71.164 -51.1885 0 69.5 -50
4 16 2.2323 71.164 -51.1885 1.5 73 -52.5 0 73 -52.5 0 71.164 -51.1885
4 16 4 49.452 -80.5376 4 46.4505 -84.9948 4 59.0625 -88 4 61.7824 -83.1759
4 16 4 61.7824 -83.1759 4 59.0625 -88 4 71.3516 -90.0469 4 73.9531 -84.9531
4 16 4 73.9531 -84.9531 4 71.3516 -90.0469 4 83.3333 -91.1667 4 85.9259 -85.9074
4 16 4 85.9259 -85.9074 4 83.3333 -91.1667 4 95.0234 -91.3906 4 97.6626 -86.077
4 16 4 97.6626 -86.077 4 95.0234 -91.3906 4 106.438 -90.75 4 109.125 -85.5
4 16 4 109.125 -85.5 4 106.438 -90.75 4 117.591 -89.276 4 120.275 -84.2147
4 16 4 120.275 -84.2147 4 117.591 -89.276 4 128.5 -87 4 131.074 -82.2593
4 16 4 151.468 -76.4907 4 149.646 -80.1667 4 159.914 -75.6719 4 160.986 -72.7541
4 16 4 169.747 -70.6297 4 169.882 -70.248 4 169.938 -69 4 169.815 -68.5872
4 16 4 169.815 -68.5872 4 160.986 -72.7541 4 159.914 -75.6719 4 169.747 -70.6297
4 16 1.5 97.5644 -96.0395 1.5 85.1296 -95.8055 1.5 93.2407 -105.426 1.5 103.738 -102.954
3 16 1.5 85.1296 -95.8055 1.5 97.5644 -96.0395 2.2323 89.9235 -93.8403
3 16 1.5 85.1296 -95.8055 2.2323 89.9235 -93.8403 2.2323 78.8981 -93.1389
3 16 2.2323 78.8981 -93.1389 2.2323 89.9235 -93.8403 4 83.3333 -91.1667
3 16 2.2323 78.8981 -93.1389 4 83.3333 -91.1667 4 71.3516 -90.0469
3 16 2.2323 67.7617 -91.6875 2.2323 78.8981 -93.1389 4 71.3516 -90.0469
3 16 1.5 72.1602 -94.6445 2.2323 78.8981 -93.1389 2.2323 67.7617 -91.6875
3 16 1.5 58.6516 -92.4965 1.5 72.1602 -94.6445 2.2323 67.7617 -91.6875
3 16 1.5 44.5997 -89.3017 1.5 58.6516 -92.4965 2.2323 56.4456 -89.5278
3 16 1.5 58.6516 -92.4965 2.2323 67.7617 -91.6875 2.2323 56.4456 -89.5278
3 16 2.2323 56.4456 -89.5278 2.2323 67.7617 -91.6875 4 59.0625 -88
3 16 2.2323 44.8812 -86.7014 2.2323 56.4456 -89.5278 4 46.4505 -84.9948
3 16 2.2323 56.4456 -89.5278 4 59.0625 -88 4 46.4505 -84.9948
3 16 1.5 44.5997 -89.3017 2.2323 56.4456 -89.5278 2.2323 44.8812 -86.7014
3 16 1.5 36.6797 -109.602 1.5 43.1318 -109.903 1.5 44.5997 -89.3017
4 16 1.5 31.8248 -85.5377 1.5 30.232 -85.8544 1.5 36.6797 -109.602 1.5 44.5997 -89.3017
4 16 1.5 44.5997 -89.3017 1.5 43.1318 -109.903 1.5 50 -110 1.5 58.6516 -92.4965
4 16 1.5 58.6516 -92.4965 1.5 50 -110 1.5 60.8866 -109.702 1.5 72.1602 -94.6445
4 16 1.5 72.1602 -94.6445 1.5 60.8866 -109.702 1.5 71.7593 -108.824 1.5 82.5625 -107.391
4 16 1.5 85.1296 -95.8055 1.5 72.1602 -94.6445 1.5 82.5625 -107.391 1.5 93.2407 -105.426
3 16 1.5 72.1602 -94.6445 1.5 85.1296 -95.8055 2.2323 78.8981 -93.1389
3 16 2.2323 67.7617 -91.6875 4 71.3516 -90.0469 4 59.0625 -88
3 16 2.2323 89.9235 -93.8403 4 95.0234 -91.3906 4 83.3333 -91.1667
3 16 2.2323 89.9235 -93.8403 2.2323 100.906 -93.75 4 95.0234 -91.3906
3 16 1.5 97.5644 -96.0395 2.2323 100.906 -93.75 2.2323 89.9235 -93.8403
3 16 1.5 97.5644 -96.0395 1.5 109.469 -95.4063 2.2323 100.906 -93.75
3 16 1.5 109.469 -95.4063 2.2323 111.915 -92.8264 2.2323 100.906 -93.75
3 16 2.2323 100.906 -93.75 2.2323 111.915 -92.8264 4 106.438 -90.75
3 16 2.2323 100.906 -93.75 4 106.438 -90.75 4 95.0234 -91.3906
3 16 2.2323 111.915 -92.8264 4 117.591 -89.276 4 106.438 -90.75
3 16 2.2323 111.915 -92.8264 2.2323 123.019 -91.0278 4 117.591 -89.276
3 16 2.2323 123.019 -91.0278 4 128.5 -87 4 117.591 -89.276
3 16 2.2323 123.019 -91.0278 2.2323 134.285 -88.3125 4 128.5 -87
3 16 2.2323 145.784 -84.6389 2.2323 157.582 -79.9653 4 149.646 -80.1667
3 16 2.2323 157.582 -79.9653 4 159.914 -75.6719 4 149.646 -80.1667
4 16 4 159.914 -75.6719 2.2323 157.582 -79.9653 2.2323 159.285 -79.1653 2.2729 159.822 -78.8397
3 16 2.9875 165.548 -74.8574 4 159.914 -75.6719 2.2729 159.822 -78.8397
4 16 4 169.747 -70.6297 4 159.914 -75.6719 2.9875 165.548 -74.8574 3.1615 167.5 -73.5
4 16 3.1615 167.5 -73.5 3.3122 168.646 -72.6035 3.6584 169.445 -71.4844 4 169.747 -70.6297
3 16 2.2323 159.285 -79.1653 2.2323 157.582 -79.9653 2.1928 158.253 -79.7917
3 16 2.1842 157.819 -80.0548 2.1928 158.253 -79.7917 2.2323 157.582 -79.9653
3 16 2.2323 157.582 -79.9653 2.1456 156.906 -80.6087 2.1842 157.819 -80.0548
4 16 1.8148 149.253 -85.0724 1.8865 151.574 -83.8426 2.1456 156.906 -80.6087 2.2323 157.582 -79.9653
3 16 2.2323 145.784 -84.6389 1.8148 149.253 -85.0724 2.2323 157.582 -79.9653
4 16 1.518 142.135 -88.7973 1.5358 142.813 -88.4844 1.8148 149.253 -85.0724 2.2323 145.784 -84.6389
4 16 1.511 141.927 -88.8935 2.2323 134.285 -88.3125 1.5 131.704 -91.7778 1.5 141.703 -88.9969
3 16 2.2323 123.019 -91.0278 1.5 131.704 -91.7778 2.2323 134.285 -88.3125
3 16 2.2323 111.915 -92.8264 1.5 120.847 -93.9657 2.2323 123.019 -91.0278
3 16 1.5 120.847 -93.9657 1.5 131.704 -91.7778 2.2323 123.019 -91.0278
3 16 1.5 109.469 -95.4063 1.5 120.847 -93.9657 2.2323 111.915 -92.8264
4 16 1.5 120.847 -93.9657 1.5 109.469 -95.4063 1.5 114 -100 1.5 123.97 -96.5874
4 16 1.5 109.469 -95.4063 1.5 97.5644 -96.0395 1.5 103.738 -102.954 1.5 114 -100
4 16 1.5 131.704 -91.7778 1.5 120.847 -93.9657 1.5 123.97 -96.5874 1.5 133.593 -92.7407
3 16 1.5 133.593 -92.7407 1.5 141.703 -88.9969 1.5 131.704 -91.7778
3 16 1.5 133.593 -92.7407 1.518 142.135 -88.7973 1.5 141.703 -88.9969
3 16 1.5 62.5046 -77.3518 1.5 51.0917 -75.1872 2.2323 49.7545 -77.5094
4 16 4 49.452 -80.5376 4 61.7824 -83.1759 2.2323 60.6609 -79.7627 2.2323 49.7545 -77.5094
3 16 4 73.9531 -84.9531 2.2323 71.4961 -81.4727 4 61.7824 -83.1759
3 16 2.2323 71.4961 -81.4727 2.2323 60.6609 -79.7627 4 61.7824 -83.1759
4 16 1.5 62.5046 -77.3518 2.2323 60.6609 -79.7627 2.2323 71.4961 -81.4727 1.5 73.7578 -78.9609
3 16 2.2323 60.6609 -79.7627 1.5 62.5046 -77.3518 2.2323 49.7545 -77.5094
4 16 1.5 73.7578 -78.9609 2.2323 71.4961 -81.4727 2.2323 82.287 -82.6019 1.5 84.8704 -79.9815
4 16 1.5 84.8704 -79.9815 2.2323 82.287 -82.6019 2.2323 93.0606 -83.113 1.5 95.8614 -80.3805
3 16 2.2323 82.287 -82.6019 4 85.9259 -85.9074 2.2323 93.0606 -83.113
3 16 2.2323 82.287 -82.6019 4 73.9531 -84.9531 4 85.9259 -85.9074
3 16 2.2323 71.4961 -81.4727 4 73.9531 -84.9531 2.2323 82.287 -82.6019
3 16 2.2323 93.0606 -83.113 4 85.9259 -85.9074 4 97.6626 -86.077
3 16 2.2323 93.0606 -83.113 4 97.6626 -86.077 2.2323 103.844 -82.9688
3 16 2.2323 103.844 -82.9688 4 97.6626 -86.077 4 109.125 -85.5
3 16 2.2323 103.844 -82.9688 4 109.125 -85.5 2.2323 114.663 -82.1318
3 16 2.2323 114.663 -82.1318 4 109.125 -85.5 4 120.275 -84.2147
3 16 2.2323 114.663 -82.1318 4 120.275 -84.2147 2.2323 125.546 -80.5648
3 16 2.2323 125.546 -80.5648 4 120.275 -84.2147 4 131.074 -82.2593
4 16 1.5 138.992 -75.1016 1.5 140.111 -72.0556 1.5 131.686 -72.1632 1.5 128.296 -77.5185
4 16 1.5 149.662 -71.8981 1.5 147.953 -71.3438 1.5 140.111 -72.0556 1.5 138.992 -75.1016
3 16 1.5 147.953 -71.3438 1.5 149.662 -71.8981 1.5 154.046 -70.2441
3 16 1.5 149.662 -71.8981 1.5521 155.014 -70.0694 1.5 154.046 -70.2441
4 16 1.5 149.662 -71.8981 2.2323 158.844 -71.1104 1.6639 159.993 -68.5995 1.5521 155.014 -70.0694
3 16 1.5 149.662 -71.8981 2.2323 147.61 -75.0914 2.2323 158.844 -71.1104
3 16 2.2323 147.61 -75.0914 4 151.468 -76.4907 2.2323 158.844 -71.1104
3 16 2.2323 158.844 -71.1104 4 151.468 -76.4907 4 160.986 -72.7541
4 16 4 169.815 -68.5872 3.9688 169.803 -68.5461 2.2323 158.844 -71.1104 4 160.986 -72.7541
3 16 3.9688 169.803 -68.5461 2.2323 168.797 -66.8692 2.2323 158.844 -71.1104
4 16 3.9688 169.803 -68.5461 3.3181 169.595 -67.8457 2.2637 168.836 -66.8906 2.2323 168.797 -66.8692
4 16 1.7045 161.095 -68.2743 1.6639 159.993 -68.5995 2.2323 158.844 -71.1104 2.2323 168.797 -66.8692
4 16 2.0854 168.259 -66.576 1.6933 162.945 -67.4463 1.7045 161.095 -68.2743 2.2323 168.797 -66.8692
4 16 1.6968 164.5 -66.75 1.6933 162.945 -67.4463 2.0854 168.259 -66.576 1.9301 167.644 -66.2402
3 16 1.6968 164.5 -66.75 1.9301 167.644 -66.2402 1.7434 166 -66.25
4 16 1.5 128.296 -77.5185 1.5 131.686 -72.1632 1.5 122.875 -71.625 1.5 117.555 -79.182
4 16 2.2323 125.546 -80.5648 1.5 128.296 -77.5185 1.5 117.555 -79.182 2.2323 114.663 -82.1318
4 16 2.2323 114.663 -82.1318 1.5 117.555 -79.182 1.5 106.75 -80.125 2.2323 103.844 -82.9688
4 16 2.2323 103.844 -82.9688 1.5 106.75 -80.125 1.5 95.8614 -80.3805 2.2323 93.0606 -83.113
4 16 1.5 106.75 -80.125 1.5 113.877 -70.3993 1.5 104.889 -68.4444 1.5 95.8614 -80.3805
4 16 1.5 95.8614 -80.3805 1.5 104.889 -68.4444 1.5 96.1094 -65.7188 1.5 84.8704 -79.9815
4 16 1.5 84.8704 -79.9815 1.5 96.1094 -65.7188 1.5 87.7361 -62.1806 1.5 73.7578 -78.9609
4 16 1.5 87.7361 -62.1806 1.5 86.6614 -61.573 1.5 77.6988 -65.5226 1.5 73.7578 -78.9609
4 16 1.5 62.5046 -77.3518 1.5 73.7578 -78.9609 1.5 77.6988 -65.5226 1.5 65.1683 -71.0445
4 16 1.5 51.0917 -75.1872 1.5 62.5046 -77.3518 1.5 63 -72 1.5 61.5 -68
3 16 1.5 63 -72 1.5 62.5046 -77.3518 1.5 65.1683 -71.0445
4 16 1.5 69.5781 -56.7969 1.5 69.4141 -56.2134 1.5 51.0917 -75.1872 1.5 61.5 -68
3 16 1.5 69.5781 -56.7969 1.5 61.5 -68 1.5 65.5 -66.5
4 16 1.5 65.5 -66.5 1.5 67.1465 -65.2246 1.5 68.1665 -63.945 1.5 69.5781 -56.7969
3 16 1.5 69.5781 -56.7969 1.5 68.1665 -63.945 1.5 69.4691 -60.8607
4 16 1.5 69.4691 -60.8607 1.5 68.1665 -63.945 1.5 68.3594 -63.7031 1.5 69.1738 -62.0176
4 16 1.5 69.4691 -60.8607 1.5 69.625 -60.25 1.5 69.748 -58.4824 1.5 69.5781 -56.7969
4 16 1.5 69.4141 -56.2134 1.5 69.1504 -55.2754 1.5 68.9639 -54.9096 1.5 40.4853 -71.9118
4 16 1.5 40.4853 -71.9118 1.5 40.6555 -72.7679 1.5 51.0917 -75.1872 1.5 69.4141 -56.2134
3 16 1.5 40.4853 -71.9118 1.5 68.9639 -54.9096 1.5 68.5 -54
4 16 1.5 56.2969 -57.8516 1.5 68.5 -54 1.5 73 -52.5 1.5 64.6309 -54.5869
4 16 1.5 56.2969 -57.8516 1.5 40.4394 -71.6808 1.5 40.4853 -71.9118 1.5 68.5 -54
3 16 1.5 71.4887 -53.4022 1.5 73 -52.5 1.5 68.5 -54
3 16 1.5 72.7232 -53.1553 1.5 73 -52.5 1.5 72.2819 -53.2436
3 16 1.5 73 -52.5 1.5 72.7232 -53.1553 1.5 73.6256 -52.9749
3 16 1.5 71.4887 -53.4022 1.5 72.2819 -53.2436 1.5 73 -52.5
4 16 1.5 117.555 -79.182 1.5 122.875 -71.625 1.5 113.877 -70.3993 1.5 106.75 -80.125
4 16 2.2323 -3.5393 -101.82 1.5 -1.5 -102.5 1.5 9.8223 -92.0459 2.2323 1.8973 -96.749
3 16 1.5 9.8223 -92.0459 2.2323 7.9491 -91.1794 2.2323 1.8973 -96.749
3 16 2.2323 14.1328 -85.6289 2.2323 7.9491 -91.1794 1.5 9.8223 -92.0459
3 16 2.2323 14.1328 -85.6289 4 10.4717 -86.6885 2.2323 7.9491 -91.1794
3 16 1.5 20.2656 -82.8047 2.2323 14.1328 -85.6289 1.5 9.8223 -92.0459
4 16 2.2323 19.9883 -80.5638 2.2323 14.1328 -85.6289 1.5 20.2656 -82.8047 1.9674 20.3679 -81.1327
4 16 2.2323 39.7358 -65.3714 1.5 39.125 -67.9375 1.5 47.8457 -62.2998 2.2323 46.2407 -61.2315
3 16 2.2323 46.2407 -61.2315 4 43.5625 -60.3125 2.2323 39.7358 -65.3714
3 16 4 50.9287 -55.8096 4 43.5625 -60.3125 2.2323 46.2407 -61.2315
3 16 2.2323 52.7422 -57.6367 4 50.9287 -55.8096 2.2323 46.2407 -61.2315
4 16 4 57.3516 -52.8359 4 50.9287 -55.8096 2.2323 52.7422 -57.6367 2.2323 59.2176 -54.6748
3 16 4 63.3643 -51.0225 4 57.3516 -52.8359 2.2323 59.2176 -54.6748
3 16 2.2323 65.6444 -52.4333 4 63.3643 -51.0225 2.2323 59.2176 -54.6748
3 16 4 69.5 -50 4 63.3643 -51.0225 2.2323 65.6444 -52.4333
3 16 1.5 73 -52.5 2.2323 65.6444 -52.4333 1.5 64.6309 -54.5869
3 16 2.2323 65.6444 -52.4333 2.2323 59.2176 -54.6748 1.5 64.6309 -54.5869
3 16 1.5 64.6309 -54.5869 2.2323 59.2176 -54.6748 1.5 56.2969 -57.8516
3 16 2.2323 59.2176 -54.6748 2.2323 52.7422 -57.6367 1.5 56.2969 -57.8516
3 16 1.5 56.2969 -57.8516 2.2323 52.7422 -57.6367 1.5 47.8457 -62.2998
3 16 2.2323 52.7422 -57.6367 2.2323 46.2407 -61.2315 1.5 47.8457 -62.2998
3 16 2.2323 7.9491 -91.1794 4 10.4717 -86.6885 2.2323 1.8973 -96.749
3 16 4 10.4717 -86.6885 4 -6 -101 2.2323 1.8973 -96.749
3 16 2.2323 -3.5393 -101.82 2.2323 1.8973 -96.749 4 -6 -101
3 16 2.2323 71.164 -51.1885 4 69.5 -50 2.2323 65.6444 -52.4333
3 16 2.2323 65.6444 -52.4333 1.5 73 -52.5 2.2323 71.164 -51.1885
3 16 1.5 9.8223 -92.0459 1.5 -1.5 -102.5 1.5 20.2656 -82.8047
3 16 1.5 25.0991 -85.1249 1.5 -1.5 -102.5 1.5 28.5428 -85.8096
4 16 1.5 25.0991 -85.1249 1.5 22.3207 -83.2682 1.5 20.2656 -82.8047 1.5 -1.5 -102.5
4 16 4 37.8296 -82.3355 4 46.4505 -84.9948 4 49.452 -80.5376 4 40.1249 -78.9009
3 16 4 40.1249 -78.9009 4 49.452 -80.5376 4 40.3156 -77.9419
4 16 2.6402 36.104 -83.6526 2.2323 35.5835 -84.0005 2.2323 44.8812 -86.7014 4 46.4505 -84.9948
4 16 1.5 31.8248 -85.5377 1.5 44.5997 -89.3017 2.2323 44.8812 -86.7014 1.6415 32.8755 -85.3288
3 16 1.7817 33.9009 -85.1249 2.2323 44.8812 -86.7014 2.2323 35.5835 -84.0005
3 16 1.6415 32.8755 -85.3288 2.2323 44.8812 -86.7014 1.7817 33.9009 -85.1249
4 16 1.5 24.4375 -108.313 1.5 30.4971 -109.077 1.5 36.6797 -109.602 1.5 30.232 -85.8544
3 16 1.5 24.4375 -108.313 1.5 30.232 -85.8544 1.5 29.7744 -85.9453
4 16 1.5 29.1986 -85.94 1.5 12.1016 -105.992 1.5 18.3545 -107.29 1.5 24.4375 -108.313
3 16 1.5 29.5 -85.9999 1.5 24.4375 -108.313 1.5 29.7744 -85.9453
3 16 1.5 24.4375 -108.313 1.5 29.5 -85.9999 1.5 29.1986 -85.94
4 16 1.5 12.1016 -105.992 1.5 29.1986 -85.94 1.5 28.5428 -85.8096 1.5 -1.5 -102.5
3 16 1.5 12.1016 -105.992 1.5 -1.5 -102.5 1.5 5.5322 -104.401
3 16 3.7374 37.6317 -82.6317 4 46.4505 -84.9948 4 37.8296 -82.3355
3 16 4 46.4505 -84.9948 3.7374 37.6317 -82.6317 2.6402 36.104 -83.6526
4 16 2.2323 40.8457 -75.2755 2.2323 49.7545 -77.5094 1.5 51.0917 -75.1872 2.1027 40.9348 -74.8274
3 16 1.9992 40.9999 -74.5 1.5 51.0917 -75.1872 1.5 40.6555 -72.7679
3 16 1.5 51.0917 -75.1872 1.9992 40.9999 -74.5 2.1027 40.9348 -74.8274
3 16 3.5184 40.4753 -77.1388 2.2323 49.7545 -77.5094 2.2323 40.8457 -75.2755
4 16 4 40.3156 -77.9419 4 49.452 -80.5376 2.2323 49.7545 -77.5094 3.5184 40.4753 -77.1388
4 16 4 10.4717 -86.6885 2.2323 14.1328 -85.6289 2.2323 19.9883 -80.5638 2.3177 19.9452 -80.4992
3 16 4 10.4717 -86.6885 2.3177 19.9452 -80.4992 4 19.1741 -79.3438
3 16 2.6273 37.6317 -66.3683 2.2323 37.856 -66.7039 2.2323 39.7358 -65.3714
4 16 2.6273 37.6317 -66.3683 2.2323 39.7358 -65.3714 4 43.5625 -60.3125 3.1185 37.2211 -66.0444
3 16 4 36.4668 -65.4492 3.1185 37.2211 -66.0444 4 43.5625 -60.3125
4 16 2.2323 39.7358 -65.3714 2.2323 37.856 -66.7039 1.545 38.7638 -68.0624 1.5 39.125 -67.9375
3 16 1.545 38.7638 -68.0624 1.5 38.8285 -68.1591 1.5 39.125 -67.9375
3 16 1.5 20.2656 -82.8047 1.5 21.0506 -82.1556 1.5757 20.9413 -81.9918
3 16 1.5757 20.9413 -81.9918 1.9674 20.3679 -81.1327 1.5 20.2656 -82.8047
3 16 1.5 20.2656 -82.8047 1.5 22.3207 -83.2682 1.5 21.3683 -82.6317
3 16 1.5 21.3683 -82.6317 1.5 21.0506 -82.1556 1.5 20.2656 -82.8047
4 16 1.5 47.8457 -62.2998 1.5 40.1249 -70.0991 1.5 40.4394 -71.6808 1.5 56.2969 -57.8516
4 16 1.5 40.1249 -70.0991 1.5 47.8457 -62.2998 1.5 39.125 -67.9375 1.5 39.1874 -68.6962
3 16 1.5 39.1874 -68.6962 1.5 39.125 -67.9375 1.5 38.8285 -68.1591
3 16 4 149.646 -80.1667 4 151.468 -76.4907 4 141.484 -79.6719
4 16 1.511 141.927 -88.8935 1.518 142.135 -88.7973 2.2323 145.784 -84.6389 2.2323 134.285 -88.3125
3 16 2.2323 136.52 -78.2305 2.2323 125.546 -80.5648 4 131.074 -82.2593
3 16 1.5 138.992 -75.1016 1.5 128.296 -77.5185 2.2323 136.52 -78.2305
3 16 1.5 128.296 -77.5185 2.2323 125.546 -80.5648 2.2323 136.52 -78.2305
3 16 4 151.468 -76.4907 2.2323 147.61 -75.0914 4 141.484 -79.6719
3 16 1.5 149.662 -71.8981 1.5 138.992 -75.1016 2.2323 147.61 -75.0914
3 16 1.5 138.992 -75.1016 2.2323 136.52 -78.2305 2.2323 147.61 -75.0914
4 16 4 136.072 -84.8399 4 128.5 -87 2.2323 134.285 -88.3125 3.6647 136.661 -85.2337
3 16 3.4095 137.545 -85.4094 3.6647 136.661 -85.2337 2.2323 134.285 -88.3125
3 16 3.2602 138 -85.5 3.4095 137.545 -85.4094 2.2323 134.285 -88.3125
4 16 3.2602 138 -85.5 2.2323 134.285 -88.3125 2.2323 145.784 -84.6389 3.1581 139.339 -85.2337
3 16 2.2323 145.784 -84.6389 3.5886 140.717 -84.1127 3.4085 140.475 -84.4749
3 16 2.2323 145.784 -84.6389 3.4085 140.475 -84.4749 3.1581 139.339 -85.2337
3 16 3.9256 141.234 -83.3394 4 149.646 -80.1667 4 141.262 -83.2
4 16 3.9256 141.234 -83.3394 3.5886 140.717 -84.1127 2.2323 145.784 -84.6389 4 149.646 -80.1667
4 16 2.2323 136.52 -78.2305 2.6427 137.673 -78.5651 2.6598 138 -78.5 2.2323 147.61 -75.0914
4 16 3.5028 140.088 -79.2665 4 141.484 -79.6719 2.2323 147.61 -75.0914 3.0606 139.339 -78.7663
3 16 2.2323 147.61 -75.0914 2.6598 138 -78.5 3.0606 139.339 -78.7663
3 16 4 141.484 -79.6719 3.5028 140.088 -79.2665 3.7373 140.475 -79.5251
3 16 3.7373 140.475 -79.5251 4 140.703 -79.866 4 141.484 -79.6719
3 16 4 131.074 -82.2593 4 134.624 -81.377 3.55 134.766 -80.6606
3 16 4 131.074 -82.2593 3.55 134.766 -80.6606 2.9243 135.525 -79.5251
4 16 4 131.074 -82.2593 2.9243 135.525 -79.5251 2.6095 136.661 -78.7663 2.2323 136.52 -78.2305
3 16 2.6427 137.673 -78.5651 2.2323 136.52 -78.2305 2.6095 136.661 -78.7663
1 16 4 138 -82 0 -1 0 2.47487 0 -2.47487 2.47487 0 2.47487 p/5-16chrd.dat
1 16 4 138 -82 0 -1 0 -1.33939 0 3.23358 -3.23358 0 -1.33939 p/1-4chrd.dat
4 16 4 136.072 -84.8399 4 136.661 -85.2336 4 141.234 -83.3394 4 141.262 -83.2
4 16 4 134.766 -80.6606 4 134.624 -81.377 4 140.703 -79.866 4 140.475 -79.5251
4 16 4 134.624 -81.377 4 136.072 -84.8399 4 141.262 -83.2 4 140.703 -79.866
4 16 4 128.5 -87 4 136.072 -84.8399 4 134.624 -81.377 4 131.074 -82.2593
4 16 4 141.262 -83.2 4 149.646 -80.1667 4 141.484 -79.6719 4 140.703 -79.866
3 16 3.6647 136.661 -85.2337 4 136.661 -85.2336 4 136.072 -84.8399
4 16 3.4095 137.545 -85.4094 4 138 -85.5001 4 136.661 -85.2336 3.6647 136.661 -85.2337
3 16 3.2602 138 -85.5 4 138 -85.5001 3.4095 137.545 -85.4094
4 16 3.2602 138 -85.5 3.1581 139.339 -85.2337 4 139.339 -85.2335 4 138 -85.5001
4 16 3.4085 140.475 -84.4749 4 140.475 -84.475 4 139.339 -85.2335 3.1581 139.339 -85.2337
3 16 3.7373 140.475 -79.5251 4 140.475 -79.5251 4 140.703 -79.866
4 16 3.5028 140.088 -79.2665 4 139.339 -78.7663 4 140.475 -79.5251 3.7373 140.475 -79.5251
3 16 3.0606 139.339 -78.7663 4 139.339 -78.7663 3.5028 140.088 -79.2665
4 16 3.0606 139.339 -78.7663 2.6598 138 -78.5 4 138 -78.5 4 139.339 -78.7663
4 16 2.6427 137.673 -78.5651 4 136.661 -78.7663 4 138 -78.5 2.6598 138 -78.5
3 16 2.6095 136.661 -78.7663 4 136.661 -78.7663 2.6427 137.673 -78.5651
4 16 2.9243 135.525 -79.5251 4 135.525 -79.5251 4 136.661 -78.7663 2.6095 136.661 -78.7663
4 16 3.55 134.766 -80.6606 4 134.766 -80.6606 4 135.525 -79.5251 2.9243 135.525 -79.5251
3 16 4 134.624 -81.377 4 134.766 -80.6606 3.55 134.766 -80.6606
3 16 3.9256 141.234 -83.3394 4 141.262 -83.2 4 141.234 -83.3394
3 16 3.9256 141.234 -83.3394 4 141.234 -83.3394 3.4085 140.475 -84.4749
4 16 3.5886 140.717 -84.1127 4 141.234 -83.3394 4 140.475 -84.475 3.4085 140.475 -84.4749
1 16 4 138 -82 0 -1 0 -1.33939 0 3.23358 -3.23358 0 -1.33939 p/1-4edge.dat
1 16 4 138 -82 0 -1 0 2.47487 0 -2.47487 2.47487 0 2.47487 p/5-16edge.dat
4 16 1.5 -40.0625 -26.4375 1.5 -34.3096 -28.9736 1.5 -33.747 -14.4115 1.5 -38.8924 -14.5208
4 16 2.2323 -38.4641 -12.4711 1.5 -38.8924 -14.5208 1.5 -33.747 -14.4115 2.2323 -33.5137 -12.4261
4 16 4 -33.8197 -10.3737 4 -39.0579 -10.3854 2.2323 -38.4641 -12.4711 2.2323 -33.5137 -12.4261
4 16 4 -39.0579 -10.3854 4 -43.7578 -10.5586 2.2323 -42.9023 -12.6602 2.2323 -38.4641 -12.4711
4 16 4 -43.7578 -10.5586 4 -47.963 -10.9167 2.2323 -46.8796 -13.0185 2.2323 -42.9023 -12.6602
4 16 4 -47.963 -10.9167 4 -51.7167 -11.4831 2.2323 -50.4472 -13.5713 2.2323 -46.8796 -13.0185
4 16 4 -51.7167 -11.4831 4 -55.0625 -12.2813 2.2323 -53.6563 -14.3438 2.2323 -50.4472 -13.5713
4 16 4 -55.0625 -12.2813 4 -58.0437 -13.3346 2.2323 -56.558 -15.361 2.2323 -53.6563 -14.3438
4 16 4 -58.0437 -13.3346 4 -60.7037 -14.6667 2.2323 -59.2037 -16.6481 2.2323 -56.558 -15.361
3 16 1.5 -57.1454 -18.0365 2.2323 -56.558 -15.361 2.2323 -59.2037 -16.6481
3 16 1.5 -59.6111 -19.3333 1.5 -57.1454 -18.0365 2.2323 -59.2037 -16.6481
4 16 1.5 -59.6885 -23.3525 1.5 -57.1454 -18.0365 1.5 -59.6111 -19.3333 1.5 -61.7852 -20.8281
4 16 1.5 -52.7578 -23.7266 1.5 -54.3438 -16.9375 1.5 -57.1454 -18.0365 1.5 -59.6885 -23.3525
4 16 1.5 -52.7578 -23.7266 1.5 -47.5556 -15.3333 1.5 -51.1619 -16.0365 1.5 -54.3438 -16.9375
3 16 1.5 -51.1619 -16.0365 1.5 -47.5556 -15.3333 2.2323 -50.4472 -13.5713
3 16 2.2323 -53.6563 -14.3438 1.5 -51.1619 -16.0365 2.2323 -50.4472 -13.5713
3 16 1.5 -54.3438 -16.9375 1.5 -51.1619 -16.0365 2.2323 -53.6563 -14.3438
3 16 1.5 -54.3438 -16.9375 2.2323 -53.6563 -14.3438 2.2323 -56.558 -15.361
3 16 1.5 -57.1454 -18.0365 1.5 -54.3438 -16.9375 2.2323 -56.558 -15.361
3 16 2.2323 -50.4472 -13.5713 1.5 -47.5556 -15.3333 2.2323 -46.8796 -13.0185
3 16 1.5 -47.5556 -15.3333 1.5 -43.4805 -14.8281 2.2323 -46.8796 -13.0185
4 16 1.5 -46.2139 -24.7217 1.5 -43.4805 -14.8281 1.5 -47.5556 -15.3333 1.5 -52.7578 -23.7266
4 16 1.5 -40.0625 -26.4375 1.5 -38.8924 -14.5208 1.5 -43.4805 -14.8281 1.5 -46.2139 -24.7217
3 16 1.5 -43.4805 -14.8281 1.5 -38.8924 -14.5208 2.2323 -42.9023 -12.6602
3 16 2.2323 -42.9023 -12.6602 1.5 -38.8924 -14.5208 2.2323 -38.4641 -12.4711
3 16 2.2323 -46.8796 -13.0185 1.5 -43.4805 -14.8281 2.2323 -42.9023 -12.6602
4 16 1.5 -59.6885 -23.3525 1.5 -61.7852 -20.8281 1.5 -63.7118 -22.5208 1.5 -64.5595 -23.4508
4 16 2.2323 -66.1165 -22.3812 1.8379 -65.7496 -23.4748 1.5 -64.5595 -23.4508 1.5 -63.7118 -22.5208
3 16 1.8379 -65.7496 -23.4748 2.2323 -66.1165 -22.3812 2.2323 -67.0225 -23.4933
3 16 1.5 -63.7118 -22.5208 2.2323 -63.9317 -20.1331 2.2323 -66.1165 -22.3812
3 16 1.5 -63.7118 -22.5208 1.5 -61.7852 -20.8281 2.2323 -63.9317 -20.1331
3 16 1.5 -61.7852 -20.8281 2.2323 -61.6445 -18.2305 2.2323 -63.9317 -20.1331
3 16 2.2323 -63.9317 -20.1331 2.2323 -61.6445 -18.2305 4 -65.2338 -18.2604
3 16 4 -65.2338 -18.2604 2.2323 -61.6445 -18.2305 4 -63.0859 -16.3008
3 16 2.2323 -61.6445 -18.2305 2.2323 -59.2037 -16.6481 4 -63.0859 -16.3008
3 16 1.5 -59.6111 -19.3333 2.2323 -59.2037 -16.6481 2.2323 -61.6445 -18.2305
3 16 1.5 -61.7852 -20.8281 1.5 -59.6111 -19.3333 2.2323 -61.6445 -18.2305
3 16 4 -63.0859 -16.3008 2.2323 -59.2037 -16.6481 4 -60.7037 -14.6667
3 16 4 -67.1907 -20.569 2.2323 -63.9317 -20.1331 4 -65.2338 -18.2604
3 16 2.2323 -66.1165 -22.3812 2.2323 -63.9317 -20.1331 4 -67.1907 -20.569
4 16 4 -68.8043 -22.96 3.6442 -68.4197 -23.0751 2.2323 -66.1165 -22.3812 4 -67.1907 -20.569
3 16 2.2235 -67 -23.5 2.2323 -66.1165 -22.3812 3.6442 -68.4197 -23.0751
4 16 4 -28 -10.5 4 -33.8197 -10.3737 2.2323 -33.5137 -12.4261 2.2323 -28 -12.5
4 16 2.2323 -33.5137 -12.4261 1.5 -33.747 -14.4115 1.5 -28 -14.5 2.2323 -28 -12.5
4 16 1.5 -34.3096 -28.9736 1.5 -28.9609 -32.4297 1.5 -28 -14.5 1.5 -33.747 -14.4115
4 16 1.5 -28.9609 -32.4297 1.5 -23.5718 -16.9745 1.5 -25.3319 -15.6791 1.5 -28 -14.5
3 16 1.5 -25.3319 -15.6791 1.5 -23.5718 -16.9745 2.2323 -22.4699 -14.9792
3 16 2.2323 -24.715 -13.6224 1.5 -25.3319 -15.6791 2.2323 -22.4699 -14.9792
3 16 2.2323 -24.715 -13.6224 2.2323 -22.4699 -14.9792 4 -20.831 -12.6713
3 16 2.2323 -22.4699 -14.9792 2.2323 -21.0547 -16.5547 4 -20.831 -12.6713
3 16 2.2323 -22.4699 -14.9792 1.5 -23.5718 -16.9745 2.2323 -21.0547 -16.5547
3 16 1.5 -23.5718 -16.9745 1.5 -22.5234 -18.3984 2.2323 -21.0547 -16.5547
3 16 2.2323 -21.0547 -16.5547 1.5 -22.5234 -18.3984 2.2323 -20.2593 -18.3333
3 16 2.2323 -21.0547 -16.5547 2.2323 -20.2593 -18.3333 4 -17.9815 -16.037
4 16 4 -17.5472 -18.0984 4 -17.9815 -16.037 2.2323 -20.2593 -18.3333 2.2323 -19.8736 -20.2995
3 16 4 -17.5472 -18.0984 2.2323 -19.8736 -20.2995 4 -17.4375 -20.375
3 16 2.2323 -19.8736 -20.2995 2.2323 -19.6875 -22.4375 4 -17.4375 -20.375
3 16 4 -17.4375 -20.375 2.2323 -19.6875 -22.4375 4 -17.4008 -22.8391
4 16 4 -17.4008 -22.8391 2.2323 -19.6875 -22.4375 2.2323 -19.491 -24.7318 4 -17.1852 -25.463
3 16 2.2323 -19.491 -24.7318 2.2323 -19.0741 -27.1667 4 -17.1852 -25.463
4 16 2.2323 -19.0741 -27.1667 2.2323 -19.491 -24.7318 1.5 -21.5246 -25.6218 1.5 -21.0926 -27.8704
4 16 2.2323 -19.491 -24.7318 2.2323 -19.6875 -22.4375 1.5 -21.6875 -23.5625 1.5 -21.5246 -25.6218
3 16 1.5 -21.5246 -25.6218 1.5 -21.6875 -23.5625 1.5 -24.0225 -36.9053
3 16 1.5 -21.0926 -27.8704 1.5 -21.5246 -25.6218 1.5 -24.0225 -36.9053
3 16 1.5 -20.1953 -30.3203 1.5 -21.0926 -27.8704 1.5 -24.0225 -36.9053
3 16 1.5 -18.6366 -32.9838 1.5 -20.1953 -30.3203 1.5 -24.0225 -36.9053
3 16 1.5 -16.2202 -35.873 1.5 -18.6366 -32.9838 1.5 -24.0225 -36.9053
4 16 2.2323 -16.7384 -32.3958 1.5 -18.6366 -32.9838 1.5 -16.2202 -35.873 2.2323 -14.3996 -35.1589
4 16 1.5 -13.2821 -38.5205 1.6226 -13.0262 -38.3568 2.2323 -14.3996 -35.1589 1.5 -16.2202 -35.873
4 16 1.5 -13.2821 -38.5205 1.5 -16.2202 -35.873 1.5 -17.8334 -39.1325 1.5 -16.5865 -39.3805
4 16 1.5 -17.8334 -39.1325 1.5 -16.2202 -35.873 1.5 -24.0225 -36.9053 1.5 -18.5 -39
3 16 1.5 -20.4135 -39.3805 1.5 -18.5 -39 1.5 -24.0225 -36.9053
3 16 1.5 -21.4576 -40.0783 1.5 -20.4135 -39.3805 1.5 -24.0225 -36.9053
3 16 1.5 -15.6274 -40.0215 1.5 -13.2821 -38.5205 1.5 -16.5865 -39.3805
3 16 2.2323 -14.3996 -35.1589 1.6226 -13.0262 -38.3568 2.2323 -11.637 -37.4677
4 16 2.5499 -11.35 -37.284 4 -12.9482 -34.015 2.2323 -14.3996 -35.1589 2.2323 -11.637 -37.4677
3 16 4 -15.2106 -31.0787 2.2323 -14.3996 -35.1589 4 -12.9482 -34.015
3 16 2.2323 -16.7384 -32.3958 2.2323 -14.3996 -35.1589 4 -15.2106 -31.0787
3 16 2.2323 -18.2266 -29.7266 2.2323 -16.7384 -32.3958 4 -15.2106 -31.0787
3 16 4 -16.5391 -28.2188 2.2323 -18.2266 -29.7266 4 -15.2106 -31.0787
3 16 2.2323 -19.0741 -27.1667 2.2323 -18.2266 -29.7266 4 -16.5391 -28.2188
4 16 2.2323 -19.0741 -27.1667 1.5 -21.0926 -27.8704 1.5 -20.1953 -30.3203 2.2323 -18.2266 -29.7266
4 16 2.2323 -18.2266 -29.7266 1.5 -20.1953 -30.3203 1.5 -18.6366 -32.9838 2.2323 -16.7384 -32.3958
3 16 4 -17.1852 -25.463 2.2323 -19.0741 -27.1667 4 -16.5391 -28.2188
3 16 4 -12.9482 -34.015 2.5499 -11.35 -37.284 4 -10.0977 -36.4826
3 16 1.5 -21.6875 -23.5625 1.5 -21.7775 -21.6803 1.5 -24.0225 -36.9053
4 16 1.5 -24.0225 -36.9053 1.5 -21.7775 -21.6803 1.5 -21.9907 -19.963 1.5 -22.5234 -18.3984
3 16 1.5 -22.5234 -18.3984 1.5 -21.9907 -19.963 2.2323 -20.2593 -18.3333
3 16 2.2323 -20.2593 -18.3333 1.5 -21.9907 -19.963 2.2323 -19.8736 -20.2995
3 16 1.5 -21.9907 -19.963 1.5 -21.7775 -21.6803 2.2323 -19.8736 -20.2995
3 16 2.2323 -19.8736 -20.2995 1.5 -21.7775 -21.6803 2.2323 -19.6875 -22.4375
3 16 1.5 -21.7775 -21.6803 1.5 -21.6875 -23.5625 2.2323 -19.6875 -22.4375
4 16 1.5 -24.0225 -36.9053 1.5 -22.5234 -18.3984 1.5 -23.5718 -16.9745 1.5 -28.9609 -32.4297
3 16 4 -18.9922 -14.2188 2.2323 -21.0547 -16.5547 4 -17.9815 -16.037
3 16 4 -20.831 -12.6713 2.2323 -21.0547 -16.5547 4 -18.9922 -14.2188
3 16 4 -23.7497 -11.4225 2.2323 -24.715 -13.6224 4 -20.831 -12.6713
3 16 2.2323 -28 -12.5 2.2323 -24.715 -13.6224 4 -23.7497 -11.4225
3 16 4 -28 -10.5 2.2323 -28 -12.5 4 -23.7497 -11.4225
3 16 2.2323 -28 -12.5 1.5 -28 -14.5 2.2323 -24.715 -13.6224
3 16 1.5 -28 -14.5 1.5 -25.3319 -15.6791 2.2323 -24.715 -13.6224
1 16 2 -51.0249 -6.0928 2 0 0 0 0 2.5376 0 -1 0.5322 p/rect1.dat
1 16 2 -55.7837 -7.5088 2 0 0 0 0 2.2212 0 -1 0.8838 p/rect1.dat
1 16 2 -59.9829 -9.65725 2 0 0 0 0 1.978 0 -1 1.26465 p/rect1.dat
1 16 2 -63.769 -12.5967 2 0 0 0 0 1.8081 0 -1 1.6748 p/rect1.dat
1 16 2 -67.2886 -16.3858 2 0 0 0 1 1.71145 0 0 2.11425 p/rect1.dat
1 16 2 -69.3359 -19.1015 2 0 0 0 1 0.33595 0 0 0.60155 p/rect1.dat
1 16 2 -69.7734 -20.539 2 0 0 0 1 0.10155 0 0 0.83595 p/rect1.dat
1 16 2 -69.6875 -21.8125 2 0 0 0 1 -0.1875 0 0 0.4375 p/rect1.dat
1 16 2 -69.1522 -22.605 2 0 0 0 1 -0.34785 0 0 0.355 p/rect1.dat
4 16 0 -68.8043 -22.96 0 -68.4197 -23.0751 3.6442 -68.4197 -23.0751 4 -68.8043 -22.96
4 16 2.2323 -67.0225 -23.4933 3.6442 -68.4197 -23.0751 0 -68.4197 -23.0751 0 -67.0225 -23.4933
1 16 1.11395 -67.0113 -23.4966 1.11175 0 0 0 0 -0.01125 0 1 0.00335 p/rect1.dat
4 16 1.8379 -65.7496 -23.4748 2.2235 -67 -23.5 0 -67 -23.5 0 -65.7496 -23.4748
4 16 0 -65.7496 -23.4748 0 -64.5595 -23.4508 1.5 -64.5595 -23.4508 1.8379 -65.7496 -23.4748
1 16 0.75 -62.124 -23.4017 0.75 0 0 0 0 -2.4355 0 1 -0.04915 p/rect1.dat
1 16 0.75 -56.2231 -23.5395 0.75 0 0 0 0 -3.46535 0 1 0.18705 p/rect1.dat
1 16 0.75 -49.4858 -24.2242 0.75 0 0 0 0 -3.27195 0 1 0.49755 p/rect1.dat
1 16 0.75 -43.1382 -25.5796 0.75 0 0 0 0 -3.0757 0 1 0.8579 p/rect1.dat
1 16 0.75 -37.1861 -27.7055 0.75 0 0 0 0 -2.87645 0 1 1.26805 p/rect1.dat
1 16 0.75 -31.6352 -30.7017 0.75 0 0 0 0 -2.67435 0 1 1.72805 p/rect1.dat
1 16 0.75 -26.4917 -34.6675 0.75 0 0 0 0 -2.4692 0 1 2.2378 p/rect1.dat
1 16 0.75 -22.7401 -38.4918 0 0 0.75 1.28245 1 0 -1.5865 0 0 p/rect2a.dat
1 16 2 -45.56 -5.3506 2 0 0 0 0 2.92725 0 -1 0.21 p/rect1.dat
1 16 2 -39.2426 -5.2236 2 0 0 0 0 3.39015 0 -1 -0.083 p/rect1.dat
1 16 2 -31.9262 -5.6533 2 0 0 0 0 3.92625 0 -1 -0.3467 p/rect1.dat
1 16 2 -21 -7.5 2 0 0 0 0 7 0 -1 -1.5 p/rect2a.dat
4 16 4 -12.9482 -34.015 4 -10.0977 -36.4826 4 -7 -34.5 4 -8.7773 -32.7891
4 16 4 -12.9482 -34.015 4 -8.7773 -32.7891 4 -10.3438 -30.9375 4 -15.2106 -31.0787
4 16 4 -15.2106 -31.0787 4 -10.3438 -30.9375 4 -11.6758 -28.8047 4 -16.5391 -28.2188
4 16 4 -16.5391 -28.2188 4 -11.6758 -28.8047 4 -12.75 -26.25 4 -17.1852 -25.463
4 16 4 -17.1852 -25.463 4 -12.75 -26.25 4 -13.543 -23.1328 4 -17.4008 -22.8391
4 16 4 -17.4375 -20.375 4 -17.4008 -22.8391 4 -13.543 -23.1328 4 -14.0313 -19.3125
4 16 4 -17.5472 -18.0984 4 -17.4375 -20.375 4 -14.0313 -19.3125 4 -14.1914 -14.6484
3 16 4 -14.1914 -14.6484 4 -17.9815 -16.037 4 -17.5472 -18.0984
3 16 4 -14.1914 -14.6484 4 -18.9922 -14.2188 4 -17.9815 -16.037
4 16 4 -20.831 -12.6713 4 -18.9922 -14.2188 4 -14.1914 -14.6484 4 -14 -9
4 16 4 -23.7497 -11.4225 4 -20.831 -12.6713 4 -14 -9 4 -28 -6
3 16 4 -28 -6 4 -28 -10.5 4 -23.7497 -11.4225
4 16 4 -33.8197 -10.3737 4 -28 -10.5 4 -28 -6 4 -35.8525 -5.3066
4 16 4 -39.0579 -10.3854 4 -33.8197 -10.3737 4 -35.8525 -5.3066 4 -42.6328 -5.1406
4 16 4 -43.7578 -10.5586 4 -39.0579 -10.3854 4 -42.6328 -5.1406 4 -48.4873 -5.5606
3 16 4 -48.4873 -5.5606 4 -47.963 -10.9167 4 -43.7578 -10.5586
4 16 4 -51.7167 -11.4831 4 -47.963 -10.9167 4 -48.4873 -5.5606 4 -53.5625 -6.625
4 16 4 -55.0625 -12.2813 4 -51.7167 -11.4831 4 -53.5625 -6.625 4 -58.0049 -8.3926
4 16 4 -58.0437 -13.3346 4 -55.0625 -12.2813 4 -58.0049 -8.3926 4 -61.9609 -10.9219
4 16 4 -60.7037 -14.6667 4 -58.0437 -13.3346 4 -61.9609 -10.9219 4 -65.5771 -14.2715
3 16 4 -65.5771 -14.2715 4 -63.0859 -16.3008 4 -60.7037 -14.6667
4 16 4 -65.2338 -18.2604 4 -63.0859 -16.3008 4 -65.5771 -14.2715 4 -69 -18.5
4 16 4 -67.1907 -20.569 4 -65.2338 -18.2604 4 -69 -18.5 4 -69.6719 -19.7031
4 16 4 -67.1907 -20.569 4 -69.6719 -19.7031 4 -69.875 -21.375 4 -68.8043 -22.96
3 16 4 -69.875 -21.375 4 -69.5 -22.25 4 -68.8043 -22.96
1 16 2 -14.0957 -11.8242 2 0 0 0 -1 -0.0957 0 0 -2.8242 p/rect1.dat
1 16 2 -14.1113 -16.9805 2 0 0 0 -1 0.08005 0 0 -2.33205 p/rect1.dat
1 16 2 -13.7872 -21.2227 2 0 0 0 -1 0.24415 0 0 -1.91015 p/rect1.dat
1 16 2 -13.1465 -24.6914 2 0 0 0 -1 0.3965 0 0 -1.5586 p/rect1.dat
1 16 2 -12.2129 -27.5273 2 0 0 0 -1 0.5371 0 0 -1.27735 p/rect1.dat
1 16 2 -11.0098 -29.8711 2 0 0 0 -1 0.666 0 0 -1.0664 p/rect1.dat
1 16 2 -9.56055 -31.8633 2 0 0 0 -1 0.78325 0 0 -0.9258 p/rect1.dat
1 16 2 -7.88865 -33.6446 2 0 0 0 0 0.88865 0 -1 -0.85545 p/rect2a.dat
1 16 2 -8.54885 -35.4913 2 0 0 0 0 -1.54885 0 1 -0.9913 p/rect1.dat
4 16 0 -11.35 -37.284 0 -10.0977 -36.4826 4 -10.0977 -36.4826 2.5499 -11.35 -37.284
4 16 2.5499 -11.35 -37.284 2.2323 -11.637 -37.4677 0 -11.637 -37.4677 0 -11.35 -37.284
4 16 0 -13.0262 -38.3568 0 -11.637 -37.4677 2.2323 -11.637 -37.4677 1.6226 -13.0262 -38.3568
1 16 0.75 -14.4548 -39.271 0.75 0 0 0 0 -1.17265 0 1 -0.7505 p/rect2a.dat
4 16 0 -13.2821 -38.5205 0 -13.0262 -38.3568 1.6226 -13.0262 -38.3568 1.5 -13.2821 -38.5205
4 16 4 -6 -101 4 10.4717 -86.6885 4 0.707 -90.3984 4 -0.5 -92
4 16 4 -6 -101 4 -0.5 -92 4 -3.4688 -94.5313 4 -5.5 -96.875
4 16 4 -6 -101 4 -5.5 -96.875 4 -6.5 -98.5 4 -6.5 -99.75
3 16 4 10.4717 -86.6885 4 1.6563 -88.2813 4 0.707 -90.3984
3 16 4 10.4717 -86.6885 4 2.2773 -85.7422 4 1.6563 -88.2813
3 16 4 10.4717 -86.6885 4 2.5 -82.875 4 2.2773 -85.7422
3 16 4 10.4717 -86.6885 4 2.2539 -79.7734 4 2.5 -82.875
3 16 4 10.4717 -86.6885 4 1.4688 -76.5313 4 2.2539 -79.7734
1 16 4 0.5 -46 0 -2.5 0 -2.25 0 -3.89711 3.89711 0 -2.25 p/1-4edge.dat
1 16 4 0.5 -46 0 -2.5 0 -2.25 0 -3.89711 3.89711 0 -2.25 p/1-4ndis.dat
1 16 4 15 -37 0 -2.5 0 2.25 0 -3.89712 3.89712 0 2.25 p/3-16edge.dat
1 16 4 15 -37 0 -2.5 0 2.25 0 -3.89712 3.89712 0 2.25 p/3-16ndis.dat
1 16 4 35.5 -56.5 0 -2.5 0 2.25 0 3.89711 -3.89711 0 2.25 p/1-4ndis.dat
1 16 4 35.5 -56.5 0 -2.5 0 2.25 0 3.89711 -3.89711 0 2.25 p/5-16edge.dat
4 16 2.2323 16.591 -34.2444 1.5 15 -37 1.5 35.5 -56.5 2.2323 37.437 -53.9756
3 16 2.2323 15.4153 -33.8453 1.5 15 -37 2.2323 16.591 -34.2444
3 16 2.2323 14.1765 -33.9265 1.5 15 -37 2.2323 15.4153 -33.8453
3 16 2.2323 13.063 -34.4756 1.5 15 -37 2.2323 14.1765 -33.9265
4 16 4 12.2606 -33.4299 2.2323 13.063 -34.4756 2.2323 14.1765 -33.9265 4 13.8353 -32.6534
4 16 4 -1.75 -42.1029 2.2323 -1.091 -43.2444 2.2323 13.063 -34.4756 4 12.2606 -33.4299
4 16 4 -3.0702 -43.2605 2.2323 -2.0244 -44.063 2.2323 -1.091 -43.2444 4 -1.75 -42.1029
3 16 2.2323 -2.0244 -44.063 1.5 0.5 -46 2.2323 -1.091 -43.2444
3 16 2.2323 -2.5735 -45.1765 1.5 0.5 -46 2.2323 -2.0244 -44.063
3 16 2.2323 -2.6547 -46.4153 1.5 0.5 -46 2.2323 -2.5735 -45.1765
3 16 2.2323 -2.2557 -47.591 1.5 0.5 -46 2.2323 -2.6547 -46.4153
3 16 4 16.2019 -74.89 2.6028 15.2709 -73.4949 4 14.75 -74.3971
3 16 2.2323 14.4756 -72.437 4 13.4299 -73.2394 4 14.75 -74.3971
4 16 2.2323 14.4756 -72.437 4 14.75 -74.3971 2.6028 15.2709 -73.4949 2.2323 14.6909 -72.6258
4 16 2.2323 14.4756 -72.437 2.2323 -2.2557 -47.591 4 -3.3971 -48.25 4 13.4299 -73.2394
4 16 4 -3.3971 -48.25 2.2323 -2.2557 -47.591 2.2323 -2.6547 -46.4153 4 -3.9616 -46.5874
4 16 4 -3.9616 -46.5874 2.2323 -2.6547 -46.4153 2.2323 -2.5735 -45.1765 4 -3.8467 -44.8353
4 16 4 -3.8467 -44.8353 2.2323 -2.5735 -45.1765 2.2323 -2.0244 -44.063 4 -3.0702 -43.2605
3 16 1.5 35.5 -56.5 2.2323 37.091 -59.2556 2.2323 38.0244 -58.437
3 16 1.5 35.5 -56.5 2.2323 38.0244 -58.437 2.2323 38.5735 -57.3235
3 16 1.5 35.5 -56.5 2.2323 38.5735 -57.3235 2.2323 38.6547 -56.0847
3 16 1.5 35.5 -56.5 2.2323 38.6547 -56.0847 2.2323 38.2556 -54.909
3 16 1.5 35.5 -56.5 2.2323 38.2556 -54.909 2.2323 37.437 -53.9756
4 16 2.2323 38.2556 -54.909 4 39.3971 -54.25 4 38.2395 -52.9298 2.2323 37.437 -53.9756
4 16 2.2323 16.591 -34.2444 2.2323 37.437 -53.9756 4 38.2395 -52.9298 4 17.25 -33.1029
4 16 4 15.5874 -32.5385 2.2323 15.4153 -33.8453 2.2323 16.591 -34.2444 4 17.25 -33.1029
4 16 4 13.8353 -32.6534 2.2323 14.1765 -33.9265 2.2323 15.4153 -33.8453 4 15.5874 -32.5385
4 16 2.2323 38.6547 -56.0847 4 39.9616 -55.9126 4 39.3971 -54.25 2.2323 38.2556 -54.909
4 16 2.2323 38.5735 -57.3235 4 39.8467 -57.6647 4 39.9616 -55.9126 2.2323 38.6547 -56.0847
4 16 2.2323 38.0244 -58.437 4 39.0702 -59.2395 4 39.8467 -57.6647 2.2323 38.5735 -57.3235
4 16 2.2323 37.091 -59.2556 4 37.75 -60.3971 4 39.0702 -59.2395 2.2323 38.0244 -58.437
3 16 2.2323 -1.091 -43.2444 1.5 15 -37 2.2323 13.063 -34.4756
4 16 1.5904 1.7574 -44.7574 2.2323 -1.091 -43.2444 1.5 0.5 -46 1.5 1.2296 -45.5471
4 16 1.5 5.0189 -43.1951 1.5 15 -37 2.2323 -1.091 -43.2444 1.6085 3.7039 -43.4566
3 16 1.6085 3.7039 -43.4566 2.2323 -1.091 -43.2444 1.5904 1.7574 -44.7574
4 16 4 16.1693 -76.8095 4 14.75 -74.3972 4 13.4299 -73.2394 4 13.5 -79.5
4 16 1.5 30.2041 -60.5077 1.5 35.5 -56.5 1.5 15 -37 1.5 10.2426 -44.7574
3 16 1.5 15 -37 1.5 5.0189 -43.1951 1.5 6 -43.0001
3 16 1.5 15 -37 1.5 6 -43.0001 1.5 8.2961 -43.4566
3 16 1.5 15 -37 1.5 8.2961 -43.4566 1.5 10.2426 -44.7574
3 16 1.5 0.7143 -46.3182 1.5 1.2296 -45.5471 1.5 0.5 -46
4 16 1.5 0.7143 -46.3182 1.5 0.5 -46 2.2323 -2.2557 -47.591 1.599 0.4566 -46.7039
3 16 2.2323 -2.2557 -47.591 2.1907 0.4566 -51.2961 1.9822 0.0001 -49
3 16 2.2323 -2.2557 -47.591 1.9822 0.0001 -49 1.599 0.4566 -46.7039
4 16 2.1907 0.4566 -51.2961 2.2323 -2.2557 -47.591 2.2323 14.4756 -72.437 2.2151 14.5346 -72.3917
3 16 2.2151 14.5346 -72.3917 2.2323 14.4756 -72.437 2.2323 14.6909 -72.6258
4 16 3.6098 33.5968 -63.1847 4 33.8328 -63.3709 4 37.75 -60.3971 2.2323 37.091 -59.2556
3 16 2.2323 32.7703 -62.5326 3.6098 33.5968 -63.1847 2.2323 37.091 -59.2556
4 16 2.2323 32.7703 -62.5326 2.2323 37.091 -59.2556 1.5 35.5 -56.5 1.7026 30.9182 -61.0712
3 16 1.5 30.2041 -60.5077 1.7026 30.9182 -61.0712 1.5 35.5 -56.5
4 16 4 14.75 -74.3972 4 16.1693 -76.8095 4 16.3857 -75.1655 4 16.2019 -74.89
3 16 4 16.9623 -76.0295 4 16.3857 -75.1655 4 16.1693 -76.8095
3 16 4 16.9623 -76.0295 4 16.1693 -76.8095 4 17.038 -76.1429
1 16 8.25 29.5 -74.5 0 -8.25 0 -8.13171 0 8.13172 -8.13172 0 -8.13171 p/2-4edge.dat
1 16 8.25 29.5 -74.5 0 -8.25 0 -8.13171 0 8.13172 -8.13172 0 -8.13171 p/2-4cyli.dat
1 16 8.25 29.5 -74.5 0 -7 0 -2e-5 0 -11.5 11.5 0 -2e-5 p/3-16cylo.dat
1 16 8.25 29.5 -74.5 0 -7 0 -10.6246 0 -4.40084 4.40084 0 -10.6246 p/48/1-24cylo.dat
1 16 8.25 29.5 -74.5 0 -1 0 -10.6246 0 -4.40084 4.40084 0 -10.6246 p/48/1-16chrd.dat
0 BFC INVERTNEXT
1 16 0.75 6 -49 0 7.5 0 2.5 0 0 0 0 2.5 p/4-4cylc.dat
1 16 8.25 6 -49 0 -8.25 0 4.24264 0 -4.24264 4.24264 0 4.24264 p/7-16cyli.dat
1 16 8.25 6 -49 0 -8.25 0 4.24264 0 -4.24264 4.24264 0 4.24264 p/7-16edge.dat
1 16 8.25 6 -49 0 -7 0 0 0 6 -6 0 0 p/1-4cylo.dat
1 16 8.25 29.5 -74.5 0 -1 0 -0.25 0 0 0 0 -0.25 p/4-4rin32.dat
1 16 8.25 29.5 -74.5 0 -1 0 -2.75 0 0 0 0 -2.75 p/4-4ring3.dat
1 16 8.25 29.5 -74.5 0 -1 0 -0.5 0 0 0 0 -0.5 p/4-4rin22.dat
1 16 8.25 6 -49 0 -1 0 -2.5 0 0 0 0 -2.5 p/4-4ring1.dat
1 16 8.25 6 -49 0 -1 0 -1 0 0 0 0 -1 p/4-4ring5.dat
4 16 8.25 18.8751 -78.901 8.25 18 -74.5 8.25 3.7039 -54.5433 8.25 1.7574 -53.2426
4 16 8.25 18 -74.5 8.25 18.0988 -72.9989 8.25 6 -55 8.25 3.7039 -54.5433
4 16 8.25 33.9011 -63.8751 8.25 37.6317 -66.3683 8.25 10.2426 -44.7574 8.25 11.5433 -46.7039
4 16 8.25 29.5 -63 8.25 33.9011 -63.8751 8.25 11.5433 -46.7039 8.25 12 -49
1 16 4.75 20.75 -56 0 0 -3.5 -8.75 0 0 7 1 0 p/rect.dat
1 16 4.75 12.0494 -63.9995 -3.5 0 0 0 -1 -6.0494 0 0 8.99945 p/rect.dat
1 16 4.125 23.9371 -55.5628 4.125 0 0 0 0 13.6945 0 -1 -10.8055 p/rect1.dat
1 16 4.125 10.9124 -66.9639 4.125 0 0 0 1 -10.4558 0 0 15.6678 p/rect1.dat
1 16 1.25 29.5 -74.5 0 -7 0 -2e-5 0 -11.5 11.5 0 -2e-5 p/3-16ndis.dat
1 16 1.25 6 -49 0 -7 0 0 0 6 -6 0 0 p/1-4ndis.dat
4 16 1.25 12 -49 1.25 12 -55 1.25 18 -63 1.25 29.5 -63
4 16 1.25 18.3925 -71.5235 1.25 18.8754 -70.0992 1.25 18 -63 1.25 12 -55
4 16 1.25 18.0988 -72.9989 1.25 18.3925 -71.5235 1.25 12 -55 1.25 6 -55
1 16 2 12 -80.5 0 0 2 -1.5 0 0 -1 -1 0 p/rect3.dat
1 16 2 -0.75 -64.75 0 0 2 -11.25 -1 0 16.75 0 0 p/rect2a.dat
1 16 2 -10.5 -47 0 0 2 1.5 0 0 1 1 0 p/rect2a.dat
1 16 2 2.25 -62.75 2 0 0 0 1 -11.25 0 0 16.75 p/rect1.dat
4 16 4 10.4717 -86.6885 4 19.1741 -79.3438 4 13.5 -79.5 4 10.5 -81.5
4 16 4 16.1693 -76.8095 4 13.5 -79.5 4 19.1741 -79.3438 4 17.038 -76.1429
4 16 4 13.5 -79.5 4 13.4299 -73.2394 4 -3.3971 -48.25 4 -9 -46
3 16 4 -3.3971 -48.25 4 -5.6471 -44.3529 4 -9 -46
4 16 4 1.4688 -76.5313 4 10.4717 -86.6885 4 10.5 -81.5 4 0.0742 -73.2422
3 16 4 10.5 -81.5 4 -2 -70 4 0.0742 -73.2422
4 16 4 33.8328 -63.3709 4 36.4668 -65.4492 4 43.5625 -60.3125 4 37.75 -60.3971
3 16 4 43.5625 -60.3125 4 41.6471 -58.1471 4 37.75 -60.3971
1 16 2 23.5014 -32.3516 2 0 0 0 0 1.49855 0 -1 -1.14845 p/rect1.dat
1 16 2 35.6242 -44.3502 2 0 0 0 -1 10.6242 0 0 -10.8502 p/rect2a.dat
1 16 2 20.6538 -30.3828 2 0 0 0 0 1.3491 0 -1 -0.8203 p/rect1.dat
1 16 2 18.0434 -29.0703 2 0 0 0 0 1.26125 0 -1 -0.4922 p/rect1.dat
1 16 2 15.5473 -28.414 2 0 0 0 0 1.23485 0 -1 -0.16405 p/rect1.dat
1 16 2 13.0425 -28.414 2 0 0 0 0 1.27 0 -1 0.16405 p/rect1.dat
1 16 2 10.4058 -29.0703 2 0 0 0 0 1.3667 0 -1 0.4922 p/rect1.dat
1 16 2 7.5142 -30.3828 2 0 0 0 0 1.5249 0 -1 0.8203 p/rect1.dat
4 16 4 43.5625 -60.3125 4 46.2483 -55.2004 4 39.3971 -54.25 4 41.6471 -58.1471
3 16 4 46.2483 -55.2004 4 38.2395 -52.9298 4 39.3971 -54.25
4 16 4 38.2395 -52.9298 4 46.2483 -55.2004 4 25 -33.5 4 17.25 -33.1029
4 16 4 17.25 -33.1029 4 25 -33.5 4 22.0029 -31.2031 4 19.3047 -29.5625
4 16 4 17.25 -33.1029 4 19.3047 -29.5625 4 16.7822 -28.5781 4 13.3529 -30.8529
4 16 4 43.5625 -60.3125 4 50.9287 -55.8096 4 49.4922 -53.3438 4 46.2483 -55.2004
4 16 4 50.9287 -55.8096 4 57.3516 -52.8359 4 52.1807 -52.0625 4 49.4922 -53.3438
4 16 4 52.1807 -52.0625 4 57.3516 -52.8359 4 58.0615 -49.8281 4 55.0625 -50.875
4 16 4 57.3516 -52.8359 4 63.3643 -51.0225 4 61.1016 -48.9688 4 58.0615 -49.8281
4 16 4 63.3643 -51.0225 4 67 -48 4 64.1064 -48.3438 4 61.1016 -48.9688
3 16 4 69.5 -50 4 67 -48 4 63.3643 -51.0225
4 16 4 -2 -70 4 10.5 -81.5 4 -12 -48 4 -15.9137 -48.1699
3 16 4 -12 -48 4 -14.9645 -47.5355 4 -15.9137 -48.1699
3 16 4 -12 -48 4 -13.8805 -45.9135 4 -14.9645 -47.5355
4 16 4 -13.8805 -45.9135 4 -12 -48 4 -9 -46 4 -13.5 -44
4 16 4 -13.5259 -43.8697 4 -13.5 -44 4 -9 -46 4 -5.6471 -44.3529
4 16 4 5.9893 -31.2031 4 12.2606 -33.4299 4 11.7725 -28.5781 4 9.0391 -29.5625
3 16 4 12.2605 -33.4298 4 13.3529 -30.8529 4 11.7725 -28.5781
4 16 4 11.7725 -28.5781 4 13.3529 -30.8529 4 16.7822 -28.5781 4 14.3125 -28.25
1 16 2 46.6608 -54.9361 2 0 0 0 0 0.41245 0 -1 0.26425 p/rect1.dat
1 16 2 48.2827 -54.0078 2 0 0 0 0 1.2095 0 -1 0.66405 p/rect1.dat
1 16 2 50.8364 -52.7032 2 0 0 0 0 1.34425 0 -1 0.64065 p/rect1.dat
1 16 2 53.6216 -51.4688 2 0 0 0 0 1.4409 0 -1 0.59375 p/rect1.dat
1 16 2 59.5816 -49.3984 2 0 0 0 0 1.52005 0 -1 0.42965 p/rect1.dat
1 16 2 56.562 -50.3516 2 0 0 0 0 1.4995 0 -1 0.52345 p/rect1.dat
1 16 2 62.604 -48.6563 2 0 0 0 0 1.5024 0 -1 0.3125 p/rect1.dat
1 16 2 65.5532 -48.1719 2 0 0 0 0 1.4468 0 -1 0.1719 p/rect1.dat
3 16 4 -5.6471 -44.3529 4 -1.75 -42.1029 4 -13.5259 -43.8697
4 16 4 -3.7306 -37.5316 4 -13.5259 -43.8697 4 -1.75 -42.1029 4 -0.5 -39
1 16 2 -8.62825 -40.7007 0 0 2 -4.89765 0 0 -3.16905 -1 0 p/rect3.dat
1 16 2 2.5 -33.4832 0 0 2 -3 0 0 -1.958 -1 0 p/rect3.dat
4 16 4 -1.75 -42.1029 4 12.2606 -33.4299 4 5.9893 -31.2031 4 5.5 -31.5252
3 16 4 5.5 -31.5252 4 -0.5 -39 4 -1.75 -42.1029
3 16 4 5.5 -31.5252 4 -0.5 -35.4412 4 -0.5 -39
1 16 -5.1147 -11.5285 -54.9445 13.3647 0 0 0 1.81771 -6.42451 0 -2.69415 -4.33453 p/3-16cylo.dat
1 16 -5.1147 -11.5285 -54.9445 13.3647 0 0 0 1.67788 -6.42451 0 -2.48691 -4.33453 p/3-16chrd.dat
1 16 -5.1147 -9.7108 -57.6387 13.3647 0 0 0 -1.67788 -6.42451 0 2.48691 -4.33453 p/3-16chrd.dat
1 16 8.25 -6.682 -53.6349 0 -1 0 0.90885 0 3.9376 -1.34707 0 2.65665 p/rect3.dat
1 16 4.125 -2.7444 -50.9783 4.125 0 0 0 -0.82897 0.90885 0 -0.55929 -1.34707 p/rect2p.dat
4 16 0 -17.464 -58.9492 8.25 -11.5285 -54.9445 8.25 -3.6533 -49.6312 0 -3.6533 -49.6312
4 16 0 -15.6463 -61.6433 0 -1.8356 -52.3254 8.25 -1.8356 -52.3254 8.25 -9.7108 -57.6387
1 16 -5.1147 -8.0329 -60.1256 13.3647 0 0 0 1.81771 -6.42451 0 -2.69415 -4.33453 p/3-16cylo.dat
1 16 -5.1147 -8.0329 -60.1256 13.3647 0 0 0 1.67788 -6.42451 0 -2.48691 -4.33453 p/3-16chrd.dat
1 16 -5.1147 -6.2152 -62.8197 13.3647 0 0 0 -1.67788 -6.42451 0 2.48691 -4.33453 p/3-16chrd.dat
1 16 8.25 -3.1864 -58.816 0 -1 0 0.90885 0 3.9376 -1.34707 0 2.65665 p/rect3.dat
1 16 4.125 0.7512 -56.1594 4.125 0 0 0 -0.82897 0.90885 0 -0.55929 -1.34707 p/rect2p.dat
4 16 0 -13.9685 -64.1302 8.25 -8.0329 -60.1256 8.25 -0.1577 -54.8123 0 -0.1577 -54.8123
4 16 0 -12.1508 -66.8244 0 1.66 -57.5064 8.25 1.66 -57.5064 8.25 -6.2152 -62.8197
1 16 -5.1147 -4.5373 -65.3066 13.3647 0 0 0 1.81771 -6.42451 0 -2.69415 -4.33453 p/3-16cylo.dat
1 16 -5.1147 -4.5373 -65.3066 13.3647 0 0 0 1.67788 -6.42451 0 -2.48691 -4.33453 p/3-16chrd.dat
1 16 -5.1147 -2.7196 -68.0008 13.3647 0 0 0 -1.67788 -6.42451 0 2.48691 -4.33453 p/3-16chrd.dat
1 16 8.25 0.3092 -63.9971 0 -1 0 0.90885 0 3.9376 -1.34707 0 2.65665 p/rect3.dat
1 16 4.125 4.2468 -61.3404 4.125 0 0 0 -0.82897 0.90885 0 -0.55929 -1.34707 p/rect2p.dat
4 16 0 -10.4729 -69.3113 8.25 -4.5373 -65.3066 8.25 3.3379 -59.9933 0 3.3379 -59.9933
4 16 0 -8.6552 -72.0054 0 5.1556 -62.6875 8.25 5.1556 -62.6875 8.25 -2.7196 -68.0008
1 16 -5.1147 -1.0417 -70.4877 13.3647 0 0 0 1.81771 -6.42451 0 -2.69415 -4.33453 p/3-16cylo.dat
1 16 -5.1147 -1.0417 -70.4877 13.3647 0 0 0 1.67788 -6.42451 0 -2.48691 -4.33453 p/3-16chrd.dat
1 16 -5.1147 0.776 -73.1818 13.3647 0 0 0 -1.67788 -6.42451 0 2.48691 -4.33453 p/3-16chrd.dat
1 16 8.25 3.8048 -69.1781 0 -1 0 0.90885 0 3.9376 -1.34707 0 2.65665 p/rect3.dat
1 16 4.125 7.7424 -66.5215 4.125 0 0 0 -0.82897 0.90885 0 -0.55929 -1.34707 p/rect2p.dat
4 16 0 -6.9773 -74.4923 8.25 -1.0417 -70.4877 8.25 6.8335 -65.1744 0 6.8335 -65.1744
4 16 0 -5.1596 -77.1865 0 8.6512 -67.8685 8.25 8.6512 -67.8685 8.25 0.776 -73.1818
1 16 -5.1147 2.4539 -75.6687 13.3647 0 0 0 1.81771 -6.42451 0 -2.69415 -4.33453 p/3-16cylo.dat
1 16 -5.1147 2.4539 -75.6687 13.3647 0 0 0 1.67788 -6.42451 0 -2.48691 -4.33453 p/3-16chrd.dat
1 16 -5.1147 4.2716 -78.3629 13.3647 0 0 0 -1.67788 -6.42451 0 2.48691 -4.33453 p/3-16chrd.dat
1 16 8.25 7.3003 -74.3592 0 -1 0 0.90885 0 3.9376 -1.34707 0 2.65665 p/rect3.dat
1 16 4.125 11.2379 -71.7025 4.125 0 0 0 -0.82897 0.90885 0 -0.55929 -1.34707 p/rect2p.dat
4 16 0 -3.4817 -79.6734 8.25 2.4539 -75.6687 8.25 10.3291 -70.3554 0 10.3291 -70.3554
4 16 0 -1.664 -82.3675 0 12.1468 -73.0496 8.25 12.1468 -73.0496 8.25 4.2716 -78.3629
1 16 5 54.5 -48.5 0 -1 0 2.82842 0 -2.82843 2.82843 0 2.82842 p/7-16edge.dat
0 BFC INVERTNEXT
1 16 5 54.5 -48.5 0 -2.75 0 1.06066 0 -1.06066 1.06066 0 1.06066 p/7-16cylo.dat
1 16 5 60.5 -58.5 0 -1 0 -6.00521 0 2.48744 -2.48744 0 -6.00521 p/9-16edge.dat
0 BFC INVERTNEXT
1 16 2.25 60.5 -58.5 0 2.75 0 -3.00261 0 1.24372 -1.24372 0 -3.00261 p/9-16cylo.dat
1 16 0 60.5 -58.5 0 -1 0 -0.25 0 0 0 0 -0.25 p/4-4rin14.dat
1 16 0 60.5 -58.5 0 -1 0 -0.25 0 0 0 0 -0.25 p/4-4rin15.dat
1 16 0 60.5 -58.5 0 -1 0 -2 0 0 0 0 -2 p/4-4ring2.dat
1 16 0 60.5 -58.5 0 -1 0 -0.5 0 0 0 0 -0.5 p/4-4rin12.dat
1 16 5 60.5 -58.5 0 -1 0 -3.00261 0 1.24372 -1.24372 0 -3.00261 p/9-16ring1.dat
1 16 5 54.5 -48.5 0 -1 0 1.06066 0 -1.06066 1.06066 0 1.06066 p/7-16rin1.dat
1 16 5 54.5 -48.5 0 -1 0 0.70711 0 -0.70711 0.70711 0 0.70711 p/7-16rin3.dat
4 16 5 54.4948 -60.9874 5 57.4974 -59.7437 5 51.7283 -49.6481 5 50.8044 -50.0308
3 16 5 57.4974 -59.7437 5 53.1141 -49.074 5 51.7283 -49.6481
4 16 5 62.7981 -56.2018 5 65.0963 -53.9037 5 57.3284 -45.6716 5 56.6213 -46.3787
3 16 5 62.7981 -56.2018 5 56.6213 -46.3787 5 55.5607 -47.4393
1 16 2.25 60.5 -58.5 0 -1 0 0 0 3.25 -3.25 0 0 p/4-4disc.dat
1 16 2.25 60.5 -58.5 0 2.75 0 2.2981 0 -2.2981 2.2981 0 2.2981 p/7-16edge.dat
1 16 0 60.5 -58.5 0 2.25 0 2.2981 0 -2.2981 2.2981 0 2.2981 p/7-16cyli.dat
1 16 2.25 54.5 -48.5 0 -2.75 0 1.06066 0 -1.06066 1.06066 0 1.06066 p/7-16disc.dat
4 16 2.25 54.0289 -51.3009 2.25 55.0625 -50.875 2.25 54.5 -48.5 2.25 53.1141 -49.074
4 16 2.25 54.5 -48.5 2.25 55.0625 -50.875 2.25 57.6519 -49.9711 2.25 55.5607 -47.4393
4 16 4 55.0898 -53.8831 4 54.0289 -51.3009 5 53.1141 -49.074 5 57.4974 -59.7437
4 16 3.277 55.4663 -54.7995 4 55.0898 -53.8831 5 57.4974 -59.7437 2.2323 56.0165 -56.139
4 16 1.5733 56.5894 -57.5335 2.2323 56.0165 -56.139 5 57.4974 -59.7437 1.5 56.6614 -57.7088
4 16 2.25 53.1141 -49.074 5 53.1141 -49.074 4 54.0289 -51.3009 2.25 54.0289 -51.3009
4 16 2.25 55.5607 -47.4393 2.25 57.6519 -49.9711 4 57.6519 -49.9711 5 55.5607 -47.4393
4 16 5 55.5607 -47.4393 4 57.6519 -49.9711 4 59.4863 -52.1921 5 62.7981 -56.2018
3 16 4 59.4863 -52.1921 2.8046 60.5602 -53.4923 5 62.7981 -56.2018
3 16 2.8046 60.5602 -53.4923 2.2323 61.0182 -54.0468 5 62.7981 -56.2018
1 16 5 60.5 -58.5 0 -5 0 -6.00521 0 2.48744 -2.48744 0 -6.00521 p/9-16cyli.dat
1 16 5 54.5 -48.5 0 -5 0 2.82842 0 -2.82843 2.82843 0 2.82842 p/7-16cyli.dat
1 16 2.5 52.6496 -55.5091 2.5 0 0 0 1 -1.8452 0 0 5.4783 p/rect1.dat
1 16 2.5 61.2124 -49.7876 2.5 0 0 0 -1 3.88395 0 0 -4.11605 p/rect1.dat
3 16 2.25 57.4974 -59.7437 1.5 57.4973 -59.7437 1.5 56.6614 -57.7088
3 16 5 57.4974 -59.7437 2.25 57.4974 -59.7437 1.5 56.6614 -57.7088
4 16 1.9227 61.5062 -54.6376 1.5 62.2384 -55.5241 1.5 62.7981 -56.2019 2.25 62.7981 -56.2019
4 16 2.2323 61.0182 -54.0468 1.9227 61.5062 -54.6376 2.25 62.7981 -56.2019 5 62.7981 -56.2018
4 16 4.7227 72.9766 -58.1094 4.771 73.0186 -59.2871 1.5 73.0186 -59.2871 1.5 72.9766 -58.1094
4 16 4.6929 72.8057 -57.002 4.7227 72.9766 -58.1094 1.5 72.9766 -58.1094 1.5 72.8057 -57.002
1 16 3.09425 72.6529 -56.501 -1.59645 0 -0.0044 0 -1 -0.15285 0 0 0.501 p/rect3.dat
4 16 4.771 73.0186 -59.2871 4.8357 72.9375 -60.5 1.5 72.9375 -60.5 1.5 73.0186 -59.2871
4 16 4.8357 72.9375 -60.5 4.9144 72.7393 -61.7129 1.5 72.7393 -61.7129 1.5 72.9375 -60.5
4 16 4.9144 72.7393 -61.7129 5.0149 72.4297 -62.8906 1.5 72.4297 -62.8906 1.5 72.7393 -61.7129
4 16 5.0149 72.4297 -62.8906 5.1283 72.0146 -63.998 1.5 72.0146 -63.998 1.5 72.4297 -62.8906
4 16 5.1283 72.0146 -63.998 5.2425 71.5 -65 1.5 71.5 -65 1.5 72.0146 -63.998
4 16 0 69.748 -58.4824 5.1263 69.748 -58.4824 5.0702 69.5781 -56.7969 0 69.5781 -56.7969
4 16 5.1263 69.748 -58.4824 0 69.748 -58.4824 0 69.625 -60.25 5.2211 69.625 -60.25
4 16 5.2211 69.625 -60.25 0 69.625 -60.25 0 69.1738 -62.0176 5.3553 69.1738 -62.0176
4 16 5.3553 69.1738 -62.0176 0 69.1738 -62.0176 0 68.3594 -63.7031 5.5292 68.3594 -63.7031
4 16 5.5292 68.3594 -63.7031 0 68.3594 -63.7031 0 67.1465 -65.2246 5.7434 67.1465 -65.2246
4 16 5.7434 67.1465 -65.2246 0 67.1465 -65.2246 0 65.5 -66.5 6 65.5 -66.5
4 16 1.5 61.5 -68 6 65.5 -66.5 0 65.5 -66.5 0 61.5 -68
1 16 2.53068 69.3642 -56.0361 2.5351 0 0 0 1 -0.21385 0 0 0.76075 p/rect1.dat
4 16 5.0726 68.5 -54 0 68.5 -54 0 69.1504 -55.2754 5.0525 69.1504 -55.2754
4 16 1.5 63 -72 6 66.9155 -70.2746 6 65.5 -66.5 1.5 61.5 -68
4 16 3 87.7471 -52.5149 4.6841 72.5 -56 1.5 72.5 -56 1.5 87.7471 -52.5149
4 16 5.2425 71.5 -65 3 91.072 -56.4074 1.5 91.072 -56.4074 1.5 71.5 -65
3 16 5.2425 71.5 -65 3 92.5 -59 3 92.5 -58.0793
3 16 5.2425 71.5 -65 3 92.5 -58.0793 3 91.072 -56.4074
3 16 5.2425 71.5 -65 6 66.9155 -70.2746 3 92.5 -59
4 16 6 65.5 -66.5 6 66.9155 -70.2746 5.2425 71.5 -65 5.7434 67.1465 -65.2246
4 16 5.7434 67.1465 -65.2246 5.2425 71.5 -65 5.1283 72.0146 -63.998 5.5292 68.3594 -63.7031
4 16 5.5292 68.3594 -63.7031 5.1283 72.0146 -63.998 5.0149 72.4297 -62.8906 5.3553 69.1738 -62.0176
4 16 5.3553 69.1738 -62.0176 5.0149 72.4297 -62.8906 4.9144 72.7393 -61.7129 5.2211 69.625 -60.25
4 16 5.2211 69.625 -60.25 4.9144 72.7393 -61.7129 4.8357 72.9375 -60.5 5.1263 69.748 -58.4824
4 16 5.1263 69.748 -58.4824 4.8357 72.9375 -60.5 4.771 73.0186 -59.2871 4.7227 72.9766 -58.1094
4 16 5.1263 69.748 -58.4824 4.7227 72.9766 -58.1094 4.6929 72.8057 -57.002 5.0702 69.5781 -56.7969
4 16 5.0702 69.5781 -56.7969 4.6929 72.8057 -57.002 4.6841 72.5 -56 5.0525 69.1504 -55.2754
4 16 5.0726 68.5 -54 5.0525 69.1504 -55.2754 4.6841 72.5 -56 3 86 -50.5
3 16 3 87.7471 -52.5149 3 86 -50.5 4.6841 72.5 -56
4 16 3 86 -50.5 0 86 -50.5 0 68.5 -54 5.0726 68.5 -54
4 16 1.5 63 -72 0 63 -72 0 66.9155 -70.2746 6 66.9155 -70.2746
4 16 3 92.5 -59 6 66.9155 -70.2746 0 66.9155 -70.2746 0 92.5 -59
4 16 1.5 91.072 -56.4074 0 92.5 -58.0793 0 86 -50.5 1.5 87.7471 -52.5149
1 16 1.5 92.5 -58.5397 1.5 0 0 0 -1 0 0 0 -0.46035 p/rect2a.dat
4 16 1.5 91.072 -56.4074 3 91.072 -56.4074 3 92.5 -58.0793 0 92.5 -58.0793
4 16 1.5 87.7471 -52.5149 0 86 -50.5 3 86 -50.5 3 87.7471 -52.5149
4 16 1.5 72.7393 -61.7129 1.5 91.072 -56.4074 1.5 87.7471 -52.5149 1.5 72.9375 -60.5
3 16 1.5 73.0186 -59.2871 1.5 72.9375 -60.5 1.5 87.7471 -52.5149
3 16 1.5 72.9766 -58.1094 1.5 73.0186 -59.2871 1.5 87.7471 -52.5149
3 16 1.5 72.8057 -57.002 1.5 72.9766 -58.1094 1.5 87.7471 -52.5149
3 16 1.5 72.5 -56 1.5 72.8057 -57.002 1.5 87.7471 -52.5149
3 16 1.5 72.7393 -61.7129 1.5 72.4297 -62.8906 1.5 91.072 -56.4074
3 16 1.5 72.4297 -62.8906 1.5 72.0146 -63.998 1.5 91.072 -56.4074
3 16 1.5 72.0146 -63.998 1.5 71.5 -65 1.5 91.072 -56.4074
1 16 5 28.5 -20 0 -1 0 1.33939 0 3.23358 -3.23358 0 1.33939 p/3-8edge.dat
1 16 5 28.5 -20 0 -5 0 1.33939 0 3.23358 -3.23358 0 1.33939 p/3-8cyli.dat
1 16 2.5 26.4197 -24.1168 2.5 0 0 0 0 -3.4197 0 1 -0.8832 p/rect1.dat
1 16 2.5 25.7485 -15.1641 0 0 2.5 -4.0909 0 0 1.6024 -1 0 p/rect2a.dat
0 BFC INVERTNEXT
1 16 5 28.5 -20 0 -2.75 0 0.6697 0 1.61679 -1.61679 0 0.6697 p/3-8cylo.dat
3 16 5 29.8394 -16.7665 5 21.6576 -13.5617 5 23 -15
4 16 5 23 -15 5 23 -16 5 29.1697 -18.3832 5 29.8394 -16.7665
4 16 5 23 -25 5 29.8394 -23.2336 5 29.1697 -21.6168 5 23 -23.25
1 16 3.625 26.0848 -17.1916 1.375 0 0 0 0 -3.08485 0 1 1.1916 p/rect3.dat
1 16 3.625 26.0848 -22.4334 -1.375 0 0 0 0 -3.08485 0 -1 -0.8166 p/rect3.dat
1 16 5 28.5 -20 0 -2.75 0 0.6697 0 1.61679 -1.61679 0 0.6697 p/3-8ring1.dat
1 16 2.25 28.5 -20 0 -1 0 0.6697 0 1.61679 -1.61679 0 0.6697 p/3-8chrd.dat
4 16 2.25 23 -23.25 2.25 29.1697 -21.6168 2.25 29.1697 -18.3832 2.25 23 -16
1 16 0 39.4276 -32.7826 0 0 3.75 -2.69566 0.69517 0 -2.6069 -0.71884 0 p/2-4edge.dat
1 16 0 30.3903 -23.4377 0 0 3.75 -2.69566 9.03725 0 -2.6069 -9.34495 0 p/2-4cyli.dat
4 16 3.4646 28.525 -23.5731 3.4646 29.3588 -24.4353 3.75 30.3904 -23.4376 3.6994 29.8394 -23.2336
4 16 3.4646 28.525 -23.5731 2.6516 27.1708 -23.9228 2.6516 28.4843 -25.281 3.4646 29.3588 -24.4353
4 16 1.4351 27.8999 -25.8462 2.6516 28.4843 -25.281 2.6516 27.1708 -23.9228 1.4351 26.2659 -24.1565
4 16 0 27.6947 -26.0445 1.4351 27.8999 -25.8462 1.4351 26.2659 -24.1565 0 25.9482 -24.2386
3 16 3.6994 29.8394 -23.2336 3.75 30.3904 -23.4376 3.75 30.0543 -23.09
3 16 3.75 30.3904 -23.4376 3.5334 30.975 -22.4749 3.75 30.0543 -23.09
4 16 3.75 30.3904 -23.4376 3.4646 31.422 -22.44 3.4646 31.1714 -22.1809 3.5334 30.975 -22.4749
4 16 3.4646 31.1714 -22.1809 3.4646 31.422 -22.44 2.6516 32.2965 -21.5943 2.8037 31.7335 -21.3394
3 16 2.8037 31.7335 -21.3394 2.6516 32.2965 -21.5943 2.6516 31.7875 -21.068
4 16 2.6516 32.2965 -21.5943 1.4351 32.8809 -21.0291 1.4351 31.9806 -20.0981 2.6516 31.7875 -21.068
4 16 1.4351 31.9806 -20.0981 1.4351 32.8809 -21.0291 0 33.086 -20.8307 1.0215 32.0001 -20
3 16 1.0215 32.0001 -20 0 33.086 -20.8307 0 31.9269 -19.6321
1 16 0 40.1228 -33.5015 0 0 2.5 -1.79711 0.69517 0 -1.73793 -0.71884 0 p/2-4edge.dat
1 16 0 40.1228 -33.5015 0 0 2.5 -1.79711 10.4276 0 -1.73793 -10.7826 0 p/2-4cyli.dat
1 16 0 39.4276 -32.7826 0 0 1.25 -0.89855 0.69517 0 -0.86897 -0.71884 0 p/2-4con2.dat
4 16 1.7678 51.8211 -43.0552 2.3098 51.2382 -43.619 2.3098 52.6141 -45.0418 2.0289 52.9692 -44.8044
4 16 2.5 50.5504 -44.2841 2.5 51.8056 -45.5821 2.3098 52.6141 -45.0418 2.3098 51.2382 -43.619
4 16 2.5 51.8056 -45.5821 2.5 50.5504 -44.2841 2.3098 49.8626 -44.9492 2.4685 51.6716 -45.6716
3 16 2.4685 51.6716 -45.6716 2.3098 49.8626 -44.9492 2.3098 51.2178 -46.3506
3 16 2.3098 49.8626 -44.9492 1.8237 50.8044 -46.9693 2.3098 51.2178 -46.3506
4 16 2.3098 49.8626 -44.9492 1.7678 49.2797 -45.513 1.7678 50.7845 -47.0691 1.8237 50.8044 -46.9693
4 16 1.7678 49.2797 -45.513 0.9568 48.89 -45.8898 0.9568 50.6559 -47.7158 1.7678 50.7845 -47.0691
4 16 0 48.7533 -46.022 0 50.6108 -47.9428 0.9568 50.6559 -47.7158 0.9568 48.89 -45.8898
3 16 1.7678 51.8211 -43.0552 2.0289 52.9692 -44.8044 1.7678 53.425 -44.7138
4 16 1.7678 51.8211 -43.0552 1.7678 53.425 -44.7138 0.9568 54.0574 -44.588 0.9568 52.2108 -42.6784
4 16 0.9568 54.0574 -44.588 0 54.2794 -44.5439 0 52.3475 -42.5462 0.9568 52.2108 -42.6784
