0 BFC CERTIFY CCW
1 16 -38 16 40 -2 0 0 0 0 16 0 -1 0 p/rect.dat
1 16 38 16 40 0 0 2 16 0 0 0 -1 0 p/rect.dat
4 16 -36 32 0 -36 32 40 -36 4 40 -36 28 0
4 16 -36 28 -20 -36 28 0 -36 4 40 -36 4 31.25
4 16 -40 32 40 -36 32 40 -36 32 -16 -40 32 -20
4 16 36 32 40 40 32 40 40 32 -20 36 32 -16
4 16 36 4 40 36 32 40 36 32 0 36 28 0
4 16 36 4 40 36 28 0 36 28 -20 36 4 31.25
4 16 23.5434 4 3.7038 36 4 40 36 4 31.25 19 4 -18.75
4 16 -36 4 40 -23.5434 4 3.7038 -19 4 -18.75 -36 4 31.25
4 16 19 4 -18.75 -19 4 -18.75 -18 4 0 18 4 0
4 16 40 0 40 36 0 40 23.5434 0 3.7038 20 0 -20
4 16 -20 0 -20 -23.5434 0 3.7038 -36 0 40 -40 0 40
4 16 18 0 0 -18 0 0 -20 0 -20 20 0 -20
1 16 -29.7717 2 21.8519 -6.2283 -1 0 0 0 2 18.1481 0 0 p/rect2p.dat
1 16 0 2 0 -18 0 0 0 0 2 0 -1 0 p/rect2p.dat
1 16 29.7717 2 21.8519 -6.2283 1 0 0 0 2 -18.1481 0 0 p/rect2p.dat
3 16 18 0 0 20 0 -20 20.2962 0 .4566
3 16 20.2962 0 .4566 20 0 -20 22.2426 0 1.7574
3 16 22.2426 0 1.7574 20 0 -20 23.5434 0 3.7038
1 16 18 0 6 0 0 6 0 1 0 -6 0 0 p/3-16edge.dat
3 16 20.2962 4 .4566 19 4 -18.75 18 4 0
3 16 22.2426 4 1.7574 19 4 -18.75 20.2962 4 .4566
3 16 23.5434 4 3.7038 19 4 -18.75 22.2426 4 1.7574
1 16 18 4 6 0 0 6 0 1 0 -6 0 0 p/3-16edge.dat
0 BFC INVERTNEXT
1 16 18 0 6 0 0 6 0 4 0 -6 0 0 p/3-16cyli.dat
3 16 -20.2962 0 .4566 -20 0 -20 -18 0 0
3 16 -22.2426 0 1.7574 -20 0 -20 -20.2962 0 .4566
3 16 -23.5434 0 3.7038 -20 0 -20 -22.2426 0 1.7574
1 16 -18 0 6 0 0 -6 0 1 0 -6 0 0 p/3-16edge.dat
3 16 -18 4 0 -19 4 -18.75 -20.2962 4 .4566
3 16 -20.2962 4 .4566 -19 4 -18.75 -22.2426 4 1.7574
3 16 -22.2426 4 1.7574 -19 4 -18.75 -23.5434 4 3.7038
1 16 -18 4 6 0 0 -6 0 1 0 -6 0 0 p/3-16edge.dat
0 BFC INVERTNEXT
1 16 -18 0 6 0 0 -6 0 4 0 -6 0 0 p/3-16cyli.dat
