0 BFC CERTIFY CCW
1 16 -20 20 0 0 10 0 -1 0 0 0 0 1 p/npeghol4.dat
1 16 -20 20 -10 0 10 0 -1 0 0 0 0 1 p/axlehol4.dat
1 16 -20 20 10 0 1 0 1 0 0 0 0 -1 p/peghole.dat
0 BFC INVERTNEXT
1 16 -18 20 10 0 6 0 6 0 0 0 0 -6 p/4-4cyli.dat
1 16 -20 20 10 0 1 0 1 0 0 0 0 -1 p/4-4ring8.dat
1 16 -30 0 -30 0 1 0 1 0 0 0 0 -1 p/peghole.dat
0 BFC INVERTNEXT
1 16 -28 0 -30 0 6 0 6 0 0 0 0 -6 p/4-4cyli.dat
1 16 -30 0 -30 0 1 0 1 0 0 0 0 -1 p/4-4ring8.dat
1 16 -30 0 -50 0 1 0 1 0 0 0 0 -1 p/peghole.dat
0 BFC INVERTNEXT
1 16 -28 0 -50 0 6 0 6 0 0 0 0 -6 p/4-4cyli.dat
1 16 -30 0 -50 0 1 0 1 0 0 0 0 -1 p/4-4ring8.dat
1 16 -30 0 -40 0 6 0 1 0 0 0 0 -1 p/npeghol2.dat
1 16 -22 0 -50 0 -6 0 6 0 0 0 0 6 p/2-4ndis.dat
1 16 -22 0 -50 0 -6 0 -6 0 0 0 0 -6 p/4-4edge.dat
1 16 -22 0 -30 0 -6 0 -6 0 0 0 0 -6 p/2-4ndis.dat
1 16 -22 0 -30 0 -6 0 -6 0 0 0 0 -6 p/4-4edge.dat
1 16 -22 0 -30 0 -6 0 8 0 0 0 0 8 p/2-4edge.dat
1 16 -20 0 -30 0 -6 0 8 0 0 0 0 8 p/2-4edge.dat
1 16 -20 0 -30 0 -6 0 8 0 0 0 0 8 p/2-4ndis.dat
1 16 -30 0 -30 0 6 0 -9 0 0 0 0 9 p/2-4ndis.dat
0 BFC INVERTNEXT
1 16 -20 0 -30 0 -2 0 8 0 0 0 0 8 p/2-4cyli.dat
1 16 -22 0 -30 0 -1 0 2 0 0 0 0 2 p/2-4ring3.dat
1 16 -22 0 -50 0 -1 0 -2 0 0 0 0 -2 p/2-4ring3.dat
1 16 -22 0 -50 0 -1 0 -0.924 0 0.383 -0.383 0 -0.924 p/3-8ring8.dat
1 16 -27 0 -50 0 -3 0 -9 0 0 0 0 -9 p/2-4cyli.dat
1 16 -30 0 -50 0 -3 0 -9 0 0 0 0 -9 p/2-4edge.dat
1 16 -27 0 -50 0 -3 0 -9 0 0 0 0 -9 p/1-16edge.dat
1 16 -24 0 -50 0 -3 0 -9 0 0 0 0 -9 p/1-16edge.dat
1 16 -27 0 -50 0 -3 0 9 0 0 0 0 -9 p/1-16edge.dat
1 16 -24 0 -50 0 -3 0 9 0 0 0 0 -9 p/1-16edge.dat
1 16 -24 0 -50 0 -3 0 -8.315 0 3.444 -3.444 0 -8.315 p/3-8cyli.dat
1 16 -22 0 -50 0 -3 0 -8.315 0 3.444 -3.444 0 -8.315 p/3-8edge.dat
1 16 -22 0 -50 0 -2 0 -9 0 0 0 0 -9 p/2-4cyli.dat
0 BFC INVERTNEXT
1 16 -25.5 -9 -39 0 0 -1.5 0 0.685 0 11 0 0 p/box3u8p.dat
4 16 -24 -8.31 -53.44 -24 -8.31 -50 -27 -8.31 -50 -27 -8.31 -53.44
4 16 -27 -9 -50 -27 -9 -26.5 -30 -9 -20 -30 -9 -50
4 16 -20 -9 -50 -20 -9 -20 -24 -9 -26.5 -24 -9 -50
4 16 -27 -9 -26.5 -24 -9 -26.5 -20 -9 -20 -30 -9 -20
4 16 -20 -8 -50 -20 -8 -22 -20 -9 -20 -20 -9 -50
4 16 -22 -6 -44 -22 -6 -36 -22 -8 -22 -22 -8 -50
4 16 -22 6 -44 -22 6 -36 -22 -6 -36 -22 -6 -44
4 16 -20 8 -22 -20 9 -20 -20 -9 -20 -20 -8 -22
4 16 -30 -9 -21 -30 -9 -20 -30 -7 -20 -30 -7 -21
4 16 -30 -1 -21 -30 -1 -20 -30 1 -20 -30 1 -21
4 16 -30 7 -21 -30 7 -20 -30 9 -20 -30 9 -21
3 16 -27 -8.31 -53.44 -27 -8.31 -50 -27 -9 -50
3 16 -24 -9 -50 -24 -8.31 -50 -24 -8.31 -53.44
3 16 -22 -8.31 -53.44 -20 -8 -50 -20 -9 -50
3 16 -22 -7 -53 -22 -8 -50 -22 -8.31 -53.44
3 16 -22 -6 -50 -22 -6 -44 -22 -8 -50
3 16 -22 -8 -30 -22 -6 -36 -22 -6 -30
3 16 -22 -8.31 -53.44 -20 -9 -50 -22 -9 -50
3 16 -30 -9 -20 -20 -9 -20 -20 -9 0
3 16 -20 -7 0 -20 -7 -20 -30 -7 -20
4 16 -20 -7 -18 -20 -7 0 -19 -7 0 -19 -7 -18
3 16 -20 1 0 -20 1 -20 -30 1 -20
4 16 -20 1 -18 -20 1 0 -19 1 0 -19 1 -18
3 16 -30 -1 -20 -20 -1 -20 -20 -1 0
4 16 -19 -1 -18 -19 -1 0 -20 -1 0 -20 -1 -18
3 16 -30 7 -20 -20 7 -20 -20 7 0
4 16 -19 7 -18 -19 7 0 -20 7 0 -20 7 -18
4 16 -12.86 -9 -20 -16 -9 0 -20 -9 0 -20 -9 -20
3 16 -22 -8 -50 -20 -8 -50 -22 -8.31 -53.44
0 BFC INVERTNEXT
1 16 -25.5 -9 -28 1.5 0 0 0 0.831 0 0 0 1.5 p/2-4cyli.dat
1 16 -25.5 -9 -28 1.5 0 0 0 0.831 0 0 0 1.5 p/2-4edge.dat
1 16 -25.5 -9 -28 1.5 0 0 0 0.831 0 0 0 1.5 p/2-4ndis.dat
1 16 -25.5 -8.31 -28 1.5 0 0 0 0.831 0 0 0 1.5 p/2-4edge.dat
1 16 -25.5 -8.31 -28 1.5 0 0 0 0.831 0 0 0 1.5 p/2-4disc.dat
1 16 -21 -8 -40 0 0 1 0 -1 0 10 0 0 p/rect2p.dat
0 BFC INVERTNEXT
1 16 -25.5 9 -39 0 0 -1.5 0 -0.685 0 11 0 0 p/box3u8p.dat
4 16 -27 8.31 -53.44 -27 8.31 -50 -24 8.31 -50 -24 8.31 -53.44
4 16 -30 9 -50 -30 9 -20 -27 9 -26.5 -27 9 -50
4 16 -24 9 -50 -24 9 -26.5 -20 9 -20 -20 9 -50
4 16 -30 9 -20 -20 9 -20 -24 9 -26.5 -27 9 -26.5
4 16 -20 9 -50 -20 9 -20 -20 8 -22 -20 8 -50
4 16 -22 8 -50 -22 8 -22 -22 6 -36 -22 6 -44
1 16 -25 8 -10 0 1 5 1 0 0 0 0 10 p/rect.dat
1 16 -25 0 -10 0 1 5 1 0 0 0 0 10 p/rect.dat
1 16 -25 -8 -10 0 1 5 1 0 0 0 0 10 p/rect.dat
0 BFC INVERTNEXT
1 16 -30 -4 -20.5 0 9 0 -3 0 0 0 0 -0.5 p/box4-4a.dat
0 BFC INVERTNEXT
1 16 -30 4 -20.5 0 9 0 -3 0 0 0 0 -0.5 p/box4-4a.dat
1 16 -20 4 -19 0 -1 0 -3 0 0 0 0 1 p/box2-7.dat
1 16 -20 -4 -19 0 -1 0 -3 0 0 0 0 1 p/box2-7.dat
1 16 -19 -4 -9 0 1 0 -3 0 0 0 0 9 p/rect.dat
1 16 -19 4 -9 0 1 0 -3 0 0 0 0 9 p/rect.dat
3 16 -27 9 -50 -27 8.31 -50 -27 8.31 -53.44
3 16 -24 8.31 -53.44 -24 8.31 -50 -24 9 -50
3 16 -20 9 -50 -20 8 -50 -22 8.31 -53.44
3 16 -22 8.31 -53.44 -22 8 -50 -22 7 -53
3 16 -22 8 -50 -22 6 -44 -22 6 -50
3 16 -22 6 -30 -22 6 -36 -22 8 -30
3 16 -22 9 -50 -20 9 -50 -22 8.31 -53.44
3 16 -20 9 0 -20 9 -20 -30 9 -20
3 16 -22 8.31 -53.44 -20 8 -50 -22 8 -50
1 16 -12 20 10 0 -6 0 -8 0 0 0 0 -8 p/2-4edge.dat
1 16 -10 20 10 0 -6 0 -8 0 0 0 0 -8 p/2-4edge.dat
1 16 -12 20 10 0 -6 0 -6 0 0 0 0 -6 p/4-4edge.dat
0 BFC INVERTNEXT
1 16 -10 20 10 0 -2 0 -8 0 0 0 0 -8 p/2-4cyli.dat
1 16 -12 20 10 0 -1 0 -2 0 0 0 0 -2 p/4-4ring3.dat
1 16 -10 20 -10 0 -1 0 -2 0 0 0 0 -2 p/2-4ring3.dat
1 16 -20 20 -10 0 1 0 -2 0 0 0 0 -2 p/2-4ring3.dat
1 16 -12 20 10 0 -1 0 1 0 0 0 0 1 p/1-4ring8.dat
1 16 -12 20 10 0 -1 0 0 0 -8 8 0 0 p/1-4ndis.dat
4 16 -12 20 18 -12 20 20 -12 12 20 -12 12 18
4 16 -14 12 13 -14 12 20 -14 20 20 -14 20 18
1 16 -10 20 10 0 -1 0 -1 0 0 0 0 -1 p/2-4ring8.dat
1 16 -10 20 -10 0 -1 0 -1 0 0 0 0 -1 p/2-4ring8.dat
1 16 -20 20 -10 0 1 0 -1 0 0 0 0 -1 p/2-4ring8.dat
1 16 -17 20 10 0 -3 0 -9 0 0 0 0 9 p/2-4cyli.dat
1 16 -20 20 10 0 -3 0 -9 0 0 0 0 9 p/2-4edge.dat
1 16 -14 20 10 0 -3 0 -9 0 0 0 0 9 p/7-16cyli.dat
1 16 -10 20 -10 0 -10 0 9 0 0 0 0 -9 p/3-8cyli.dat
1 16 -10 20 -10 0 -10 0 9 0 0 0 0 -9 p/3-8edge.dat
1 16 -20 20 -10 0 -10 0 9 0 0 0 0 -9 p/3-8edge.dat
1 16 -12 20 10 0 -3 0 8.315 0 -3.444 3.444 0 8.315 p/3-16edge.dat
1 16 -12 20 10 0 -2 0 0 0 9 9 0 0 p/1-4cyli.dat
1 16 -17 20 10 0 -3 0 9 0 0 0 0 9 p/1-16edge.dat
1 16 -14 20 10 0 -3 0 9 0 0 0 0 9 p/1-16edge.dat
0 BFC INVERTNEXT
1 16 -15.5 29 0 1.5 0 0 0 -0.685 0 0 0 -10 p/box4-4a.dat
4 16 -14 28.31 13.44 -14 28.31 10 -17 28.31 10 -17 28.31 13.44
4 16 -17 29 10 -17 29 -10 -20 29 -10 -20 29 10
4 16 -10 29 10 -10 29 -10 -14 29 -10 -14 29 10
3 16 -17 28.31 13.44 -17 28.31 10 -17 29 10
3 16 -14 29 10 -14 28.31 10 -14 28.31 13.44
3 16 -12 28.31 13.44 -10 28 10 -10 29 10
3 16 -12 27 13 -12 28 10 -12 28.31 13.44
3 16 -12 26 10 -12 26 4 -12 28 10
3 16 -12 28.31 13.44 -10 29 10 -12 29 10
3 16 -12 28 10 -10 28 10 -12 28.31 13.44
0 BFC INVERTNEXT
1 16 -25.5 9 -28 1.5 0 0 0 -0.831 0 0 0 1.5 p/2-4cyli.dat
1 16 -25.5 9 -28 1.5 0 0 0 -0.831 0 0 0 1.5 p/2-4edge.dat
1 16 -25.5 9 -28 1.5 0 0 0 -0.831 0 0 0 1.5 p/2-4ndis.dat
1 16 -25.5 8.31 -28 1.5 0 0 0 -0.831 0 0 0 1.5 p/2-4edge.dat
1 16 -25.5 8.31 -28 1.5 0 0 0 -0.831 0 0 0 1.5 p/2-4disc.dat
1 16 -21 8 -40 0 0 1 0 1 0 10 0 0 p/rect2p.dat
4 16 -6.36 6.36 -16 -6.36 6.36 0 -13.44 6.36 0 -13.44 6.36 -16
4 16 -13.44 6.36 -16 -13.44 6.36 0 -13.86 5.74 0 -13.86 5.74 -16
4 16 -11.09 4.59 -16 -8.31 3.44 -16 -6.36 6.36 -16 -9.9 6.36 -16
4 16 -13.86 5.74 -16 -11.09 4.59 -16 -9.9 6.36 -16 -13.44 6.36 -16
4 16 -17.55 -7.27 20 -17.55 -7.27 10 -15.73 -10 10 -15.73 -10 20
4 16 -10 -15.73 20 -10 -15.73 10 -7.27 -17.55 10 -7.27 -17.55 20
4 16 -15.28 -10 20 -15.28 -10 10 -13.17 -13.17 10 -13.17 -13.17 20
4 16 -13.17 -13.17 20 -13.17 -13.17 10 -10 -15.28 10 -10 -15.28 20
4 16 -15.28 -10 10 -15.28 -10 20 -15.73 -10 20 -15.73 -10 10
4 16 -10 -15.73 10 -10 -15.73 20 -10 -15.28 20 -10 -15.28 10
1 16 0 0 20 -17.554 0 -7.271 -7.271 0 17.554 0 -10 0 p/3-16cyli.dat
1 16 0 0 20 -1 0 0 0 0 1 0 -1 0 p/1-8rin18.dat
1 16 0 0 20 -17.554 0 -7.271 -7.271 0 17.554 0 -1 0 p/1-8edge.dat
4 16 0 9 0 0 10 0 -14 6.36 0 -6 6.36 0
4 16 -10 10 0 -10 11 0 -11 11 0 -14 6.36 0
3 16 0 10 0 -10 10 0 -14 6.36 0
4 16 -19 0 20 -17.55 -7.27 20 -16.63 -6.89 20 -18 0 20
3 16 -10 -15.73 20 -7.27 -17.55 20 -10 -15.28 20
4 16 -10 -15.73 10 -10 -15.28 10 -13.17 -13.17 10 -13.44 -13.44 10
3 16 -6.89 -16.63 20 -10 -15.28 20 -7.27 -17.55 20
4 16 -13.17 -13.17 20 -10 -15.28 20 -6.89 -16.63 20 -12.73 -12.73 20
4 16 -16.63 -6.89 20 -17.55 -7.27 20 -15.28 -10 20 -12.73 -12.73 20
4 16 -13.17 -13.17 10 -15.28 -10 10 -15.73 -10 10 -13.44 -13.44 10
3 16 -12.73 -12.73 20 -15.28 -10 20 -13.17 -13.17 20
3 16 -17.55 -7.27 20 -15.73 -10 20 -15.28 -10 20
4 16 -10 11 0 -10 11 20 -10.61 10.61 20 -10.61 10.61 0
4 16 -10 12 20 -10 11 20 -10 11 10 -10 12 10
4 16 -10 12 10 -12 12 10 -12 12 20 -10 12 20
4 16 -10.61 10.61 20 -10 11 20 -10 12 20 -12 12 20
4 16 -15 11 10 -20 11 10 -20 11 0 -15 11 0
4 16 -14 20 20 -12 20 20 -12 20 19 -14 20 19
4 16 -14 12.59 20 -12 12 20 -12 20 20 -14 20 20
4 16 -12.73 -12.73 -18 -13.44 -13.44 -17 -16.4 -9 -17 -15.22 -9 -18
4 16 -11.31 -11.31 -20 -12.73 -12.73 -18 -15.22 -9 -18 -12.86 -9 -20
4 16 -12.86 9 -20 -16.4 9 -16.36 -13.44 13.44 -16.36 -11.31 11.31 -20
4 16 -12.86 9 -20 -20 9 -20 -20 9 -16.36 -16.3 9 -16.36
4 16 -15 6 -20 -10 10 -20 -5 7 -20 -8 3 -20
4 16 -20 -9 -20 -20 9 -20 -11 9 -20 -12 -9 -20
4 16 0 9 -20 -5 7 -20 -10 10 -20 0 10 -20
4 16 -20 9 -16.36 -20 9 0 -20 11 0 -20 14 -16.36
4 16 -10 13.64 -16.36 -10 11 0 -10 10 0 -10 10 -20
4 16 -16 -9 0 -15 11 0 -19 7 0 -19 -7 0
4 16 -19 -7 0 -20 -7 0 -20 -9 0 -16 -9 0
4 16 -19 1 0 -20 1 0 -20 -1 0 -19 -1 0
4 16 -20 7 0 -19 7 0 -15 11 0 -20 11 0
4 16 -16 9 -16.36 -20 9 -16.36 -20 13.64 -16.36 -10 13.64 -16.36
4 16 -11.31 11.31 -20 -10 10 -20 -11 9 -20 -12.86 9 -20
3 16 -11.31 11.31 -20 -13.44 13.44 -16.36 -10 13.64 -16.36
3 16 -10 13.64 -16.36 -10 10 -20 -11.31 11.31 -20
