0 BFC CERTIFY CCW
1 16 7.8 -41.3 0 0 0 0.8 0 -4.2 0 0.8 0 0 p/8/1-4cyli.dat
1 16 7.8 -45.5 0 0 0 0.8 0 -1 0 0.8 0 0 p/8/1-8sphe.dat
1 16 7.3296 -41.3 2.6678 0.27362 0 0.75175 0 -4.2 0 -0.75175 0 0.27362 p/8/2-4cyli.dat
1 16 7.3296 -45.5 2.6678 0.27362 0 0.75175 0 -1 0 -0.75175 0 0.27362 p/8/2-8sphe.dat
1 16 5.9751 -41.3 5.0137 0.51423 0 0.61284 0 -4.2 0 -0.61284 0 0.51423 p/8/2-4cyli.dat
1 16 5.9751 -45.5 5.0137 0.51423 0 0.61284 0 -1 0 -0.61284 0 0.51423 p/8/2-8sphe.dat
1 16 3.9 -41.3 6.755 0.69282 0 0.4 0 -4.2 0 -0.4 0 0.69282 p/8/2-4cyli.dat
1 16 3.9 -45.5 6.755 0.69282 0 0.4 0 -1 0 -0.4 0 0.69282 p/8/2-8sphe.dat
1 16 1.3545 -41.3 7.6815 0.78785 0 0.13892 0 -4.2 0 -0.13892 0 0.78785 p/8/2-4cyli.dat
1 16 1.3545 -45.5 7.6815 0.78785 0 0.13892 0 -1 0 -0.13892 0 0.78785 p/8/2-8sphe.dat
