0 BFC CERTIFY CCW
1 16 28 -25.5 0 0 0 8 0 24.5 0 -2 0 0 p/box2-7.dat
1 16 20 -3 0 0 -1 0 0 0 2 -2 0 0 p/recte3.dat
1 16 26 -5 6 -6 0 0 0 -1 0 0 0 4 p/rect.dat
1 16 26 -5 -6 -6 0 0 0 -1 0 0 0 4 p/rect.dat
0 BFC INVERTNEXT
1 16 24 -20 0 0 0 4 0 12 0 -10 0 0 p/box2-7.dat
1 16 20 -6.5 20 0 -1 0 -1.5 0 0 0 0 -10 p/rect2a.dat
1 16 30 -32 20 2 0 0 0 -1 0 0 0 -10 p/rect3.dat
1 16 34 -50 16.2 2 0 0 0 -1 0 0 0 -14.2 p/rect3.dat
1 16 34 -50 -5.8 -2 0 0 0 -1 0 0 0 3.8 p/rect3.dat
1 16 32 -18.5 0 0 -1 0 -13.5 0 0 0 0 -10 p/rect2p.dat
4 16 20 -5 10 20 -8 10 28 -8 10 32 -5 10
4 16 32 -5 -10 28 -8 -10 20 -8 -10 20 -5 -10
4 16 32 -32 30 32 -50 30.4 32 -50 -9.6 32 -32 10
3 16 32 -50 -9.6 32 -32 -10 32 -32 10
4 16 28 -8 10 28 -32 10 32 -32 10 32 -5 10
4 16 32 -5 -10 32 -32 -10 28 -32 -10 28 -8 -10
4 16 20 -1 2 20 -5 2 32 -5 2 36 -1 2
4 16 36 -1 -2 32 -5 -2 20 -5 -2 20 -1 -2
4 16 32 -5 2 32 -50 2 36 -50 2 36 -1 2
4 16 36 -1 -2 36 -50 -2 32 -50 -2 32 -5 -2
