0 BFC CERTIFY CCW
1 16 -20 20 0 0 0 -1 0 -1 0 1 0 0 p/stud4.dat
1 16 0 20 0 0 0 -1 0 -1 0 1 0 0 p/stud4.dat
1 16 20 20 0 0 0 -1 0 -1 0 1 0 0 p/stud4.dat
1 16 20 22 0 0 0 -6 0 -1 0 6 0 0 p/4-4disc.dat
1 16 20 22 0 0 0 -6 0 -1 0 6 0 0 p/4-4edge.dat
0 BFC INVERTNEXT
1 16 -25 22 0 0 -11 0 -2 0 0 0 0 -16 p/box3u2p.dat
0 BFC INVERTNEXT
1 16 25 22 0 0 11 0 -2 0 0 0 0 16 p/box3u2p.dat
1 16 0 22 -16 0 0 15 -2 0 0 0 -1 0 p/rect.dat
1 16 0 22 16 0 0 -15 -2 0 0 0 1 0 p/rect.dat
0 BFC INVERTNEXT
1 16 20 20 16 0 0 -5 -4 0 0 0 2 0 p/box3u7a.dat
4 16 20 8 18 38 8 18 40 8 20 20 8 20
1 16 17.5 12 19 2.5 0 0 -4 1 0 0 0 1 p/rect.dat
4 16 40 8 16 40 8 20 38 8 18 38 8 16
1 16 39 12 13 0 0 1 4 1 0 -3 0 0 p/rect.dat
4 16 20 8 18 15 16 18 38 16 18 38 8 18
4 16 40 8 20 40 24 20 15 16 20 20 8 20
4 16 38 8 18 38 16 18 38 16 10 38 8 16
4 16 40 8 16 40 16 10 40 24 20 40 8 20
4 16 40 24 -20 40 24 20 40 16 10 40 16 -10
4 16 40 24 20 -40 24 20 -15 16 20 15 16 20
4 16 15 16 -20 -15 16 -20 -40 24 -20 40 24 -20
0 BFC INVERTNEXT
1 16 20 20 -16 0 0 -5 -4 0 0 0 -2 0 p/box3u7a.dat
4 16 20 8 -20 40 8 -20 38 8 -18 20 8 -18
1 16 17.5 12 -19 2.5 0 0 -4 1 0 0 0 1 p/rect.dat
4 16 38 8 -16 38 8 -18 40 8 -20 40 8 -16
1 16 39 12 -13 0 0 -1 4 1 0 3 0 0 p/rect.dat
4 16 38 8 -18 38 16 -18 15 16 -18 20 8 -18
4 16 20 8 -20 15 16 -20 40 24 -20 40 8 -20
4 16 38 8 -16 38 16 -10 38 16 -18 38 8 -18
4 16 40 8 -20 40 24 -20 40 16 -10 40 8 -16
0 BFC INVERTNEXT
1 16 -20 20 -16 0 0 5 -4 0 0 0 -2 0 p/box3u7a.dat
4 16 -20 8 -18 -38 8 -18 -40 8 -20 -20 8 -20
1 16 -17.5 12 -19 -2.5 0 0 -4 1 0 0 0 -1 p/rect.dat
4 16 -20 8 -18 -15 16 -18 -38 16 -18 -38 8 -18
4 16 -40 8 -20 -40 24 -20 -15 16 -20 -20 8 -20
0 BFC INVERTNEXT
1 16 -20 20 16 0 0 5 -4 0 0 0 2 0 p/box3u7a.dat
4 16 -20 8 20 -40 8 20 -38 8 18 -20 8 18
1 16 -17.5 12 19 -2.5 0 0 -4 1 0 0 0 -1 p/rect.dat
4 16 -40 24 -20 -40 24 20 -36 24 16 -36 24 -16
4 16 -36 24 -16 -25 24 -16 -25 24 -18 -40 24 -20
4 16 -15 24 -16 15 24 -16 15 24 -18 -15 24 -18
4 16 40 24 -20 25 24 -18 25 24 -16 36 24 -16
4 16 -40 24 -20 -25 24 -18 25 24 -18 40 24 -20
4 16 40 24 20 40 24 -20 36 24 -16 36 24 16
4 16 36 24 16 25 24 16 25 24 18 40 24 20
4 16 15 24 16 -15 24 16 -15 24 18 15 24 18
4 16 -40 24 20 -25 24 18 -25 24 16 -36 24 16
4 16 40 24 20 25 24 18 -25 24 18 -40 24 20
1 16 -31.5 16 0 -6.5 0 0 0 1 0 0 0 -18 p/rect2p.dat
4 16 -36 20 -16 -36 20 16 -25 20 14 -25 20 -14
4 16 -15 20 -14 -15 20 14 15 20 14 15 20 -14
4 16 15 20 16 15 20 14 -15 20 14 -15 20 16
4 16 36 20 16 36 20 -16 25 20 -14 25 20 14
4 16 -15 20 -16 -15 20 -14 15 20 -14 15 20 -16
3 16 -25 20 14 -36 20 16 -25 20 16
3 16 -25 20 -16 -36 20 -16 -25 20 -14
3 16 25 20 -14 36 20 -16 25 20 -16
3 16 25 20 16 36 20 16 25 20 14
4 16 -15 16 -14 -15 16 14 -25 16 14 -25 16 -14
1 16 31.5 16 0 6.5 0 0 0 1 0 0 0 18 p/rect2p.dat
1 16 39 16 0 1 0 0 0 1 0 0 0 10 p/rect1.dat
4 16 15 16 14 15 16 -14 25 16 -14 25 16 14
1 16 0 16 0 -15 0 0 0 1 0 0 0 -20 p/rect2p.dat
4 16 -38 8 18 -38 16 18 -15 16 18 -20 8 18
4 16 -20 8 20 -15 16 20 -40 24 20 -40 8 20
1 16 0 16 17 0 0 14 0 -13 0 1 0 0 p/box5.dat
1 16 0 16 -17 0 0 14 0 -13 0 1 0 0 p/box5.dat
1 16 37 16 0 -1 0 0 0 -13 0 0 0 14 p/box5.dat
1 16 20 20 8 0 0 1 0 3 0 -1 0 0 p/boxjcyl4.dat
1 16 -20 20 8 0 0 1 0 3 0 -1 0 0 p/boxjcyl4.dat
1 16 -20 20 -8 0 0 -1 0 3 0 1 0 0 p/boxjcyl4.dat
1 16 20 20 -8 0 0 -1 0 3 0 1 0 0 p/boxjcyl4.dat
0 BFC INVERTNEXT
1 16 20 18 -16 0 0 5 2 0 0 0 2 0 p/box3u7a.dat
1 16 20 20 -11 -1 0 0 0 3 0 0 0 -3 p/box4-7a.dat
0 BFC INVERTNEXT
1 16 20 18 16 0 0 5 2 0 0 0 -2 0 p/box3u7a.dat
1 16 20 20 11 -1 0 0 0 3 0 0 0 3 p/box4-7a.dat
0 BFC INVERTNEXT
1 16 -20 18 -16 0 0 5 2 0 0 0 2 0 p/box3u7a.dat
1 16 -20 20 -11 -1 0 0 0 3 0 0 0 -3 p/box4-7a.dat
0 BFC INVERTNEXT
1 16 -20 18 16 0 0 5 2 0 0 0 -2 0 p/box3u7a.dat
1 16 -20 20 11 -1 0 0 0 3 0 0 0 3 p/box4-7a.dat
4 16 19 20 14 19 20 -14 15 20 -14 15 20 14
4 16 25 20 14 25 20 -14 21 20 -14 21 20 14
4 16 -21 20 14 -21 20 -14 -25 20 -14 -25 20 14
4 16 -15 20 14 -15 20 -14 -19 20 -14 -19 20 14
4 16 -21 20 7.801 -19 20 7.801 -19 20 -7.801 -21 20 -7.801
