0 BFC CERTIFY CCW
1 16 0 -7.75 0 4 0 0 0 15.5 0 0 0 4 p/2-4cylc.dat
1 16 0 7.75 0 4 0 0 0 -1 0 0 0 4 p/2-4chrd.dat
1 16 0 -4 0 -4 0 0 0 8 0 0 0 -4 p/2-4cylo.dat
1 16 3 4 -5 -7 0 0 0 1 0 0 0 -5 p/rect2a.dat
1 16 -4 5.875 -5 0 1 0 1.875 0 0 0 0 -5 p/rect2a.dat
1 16 -4 -5.875 -5 0 1 0 0 0 -1.875 -5 0 0 p/rect2a.dat
1 16 3 -4 -5 0 0 -7 0 -1 0 -5 0 0 p/rect2a.dat
1 16 11.25 0 -5 0 1 0 0 0 4 2.375 0 0 p/rect.dat
1 16 10.625 -4 -5 .625 0 0 0 -1 0 0 0 -2.375 p/rect2p.dat
1 16 10.625 4 -5 .625 0 0 0 1 0 0 0 2.375 p/rect2p.dat
4 16 10 -4 0 4 -4 0 4 -7.75 0 6.25 -7.75 0
4 16 6.25 7.75 0 4 7.75 0 4 4 0 10 4 0
4 16 6.25 7.75 -10 10 4 -10 -4 4 -10 -4 7.75 -10
4 16 10 -4 -10 6.25 -7.75 -10 -4 -7.75 -10 -4 -4 -10
4 16 6.25 7.75 -10 -4 7.75 -10 -4 7.75 0 4 7.75 0
3 16 6.25 7.75 -10 4 7.75 0 6.25 7.75 0
3 16 6.25 -7.75 -10 6.25 -7.75 0 4 -7.75 0
4 16 6.25 -7.75 -10 4 -7.75 0 0 -7.75 0 -4 -7.75 -10
3 16 -4 -7.75 -10 0 -7.75 0 -4 -7.75 0
