0 BFC CERTIFY CCW
1 16 0 -2.5 -4 0 0 -1 0 -1 0 -1 0 0 p/toothr.dat
1 16 0 0 -6 7 0 0 0 2 0 0 -1 1 p/box2-7.dat
1 16 0 0 -2 7 0 0 0 2 0 0 1 -1 p/box2-7.dat
1 16 0 -2.5 -0.5 0 0 10 0 1 0 0.5 0 0 p/rect2p.dat
1 16 0 -2.5 -7.5 0 0 10 0 1 0 0.5 0 0 p/rect2p.dat
1 16 8.5 4 -4 0 0 -1.5 0 6 0 -4 0 0 p/box2-11.dat
1 16 -8.5 4 -4 0 0 1.5 0 6 0 4 0 0 p/box2-11.dat
3 16 10 10 -8 10 -2.5 -7 10 -2.5 -8
3 16 10 10 0 10 -2.5 0 10 -2.5 -1
4 16 10 10 -8 10 10 0 10 -2.5 -1 10 -2.5 -7
3 16 -10 -2.5 -8 -10 -2.5 -7 -10 10 -8
3 16 -10 -2.5 -1 -10 -2.5 0 -10 10 0
4 16 -10 -2.5 -7 -10 -2.5 -1 -10 10 0 -10 10 -8
