0 BFC CERTIFY CCW
4 16 -19 0 -17 -21 0 -17 -21 0 17 -19 0 17
3 16 -40 0 -20 -37 0 -17 -21 0 -17
3 16 -21 0 -17 -19 0 -17 -40 0 -20
4 16 -19 0 -17 19 0 -17 40 0 -20 -40 0 -20
3 16 37 0 -17 40 0 -20 21 0 -17
3 16 19 0 -17 21 0 -17 40 0 -20
4 16 -37 0 13.5 -40 0 14.5 -40 0 20 -37 0 17
3 16 -39 0 11.5 -40 0 14.5 -37 0 13.5
4 16 -50 0 14.5 -40 0 14.5 -39 0 11.5 -47 0 11.5
4 16 -40 0 -20 -40 0 -14.5 -37 0 -13.5 -37 0 -17
3 16 -40 0 -14.5 -39 0 -11.5 -37 0 -13.5
4 16 -39 0 -11.5 -40 0 -14.5 -50 0 -14.5 -47 0 -11.5
3 16 -47 0 -11.5 -50 0 -14.5 -50 0 -5.1433
3 16 -50 0 14.5 -47 0 11.5 -50 0 5.1433
4 16 -50 0 5.1433 -47 0 11.5 -47 0 -11.5 -50 0 -5.1433
3 16 -7.5 -18.5 -7.5 0 -18.5 -7.5 -19 -18.5 -17
4 16 -7.5 -18.5 -7.5 -19 -18.5 -17 -19 -18.5 17 -7.5 -18.5 0
3 16 -7.5 -18.5 0 -19 -18.5 17 -7.5 -18.5 7.5
4 16 19 -18.5 17 0 -18.5 7.5 -7.5 -18.5 7.5 -19 -18.5 17
0 BFC INVERTNEXT
1 16 -37 -9.25 0 0 16 0 9.25 0 0 0 0 17 p/box3u2p.dat
1 16 -39 0 -13.5 2 0 0 0 -18.5 0 0 0 2 p/1-4cylo.dat
1 16 -39 0 -13.5 2 0 0 0 -1 0 0 0 2 p/1-4chrd.dat
1 16 -39 -18.5 -13.5 2 0 0 0 -1 0 0 0 2 p/1-4ndis.dat
1 16 -39 0 13.5 2 0 0 0 -18.5 0 0 0 -2 p/1-4cylo.dat
1 16 -39 0 13.5 2 0 0 0 -1 0 0 0 -2 p/1-4chrd.dat
1 16 -39 -18.5 13.5 2 0 0 0 -1 0 0 0 -2 p/1-4ndis.dat
1 16 -37 -9.25 15.25 0 -1 0 0 0 -9.25 1.75 0 0 p/rect2p.dat
1 16 -37 -9.25 -15.25 0 -1 0 0 0 -9.25 1.75 0 0 p/rect2p.dat
0 BFC INVERTNEXT
1 16 -46 -10 0 0 -1 0 0 5 -5 11.5 0 0 p/box2-7.dat
1 16 -43 0 0 0 0 -4 0 1 0 11.5 0 0 p/recte3.dat
4 16 -45 -20 -11.5 -39 0 -11.5 -47 0 -11.5 -47 -10 -11.5
3 16 -39 -18.5 -11.5 -39 0 -11.5 -45 -20 -11.5
4 16 -45 -20 11.5 -47 -10 11.5 -47 0 11.5 -39 0 11.5
3 16 -45 -20 11.5 -39 0 11.5 -39 -18.5 11.5
3 16 -37 -18.5 -14 -37 -18.5 -11.5 -21 -18.5 -17
3 16 -37 -18.5 17 -21 -18.5 17 -37 -18.5 14
3 16 -37 -18.5 14 -21 -18.5 17 -37 -18.5 11.5
4 16 -37 -18.5 -11.5 -37 -18.5 11.5 -21 -18.5 17 -21 -18.5 -17
4 16 -37 -18.5 -11.5 -39 -18.5 -11.5 -39 -18.5 11.5 -37 -18.5 11.5
3 16 -37 -18.5 -17 -37 -18.5 -14 -21 -18.5 -17
1 16 -45 -22.5 0 0 -1 0 0 0 2.5 -11.5 0 0 p/rect3.dat
3 16 -39 -25 7 -39 -25 11.5 -39 -18.5 11.5
3 16 -39 -18.5 -11.5 -39 -25 -11.5 -39 -25 -7
4 16 -39 -18.5 -11.5 -39 -25 -7 -39 -25 7 -39 -18.5 11.5
4 16 -39 -25 -11.5 -39 -18.5 -11.5 -45 -20 -11.5 -45 -25 -11.5
4 16 -45 -20 11.5 -39 -18.5 11.5 -39 -25 11.5 -45 -25 11.5
1 16 -39 -21.75 0 0 1 0 0 0 3.25 11.5 0 0 p/recte3.dat
1 16 -42 -25 12.25 -3 0 0 0 1 0 0 0 -.75 p/rect3.dat
1 16 -42 -25 -12.25 3 0 0 0 1 0 0 0 .75 p/rect3.dat
3 16 -39 -25 13 -36.5 -25 13 -36.5 -25 14.5
3 16 -48 -25 14.5 -48 -25 13 -45 -25 13
3 16 -48 -25 -13 -48 -25 -14.5 -45 -25 -13
3 16 -39 -25 -13 -36.5 -25 -14.5 -36.5 -25 -13
4 16 -36.5 -25 -14.5 -39 -25 -13 -45 -25 -13 -48 -25 -14.5
4 16 -45 -25 13 -39 -25 13 -36.5 -25 14.5 -48 -25 14.5
1 16 -42.25 -25 -13.75 -5.75 0 0 0 1 0 0 0 -.75 p/recte3.dat
1 16 -42.25 -25 13.75 5.75 0 0 0 1 0 0 0 .75 p/recte3.dat
1 16 -47.25 -27.5 0 0 -.75 0 0 0 -2.5 13 0 0 p/box2-7.dat
1 16 -46.5 -28.5 13 1.5 0 0 0 0 -1.5 0 -26 0 p/1-4cylo.dat
1 16 -46.5 -28.5 13 1.5 0 0 0 0 -1.5 0 -1 0 p/1-4chrd.dat
1 16 -46.5 -28.5 -13 1.5 0 0 0 0 -1.5 0 1 0 p/1-4chrd.dat
3 16 -45 -25 -13 -45 -25 -11.5 -45 -28.5 -13
3 16 -45 -25 11.5 -45 -25 13 -45 -28.5 13
4 16 -45 -25 -11.5 -45 -25 11.5 -45 -28.5 13 -45 -28.5 -13
4 16 -45 -28.5 13 -45 -25 13 -48 -25 13 -46.5 -30 13
3 16 -48 -30 13 -46.5 -30 13 -48 -25 13
3 16 -46.5 -30 -13 -48 -30 -13 -48 -25 -13
4 16 -45 -25 -13 -45 -28.5 -13 -46.5 -30 -13 -48 -25 -13
1 16 -39 -27.75 0 0 -1 0 0 0 2.75 7 0 0 p/box4-4a.dat
1 16 -38.5 -30.5 -7 0 0 -1.5 -1.5 0 0 0 14 0 p/1-4cylo.dat
1 16 -38.5 -30.5 -7 0 0 -1.5 -1.5 0 0 0 1 0 p/1-4chrd.dat
1 16 -38.5 -30.5 7 0 0 -1.5 -1.5 0 0 0 -1 0 p/1-4chrd.dat
4 16 -38.5 -32 -7 -40 -30.5 -7 -39 -30.5 -7 -37.5 -32 -7
4 16 -40 -30.5 7 -38.5 -32 7 -37.5 -32 7 -39 -30.5 7
1 16 -38 -32 0 -.5 0 0 0 1 0 0 0 -7 p/rect2p.dat
3 16 -37.5 -32 13 -36.5 -32 13 -39 -30.5 13
3 16 -36.5 -32 -13 -37.5 -32 -13 -39 -30.5 -13
4 16 -36.5 -25 13 -39 -25 13 -39 -30.5 13 -36.5 -32 13
4 16 -36.5 -32 -13 -39 -30.5 -13 -39 -25 -13 -36.5 -25 -13
3 16 -39 -25 -11.5 -39 -25 -13 -39 -30.5 -13
3 16 -39 -25 13 -39 -25 11.5 -39 -30.5 13
4 16 -39 -25 -11.5 -39 -30.5 -13 -39 -30.5 -7 -39 -25 -7
4 16 -39 -25 11.5 -39 -25 7 -39 -30.5 7 -39 -30.5 13
1 16 -37.5 -30.5 -13 0 0 -1.5 -1.5 0 0 0 6 0 p/1-4cylo.dat
1 16 -37.5 -30.5 13 0 0 -1.5 -1.5 0 0 0 -6 0 p/1-4cylo.dat
1 16 -37.5 -30.5 -13 0 0 -1.5 -1.5 0 0 0 1 0 p/1-4chrd.dat
1 16 -37.5 -30.5 13 0 0 -1.5 -1.5 0 0 0 -1 0 p/1-4chrd.dat
1 16 -37 -28.5 0 0 .5 0 0 0 -3.5 13 0 0 p/box2-7.dat
4 16 -36.5 -22 14.5 -36.5 -25 13 -36.5 -25 -13 -36.5 -22 -14.5
3 16 -36.5 -25 -13 -36.5 -25 -14.5 -36.5 -22 -14.5
3 16 -36.5 -25 14.5 -36.5 -25 13 -36.5 -22 14.5
1 16 -36.5 -23.5 0 0 -1 0 0 0 1.5 -14.5 0 0 p/recte3.dat
4 16 -39.5 -22 -14.5 -36.5 -22 -14.5 -36.5 -25 -14.5 -48 -25 -14.5
4 16 -39.5 -22 -14.5 -48 -25 -14.5 -48 -20 -14.5 -40 -13 -14.5
3 16 -40 -13 -14.5 -48 -20 -14.5 -50 -10 -14.5
4 16 -36.5 -25 14.5 -36.5 -22 14.5 -39.5 -22 14.5 -48 -25 14.5
4 16 -48 -20 14.5 -48 -25 14.5 -39.5 -22 14.5 -40 -13 14.5
3 16 -48 -20 14.5 -40 -13 14.5 -50 -10 14.5
4 16 -50 -10 14.5 -40 -13 14.5 -40 0 14.5 -50 0 14.5
4 16 -40 0 -14.5 -40 -13 -14.5 -50 -10 -14.5 -50 0 -14.5
4 16 -48 -20 -14.5 -48 -25 -13 -48 -25 13 -48 -20 14.5
3 16 -48 -25 13 -48 -25 14.5 -48 -20 14.5
3 16 -48 -25 -14.5 -48 -25 -13 -48 -20 -14.5
1 16 -48 -22.5 0 0 1 0 0 0 2.5 14.5 0 0 p/recte3.dat
3 16 -50 -10 14.5 -50 -10 6.7641 -48 -20 14.5
3 16 -48 -20 -14.5 -50 -10 -6.7641 -50 -10 -14.5
4 16 -50 -10 6.7641 -50 -10 -6.7641 -48 -20 -14.5 -48 -20 14.5
4 16 -50 0 5.1433 -50 -10 6.7641 -50 -10 14.5 -50 0 14.5
4 16 -50 0 -14.5 -50 -10 -14.5 -50 -10 -6.7641 -50 0 -5.1433
1 16 -39.75 -17.5 -17.25 0 0 .25 0 1 -4.5 -2.75 0 0 p/rect.dat
1 16 -40 -6.5 -17.25 0 1 0 0 0 6.5 2.75 0 0 p/rect3.dat
1 16 -39.75 -17.5 17.25 .25 0 0 -4.5 1 0 0 0 2.75 p/rect.dat
1 16 -40 -6.5 17.25 0 1 0 0 0 6.5 2.75 0 0 p/rect3.dat
4 16 40 -13 -20 -40 -13 -20 -40 0 -20 40 0 -20
4 16 39.5 -22 -20 -39.5 -22 -20 -40 -13 -20 40 -13 -20
4 16 -10 -22 10 -36.5 -22 14.5 -36.5 -22 -14.5 -10 -22 0
3 16 -10 -22 0 -36.5 -22 -14.5 -10 -22 -10
4 16 -39.5 -22 20 -36.5 -22 14.5 -10 -22 10 0 -22 10
3 16 -36.5 -22 -14.5 -39.5 -22 -14.5 -39.5 -22 -20
3 16 -39.5 -22 14.5 -36.5 -22 14.5 -39.5 -22 20
4 16 -10 -22 -10 -36.5 -22 -14.5 -39.5 -22 -20 0 -22 -10
3 16 0 -22 -10 -39.5 -22 -20 39.5 -22 -20
1 16 -51 -.1716 -5.40005 -1 0 0 0 -1 .1716 0 0 .25675 p/rect3.dat
1 16 -51 0 0 -1 0 0 0 -1 0 0 0 5.1433 p/rect1.dat
1 16 -51 -.1716 5.40005 1 0 0 0 -1 .1716 0 0 -.25675 p/rect3.dat
1 16 -52 -6 0 0 2 0 0 0 8 8 0 0 p/1-8cylo.dat
1 16 -52 -6 0 0 2 0 0 0 8 -8 0 0 p/1-8cylo.dat
1 16 -52 -6 0 0 1 0 0 0 -8 8 0 0 p/2-4edge.dat
1 16 -52 -6 0 0 2 0 0 0 -8 8 0 0 p/2-4cyli.dat
1 16 -50 -6 0 0 2 0 0 0 -8 8 0 0 p/1-4cyls.dat
1 16 -50 -6 0 0 2 0 0 0 -8 -8 0 0 p/1-4cyls.dat
1 16 -52 -6 0 0 1 0 -2 0 0 0 0 2 p/3-8ring3.dat
1 16 -52 -6 0 0 1 0 -2 0 0 0 0 -2 p/3-8ring3.dat
1 16 -52 -6 0 0 1 0 -6 0 0 0 0 6 p/4-4edge.dat
3 16 -52 -1.7574 4.2426 -52 -.3432 5.6568 -52 0 5.1433
3 16 -52 0 -5.1433 -52 -.3432 -5.6568 -52 -1.7574 -4.2426
4 16 -52 -1.7574 -4.2426 -52 -1.7574 4.2426 -52 0 5.1433 -52 0 -5.1433
1 16 -50 -6 0 0 1 0 1 0 0 0 0 -1 p/connect10.dat
