0 BFC CERTIFY CCW
1 16 0 0 0 1 0 0 0 1 0 0 0 1 parts/s/65196s02.dat
1 16 0 0 0 1 0 0 0 1 0 0 0 -1 parts/s/65196s02.dat
4 16 -107.5 0 -22 -107.5 0 22 -115 0 18.85 -115 0 -18.85
4 16 -120 -4 -20 -120 -36 -15 -120 -36 15 -120 -4 20
1 16 -115 -28 0 0 -1 0 0 0 -28 18.85 0 0 p/rect2p.dat
4 16 -118 -56 15 -118 -56 -15 -115 -56 -18.85 -115 -56 18.85
1 16 -118 -50 0 0 1 0 -6 0 0 0 0 15 p/rect1.dat
0 BFC INVERTNEXT
1 16 -120 -44 -15 0 0 2 8 0 0 0 30 0 p/1-4cyli.dat
1 16 -120 -16 0 0 1 0 -1 0 0 0 0 1 p/stug2-2x2.dat
4 16 -120 -4 -20 -120 -4 20 -120 4 160 -120 4 -160
4 16 -16 0 4 -16 0 -4 -10 0 -4 -10 0 4
4 16 -4 0 4 -10 0 4 -10 0 -4 -4 0 -4
4 16 4 0 4 -4 0 4 -4 0 -4 4 0 -4
4 16 10 0 4 4 0 4 4 0 -4 10 0 -4
4 16 16 0 4 10 0 4 10 0 -4 16 0 -4
1 16 -80 0 120 0 0 1 0 1 0 -1 0 0 p/stug2-2x2.dat
1 16 -80 0 -120 0 0 1 0 1 0 -1 0 0 p/stug2-2x2.dat
4 16 -120 4 160 100 4 120 100 4 -120 -120 4 -160
1 16 -97 5.5 0 0 -1 0 0 0 -1.5 118.75736 0 0 p/rect2p.dat
4 16 -97 7 118.75736 -97 7 -118.75736 -100 7 -120 -100 7 120
1 16 -100 5.5 0 0 1 0 -1.5 0 0 0 0 120 p/rect3.dat
1 16 -110 4 140 0 0 -1 0 -1 0 -1 0 0 p/stug2-1x2.dat
1 16 -90 4 150 0 0 -1 0 -1 0 -1 0 0 p/stud2.dat
1 16 -90 4 -150 0 0 -1 0 -1 0 -1 0 0 p/stud2.dat
1 16 -110 4 -140 0 0 -1 0 -1 0 -1 0 0 p/stug2-1x2.dat
1 16 -10 4 0 0 0 -1 0 -1 0 -1 0 0 p/stug-1x4.dat
1 16 10 4 0 0 0 -1 0 -1 0 -1 0 0 p/stug-1x4.dat
1 16 96 -2 0 0 1 0 0 0 -2 -147.5 0 0 p/rect2p.dat
4 16 98 -4 -120 98 -4 120 96 -4 147.5 96 -4 -147.5
4 16 98 -4 -120 100 -4 -120 100 -4 120 98 -4 120
1 16 100 0 0 0 -1 0 0 0 -4 120 0 0 p/rect2p.dat
