0 BFC CERTIFY CCW
1 16 22 24 0 0 0 2 0 -1 0 -36 0 0 p/rect.dat
4 16 40 24 100 16 24 96 -16 24 96 -40 24 100
4 16 -20 16 60 -20 16 44 20 16 44 20 16 60
1 16 0 18 42 0 0 20 2 1 0 -2 0 0 p/rect.dat
4 16 -40 24 100 -20 16 100 20 16 100 40 24 100
4 16 20 20 -40 20 16 -44 20 16 44 20 20 40
1 16 0 16 80 0 0 20 0 1 0 20 0 0 p/rect1.dat
0 BFC INVERTNEXT
1 16 0 22 71.5 -16 0 0 0 -2 0 0 0 24.5 p/box2-5.dat
0 BFC INVERTNEXT
1 16 0 24 45.5 16 0 0 0 -2.5 1.5 0 0 -1.5 p/box2-7.dat
1 16 0 28 42 0 0 16 0 -1 0 2 0 0 p/rect1.dat
4 16 16 24 40 20 20 40 -20 20 40 -16 24 40
0 BFC INVERTNEXT
1 16 32 24 0 0 0 -8 0 -4 0 -36 0 0 p/box3u2p.dat
1 16 50 20 0 0 0 1 0 -1 0 -1 0 0 p/stug3-1x3.dat
0 BFC INVERTNEXT
1 16 50 24 0 0 0 6 0 -4 0 -36 0 0 p/box5.dat
4 16 60 24 -40 56 24 -36 56 24 36 60 24 40
4 16 60 24 40 56 24 36 44 24 36 40 24 40
4 16 40 24 40 44 24 36 44 24 -36 40 24 -40
4 16 40 24 -40 44 24 -36 56 24 -36 60 24 -40
1 16 40 20 0 0 20 0 0 0 -4 40 0 0 p/box4-2p.dat
4 16 40 16 -40 40 16 40 20 16 44 20 16 -44
1 16 16 26 0 0 -1 0 0 0 -2 40 0 0 p/rect2p.dat
0 BFC INVERTNEXT
1 16 0 24 20 6 0 0 0 4 0 0 0 6 p/4-4cylo.dat
1 16 0 24 20 6 0 0 0 1 0 0 0 6 p/4-4ndis.dat
1 16 0 28 20 6 0 0 0 -1 0 0 0 6 p/4-4ndis.dat
4 16 -16 24 40 -6 24 26 6 24 26 16 24 40
4 16 6 24 14 6 24 -14 16 24 -40 16 24 40
3 16 16 24 40 6 24 26 6 24 14
3 16 6 24 14 -6 24 14 6 24 -14
4 16 20 20 40 20 24 36 20 24 -36 20 20 -40
4 16 6 28 26 -6 28 26 -16 28 40 16 28 40
3 16 6 28 14 6 28 26 16 28 40
4 16 6 28 -14 6 28 14 16 28 40 16 28 -40
3 16 -6 28 14 6 28 14 6 28 -14
3 16 -6 24 26 -16 24 40 -6 24 14
3 16 -16 28 40 -6 28 26 -6 28 14
1 16 0 0 0 -1 0 0 0 1 0 0 0 1 parts/s/65202s02.dat
1 16 0 0 0 1 0 0 0 1 0 0 0 1 parts/s/65202s02.dat
