0 BFC CERTIFY CCW
4 16 -13.78845 2.21155 0 -15.4713 4.1284 0 -15.0746 4.4328 -3.16944 -13.4349 2.5651 -3.05148
4 16 -16.454 6.5 -3.3 -15.0746 4.4328 -3.16944 -15.4713 4.1284 0 -16.887 6.25 0
4 16 -17.5541 8.7287 -3.44076 -16.454 6.5 -3.3 -16.887 6.25 0 -18.01605 8.53735 0
4 16 -18.3521 11.0828 -3.58944 -17.5541 8.7287 -3.44076 -18.01605 8.53735 0 -18.83505 10.9534 0
4 16 -18.8366 13.5205 -3.7434 -18.3521 11.0828 -3.58944 -18.83505 10.9534 0 -19.3323 13.45525 0
4 16 -19 16 -3.9 -18.8366 13.5205 -3.7434 -19.3323 13.45525 0 -19.5 16 0
4 16 -18.8366 18.4795 -4.0566 -19 16 -3.9 -19.5 16 0 -19.3323 18.54475 0
4 16 -18.3521 20.9172 -4.21056 -18.8366 18.4795 -4.0566 -19.3323 18.54475 0 -18.83505 21.0466 0
4 16 -13.78845 2.21155 0 -13.4349 2.5651 -3.05148 -11.5672 .9254 -2.94792 -11.8716 .5287 0
4 16 -9.75 -.887 0 -11.8716 .5287 0 -11.5672 .9254 -2.94792 -9.5 -.454 -2.8608
4 16 -9.75 -.887 0 -9.5 -.454 -2.8608 -7.2713 -1.5541 -2.79132 -7.46265 -2.01605 0
4 16 -18.3521 20.9172 -4.21056 -18.83505 21.0466 0 -18.01605 23.46265 0 -17.5541 23.2713 -4.35924
4 16 -17.5541 23.2713 -4.35924 -18.01605 23.46265 0 -16.887 25.75 0 -16.454 25.5 -4.5
4 16 -16.454 25.5 -4.5 -16.887 25.75 0 -15.4713 27.8716 0 -15.0746 27.5672 -4.63056
4 16 -15.0746 27.5672 -4.63056 -15.4713 27.8716 0 -13.78845 29.78845 0 -13.4349 29.4349 -4.74852
4 16 -13.4349 29.4349 -4.74852 -13.78845 29.78845 0 -11.8716 31.4713 0 -11.5672 31.0746 -4.85208
4 16 -9.5 32.454 -4.9392 -11.5672 31.0746 -4.85208 -11.8716 31.4713 0 -9.75 32.887 0
4 16 -7.75 2.577 -3.134 -5.93185 1.67955 -3.0761 -7.2713 -1.5541 -2.79132 -9.5 -.454 -2.8608
4 16 -9.4364 3.7023 -3.2066 -7.75 2.577 -3.134 -9.5 -.454 -2.8608 -11.5672 .9254 -2.94792
4 16 -10.96005 5.03995 -3.2929 -9.4364 3.7023 -3.2066 -11.5672 .9254 -2.94792 -13.4349 2.5651 -3.05148
4 16 -10.96005 5.03995 -3.2929 -13.4349 2.5651 -3.05148 -15.0746 4.4328 -3.16944 -12.2977 6.5636 -3.3912
4 16 -13.423 8.25 -3.5 -12.2977 6.5636 -3.3912 -15.0746 4.4328 -3.16944 -16.454 6.5 -3.3
4 16 -14.32045 10.06815 -3.6173 -13.423 8.25 -3.5 -16.454 6.5 -3.3 -17.5541 8.7287 -3.44076
4 16 -14.97145 11.9886 -3.7412 -14.32045 10.06815 -3.6173 -17.5541 8.7287 -3.44076 -18.3521 11.0828 -3.58944
4 16 -15.3667 13.97725 -3.8695 -14.97145 11.9886 -3.7412 -18.3521 11.0828 -3.58944 -18.8366 13.5205 -3.7434
4 16 -15.5 16 -4 -15.3667 13.97725 -3.8695 -18.8366 13.5205 -3.7434 -19 16 -3.9
4 16 -15.3667 18.02275 -4.1305 -15.5 16 -4 -19 16 -3.9 -18.8366 18.4795 -4.0566
4 16 -15.3667 18.02275 -4.1305 -18.8366 18.4795 -4.0566 -18.3521 20.9172 -4.21056 -14.97145 20.0114 -4.2588
4 16 -14.32045 21.93185 -4.3827 -14.97145 20.0114 -4.2588 -18.3521 20.9172 -4.21056 -17.5541 23.2713 -4.35924
4 16 -13.423 23.75 -4.5 -14.32045 21.93185 -4.3827 -17.5541 23.2713 -4.35924 -16.454 25.5 -4.5
4 16 -12.2977 25.4364 -4.6088 -13.423 23.75 -4.5 -16.454 25.5 -4.5 -15.0746 27.5672 -4.63056
4 16 -10.96005 26.96005 -4.7071 -12.2977 25.4364 -4.6088 -15.0746 27.5672 -4.63056 -13.4349 29.4349 -4.74852
4 16 -10.96005 26.96005 -4.7071 -13.4349 29.4349 -4.74852 -11.5672 31.0746 -4.85208 -9.4364 28.2977 -4.7934
4 16 -7.75 29.423 -4.866 -9.4364 28.2977 -4.7934 -11.5672 31.0746 -4.85208 -9.5 32.454 -4.9392
4 16 -5.0466 -2.83505 0 -7.46265 -2.01605 0 -7.2713 -1.5541 -2.79132 -4.9172 -2.3521 -2.74092
4 16 -4.9172 -2.3521 -2.74092 -7.2713 -1.5541 -2.79132 -5.93185 1.67955 -3.0761 -4.0114 1.02855 -3.0341
4 16 -3.38248 23.83398 -8.83884 -2.6789 25.5327 -10 0 25 -10 -.0000000000000010824451 23.161165 -8.838835
4 16 -2.6789 25.5327 -10 -3.38248 23.83398 -8.83884 -6.25 25.75 -8.83884 -4.9497 27.0503 -10
4 16 -4.9497 27.0503 -10 -6.25 25.75 -8.83884 -8.1660185 28.6175244 -8.838835 -6.4673 29.3211 -10
4 16 -6.4673 29.3211 -10 -8.1660185 28.6175244 -8.838835 -8.83884 32 -8.83884 -7 32 -10
4 16 -7 32 -10 -8.83884 32 -8.83884 -8.1660185 35.3824756 -8.838835 -6.4672 34.6788 -10
4 16 -6.4672 34.6788 -10 -8.1660185 35.3824756 -8.838835 -6.25 38.25 -8.83884 -4.9497 36.9497 -10
4 16 -4.9497 36.9497 -10 -6.25 38.25 -8.83884 -3.38248 40.16602 -8.83884 -2.6788 38.4672 -10
4 16 0 39 -10 -2.6788 38.4672 -10 -3.38248 40.16602 -8.83884 0 40.83883 -8.83884
4 16 -8.16602 40.16602 -4.78354 -4.41942 42.66942 -4.78354 -3.38248 40.16602 -8.83884 -6.25 38.25 -8.83884
4 16 -8.16602 35.38248 -8.83884 -8.83884 32 -8.83884 -11.54849 32 -4.78354 -10.66942 36.41942 -4.78354
4 16 -8.16602 23.83398 -4.78354 -10.66942 27.58058 -4.78354 -8.16602 28.61752 -8.83884 -6.25 25.75 -8.83884
4 16 0 20.45151 -4.78354 -4.41942 21.33058 -4.78354 -3.38248 23.83398 -8.83884 0 23.16116 -8.83884
4 16 -3.38248 23.83398 -8.83884 -4.41942 21.33058 -4.78354 -8.16602 23.83398 -4.78354 -6.25 25.75 -8.83884
4 16 -8.16602 28.61752 -8.83884 -10.66942 27.58058 -4.78354 -11.54849 32 -4.78354 -8.83884 32 -8.83884
4 16 -8.16602 40.16602 -4.78354 -6.25 38.25 -8.83884 -8.16602 35.38248 -8.83884 -10.66942 36.41942 -4.78354
4 16 -3.38248 40.16602 -8.83884 -4.41942 42.66942 -4.78354 0 43.54849 -4.78354 0 40.83883 -8.83884
4 16 -11.54849 36.78354 0 -8.83884 40.83883 0 -8.16602 40.16602 -4.78354 -10.66942 36.41942 -4.78354
4 16 -12.5 32 0 -11.54849 36.78354 0 -10.66942 36.41942 -4.78354 -11.54849 32 -4.78354
4 16 -4.78354 20.45151 0 -8.83884 23.16116 0 -8.16602 23.83398 -4.78354 -4.41942 21.33058 -4.78354
4 16 -11.54849 27.21646 0 -10.66942 27.58058 -4.78354 -8.16602 23.83398 -4.78354 -8.83884 23.16116 0
4 16 -10.66942 27.58058 -4.78354 -11.54849 27.21646 0 -12.5 32 0 -11.54849 32 -4.78354
4 16 -8.16602 40.16602 -4.78354 -8.83884 40.83883 0 -4.78354 43.54849 0 -4.41942 42.66942 -4.78354
3 16 -4.78354 20.45151 0 -4.41942 21.33058 -4.78354 -3.550941 20.912651 -3.550941
3 16 -3.550941 20.912651 -3.550941 -4.41942 21.33058 -4.78354 0 20.45151 -4.78354
3 16 -3.716101 43.021643 -3.716101 -4.41942 42.66942 -4.78354 -4.78354 43.54849 0
3 16 -4.41942 42.66942 -4.78354 -3.716101 43.021643 -3.716101 0 43.54849 -4.78354
