0 BFC CERTIFY CCW
1 16 -15.08907 6 7.02397 -.45433 -1 0 0 0 2 .67982 0 0 rect2p.dat
4 16 -15.54341 4 7.7038 -15.54341 8 7.7038 -15.9382 8 9.68919 -15.9382 7 9.68919
3 16 -15.9382 7 9.68919 -15.9382 4 9.68919 -15.54341 4 7.7038
1 16 -15.9691 5.5 9.8446 -.0309 -1 0 0 0 1.5 .1554 0 0 rect2p.dat
1 16 -15.80725 5.5 10.96935 -.19275 -1 0 0 0 -1.5 -.96935 0 0 rect2p.dat
0 BFC INVERTNEXT
1 16 0 4 0 -14.78207 0 -6.12293 0 4 0 6.12293 0 -14.78207 1-16cylo.dat
1 16 -14.70834 6 6.23351 .00001 -1 .07361 -2 0 0 -.000007 0 .110643 rect3.dat
1 16 0 7 0 -17.55371 0 -7.27099 0 1 0 7.27099 0 -17.55371 1-16cylo.dat
1 16 -16.74585 7.5 8.48008 0 1 .80765 .5 0 0 0 0 1.20911 rect3.dat
1 16 0 0 0 -18.47759 0 -7.65367 0 7 0 7.65367 0 -18.47759 1-16cyli.dat
1 16 0 7 0 -18.47759 0 -7.65367 0 1 0 7.65367 0 -18.47759 1-16edge.dat
4 16 -15.6145 0 11.9387 -15.6145 4 11.9387 -18.4776 7 7.6536 -18.47759 0 7.65367
3 16 -18.4776 7 7.6536 -15.6145 4 11.9387 -15.6145 7 11.9387
1 16 -14.87825 2 13.04035 0 1 .73624 2 0 0 0 0 1.10165 rect1.dat
4 16 -15.54341 8 7.7038 -16.62984 8 6.88833 -17.5535 8 7.27097 -15.9382 8 9.68919
4 16 -14.63473 8 6.34415 -14.78196 8 6.12287 -16.62984 8 6.88833 -15.54341 8 7.7038
1 16 0 8 0 -1.84776 0 -.76537 0 -1 0 .76537 0 -1.84776 1-16ring8.dat
1 16 0 8 0 -.92388 0 -.38268 0 -1 0 .38268 0 -.92388 1-16ring18.dat
3 16 -15.6145 7 11.9387 -16 7 10 -18.4776 7 7.6536
4 16 -16 7 10 -15.9382 7 9.68919 -17.5535 7 7.27097 -18.4776 7 7.6536
1 16 0 7 0 -.92388 0 -.38268 0 -1 0 .38268 0 -.92388 1-16ring19.dat
3 16 -11.31372 4 0 -16 4 0 -5.65686 4 5.65686
4 16 -5.65686 4 5.65686 -16 4 0 -14.78193 4 6.12288 -14.63473 4 6.34415
4 16 -5.65686 4 5.65686 -14.63473 4 6.34415 -15.5434 4 7.7038 -16 4 10
4 16 -15.61449 4 11.9387 -14.142 4 14.142 -5.65686 4 5.65686 -16 4 10
1 16 0 0 0 -14.14214 0 -14.14214 0 1 0 14.14214 0 -14.14214 1-8edge.dat
1 16 0 4 0 -5.65686 0 -5.65686 0 -1 0 5.65686 0 -5.65686 1-8ndis.dat
