0 BFC CERTIFY CCW
1 16 9.6 0 0 0 0 2.8 0 -1 0 -2.4 0 0 2-4edge.dat
3 16 9.6 0 -2.4 5.241 0 -1.8 5.6 0 0
4 16 9.6 0 2.4 9.6 0 -2.4 5.6 0 0 5.241 0 1.8
1 16 9.6 0 0 0 0 2.8 0 -1 0 -2.4 0 0 2-4chrd.dat
1 16 9.6 0 0 0 0 2.8 0 -1.9457 0 -2.4 0 0 2-4cyli.dat
1 16 9.6 -1.9457 0 0 0 2.8 0 -2.4 0 -2.4 0 0 2-8sphe.dat
4 16 5.241 -1.9457 -1.8 5.241 0 -1.8 9.6 0 -2.4 9.6 -1.9457 -2.4
1 16 9.6 -1.9457 0 0 -4.359 0 0 0 -0.6 0.6 0 0 2-4con3.dat
1 16 0 0 0 5.17373 0 -2.14303 0 -3.8 0 -2.14303 0 -5.17373 1-8cyli.dat
1 16 0 0 0 5.17373 0 -2.14303 0 -1 0 -2.14303 0 -5.17373 1-8edge.dat
4 16 5.1737 -3.8 -2.143 5.1737 0 -2.143 5.241 0 -1.8 5.6 -3.7951 0
4 16 5.241 0 1.8 5.1737 0 2.143 5.1737 -3.8 2.143 5.6 -3.7951 0
4 16 5.241 -1.9457 1.8 9.6 -1.9457 2.4 9.6 0 2.4 5.241 0 1.8
