0 BFC CERTIFY CCW
0 BFC INVERTNEXT
1 16 0 8 0 0 0 -156 0 -4 0 96 0 0 p/box5.dat
1 16 -70 8 0 0 0 -54 0 -4 0 64 0 0 p/box4.dat
0 BFC INVERTNEXT
1 16 -70 8 0 0 0 -50 0 -4 0 60 0 0 p/box4.dat
4 16 -120 8 -60 -20 8 -60 -16 8 -64 -124 8 -64
4 16 -120 8 60 -120 8 -60 -124 8 -64 -124 8 64
4 16 -20 8 60 -120 8 60 -124 8 64 -16 8 64
4 16 -20 8 -60 -20 8 60 -16 8 64 -16 8 -64
1 16 70 8 0 0 0 -54 0 -4 0 64 0 0 p/box4.dat
0 BFC INVERTNEXT
1 16 70 8 0 0 0 -50 0 -4 0 60 0 0 p/box4.dat
4 16 20 8 -60 120 8 -60 124 8 -64 16 8 -64
4 16 20 8 60 20 8 -60 16 8 -64 16 8 64
4 16 120 8 60 20 8 60 16 8 64 124 8 64
4 16 120 8 -60 120 8 60 124 8 64 124 8 -64
1 16 0 4 -100 0 0 -160 4 0 0 0 200 0 p/box3u4a.dat
4 16 -156 8 96 -156 8 -96 -160 8 -100 -160 8 100
4 16 156 8 96 -156 8 96 -160 8 100 160 8 100
4 16 156 8 96 160 8 100 160 8 -100 156 8 -96
3 16 -156 8 -96 -154 8 -100 -160 8 -100
4 16 -120 8 -96 -126 8 -100 -154 8 -100 -156 8 -96
4 16 -80 8 -96 -86 8 -100 -114 8 -100 -120 8 -96
4 16 -40 8 -96 -46 8 -100 -74 8 -100 -80 8 -96
4 16 0 8 -96 -6 8 -100 -34 8 -100 -40 8 -96
3 16 154 8 -100 156 8 -96 160 8 -100
4 16 154 8 -100 126 8 -100 120 8 -96 156 8 -96
4 16 114 8 -100 86 8 -100 80 8 -96 120 8 -96
4 16 74 8 -100 46 8 -100 40 8 -96 80 8 -96
4 16 34 8 -100 6 8 -100 0 8 -96 40 8 -96
1 16 120 0 -100 1 0 0 0 1 0 0 0 1 parts/s/69934s02.dat
1 16 80 0 -100 1 0 0 0 1 0 0 0 1 parts/s/69934s02.dat
1 16 40 0 -100 1 0 0 0 1 0 0 0 1 parts/s/69934s02.dat
1 16 0 0 -100 1 0 0 0 1 0 0 0 1 parts/s/69934s02.dat
1 16 -40 0 -100 1 0 0 0 1 0 0 0 1 parts/s/69934s02.dat
1 16 -80 0 -100 1 0 0 0 1 0 0 0 1 parts/s/69934s02.dat
1 16 -120 0 -100 1 0 0 0 1 0 0 0 1 parts/s/69934s02.dat
1 16 -150 0 0 1 0 0 0 1 0 0 0 1 p/stug-10x1.dat
1 16 -70 0 90 1 0 0 0 1 0 0 0 1 p/stug-1x7.dat
1 16 70 0 90 1 0 0 0 1 0 0 0 1 p/stug-1x7.dat
1 16 -70 0 -90 1 0 0 0 1 0 0 0 1 p/stug-1x7.dat
1 16 70 0 -90 1 0 0 0 1 0 0 0 1 p/stug-1x7.dat
1 16 150 0 0 1 0 0 0 1 0 0 0 1 p/stug-10x1.dat
1 16 -140 4 0 0 0 1 0 -1 0 -1 0 0 p/stug4-1x9.dat
1 16 -70 4 80 1 0 0 0 -1 0 0 0 1 p/stug4-1x6.dat
1 16 -70 4 -80 1 0 0 0 -1 0 0 0 1 p/stug4-1x6.dat
1 16 0 4 0 0 0 1 0 -1 0 -1 0 0 p/stug4-1x9.dat
1 16 70 4 80 1 0 0 0 -1 0 0 0 1 p/stug4-1x6.dat
1 16 70 4 -80 1 0 0 0 -1 0 0 0 1 p/stug4-1x6.dat
1 16 140 4 0 0 0 1 0 -1 0 -1 0 0 p/stug4-1x9.dat
1 16 -126 2 -110 0 -28 0 4 0 0 0 0 4 p/4-4cylo.dat
1 16 -86 2 -110 0 -28 0 4 0 0 0 0 4 p/4-4cylo.dat
1 16 -46 2 -110 0 -28 0 4 0 0 0 0 4 p/4-4cylo.dat
1 16 -6 2 -110 0 -28 0 4 0 0 0 0 4 p/4-4cylo.dat
1 16 6 2 -110 0 28 0 4 0 0 0 0 4 p/4-4cylo.dat
1 16 46 2 -110 0 28 0 4 0 0 0 0 4 p/4-4cylo.dat
1 16 86 2 -110 0 28 0 4 0 0 0 0 4 p/4-4cylo.dat
1 16 126 2 -110 0 28 0 4 0 0 0 0 4 p/4-4cylo.dat
1 16 -157 -.149 -104.4265 3 0 0 0 1 .149 0 0 .0295 p/rect3.dat
1 16 -160 2 -110 0 6 0 -6 0 0 0 0 6 p/3-16cylo.dat
1 16 -160 2 -110 0 6 0 -6 0 0 0 0 -6 p/2-4cylo.dat
1 16 -160 2 -110 0 1 0 6 0 0 0 0 6 p/4-4disc.dat
1 16 -160 2 -110 0 1 0 6 0 0 0 0 6 p/1-4ndis.dat
1 16 -154 2 -110 0 -1 0 6 0 0 0 0 6 p/1-4ndis.dat
1 16 -154 2 -110 0 -1 0 2 0 0 0 0 -2 p/4-4ring2.dat
1 16 -157 8 -107 0 0 3 0 -1 0 3 0 0 p/rect2p.dat
1 16 -157 8 -102 0 0 3 0 -1 0 2 0 0 p/rect2p.dat
1 16 -157 0 -102.1985 0 0 3 0 1 0 -2.1985 0 0 p/rect2p.dat
3 16 -154 0 -104.397 -154 2 -104 -154 0 -100
3 16 -160 0 -104.397 -160 0 -100 -160 2 -104
4 16 -160 8 -100 -160 8 -104 -160 2 -104 -160 0 -100
4 16 -154 8 -100 -154 0 -100 -154 2 -104 -154 8 -104
1 16 157 -.149 -104.4265 -3 0 0 0 1 .149 0 0 .0295 p/rect3.dat
1 16 160 2 -110 0 -6 0 -6 0 0 0 0 6 p/3-16cylo.dat
1 16 160 2 -110 0 -6 0 -6 0 0 0 0 -6 p/2-4cylo.dat
1 16 160 2 -110 0 -1 0 6 0 0 0 0 6 p/4-4disc.dat
1 16 160 2 -110 0 -1 0 6 0 0 0 0 6 p/1-4ndis.dat
1 16 154 2 -110 0 1 0 6 0 0 0 0 6 p/1-4ndis.dat
1 16 154 2 -110 0 1 0 2 0 0 0 0 -2 p/4-4ring2.dat
1 16 157 8 -107 0 0 -3 0 -1 0 3 0 0 p/rect2p.dat
1 16 157 8 -102 0 0 -3 0 -1 0 2 0 0 p/rect2p.dat
1 16 157 0 -102.1985 0 0 -3 0 1 0 -2.1985 0 0 p/rect2p.dat
3 16 154 2 -104 154 0 -104.397 154 0 -100
3 16 160 0 -100 160 0 -104.397 160 2 -104
4 16 160 2 -104 160 8 -104 160 8 -100 160 0 -100
4 16 154 2 -104 154 0 -100 154 8 -100 154 8 -104
1 16 -140 4 -100 14 0 0 0 0 -4 0 1 0 p/rect.dat
1 16 -100 4 -100 14 0 0 0 0 -4 0 1 0 p/rect.dat
1 16 -60 4 -100 14 0 0 0 0 -4 0 1 0 p/rect.dat
1 16 -20 4 -100 14 0 0 0 0 -4 0 1 0 p/rect.dat
1 16 20 4 -100 14 0 0 0 0 -4 0 1 0 p/rect.dat
1 16 60 4 -100 14 0 0 0 0 -4 0 1 0 p/rect.dat
1 16 100 4 -100 14 0 0 0 0 -4 0 1 0 p/rect.dat
1 16 140 4 -100 14 0 0 0 0 -4 0 1 0 p/rect.dat
1 16 15.6516 4 64.3484 1.06066 0 -1.40902 0 3.8 0 1.06066 0 1.40902 p/box4-1.dat
1 16 15.6516 4 -64.3484 1.06066 0 -1.40902 0 3.8 0 -1.06066 0 -1.40902 p/box4-1.dat
1 16 -15.6516 4 64.3484 -1.06066 0 1.40902 0 3.8 0 1.06066 0 1.40902 p/box4-1.dat
1 16 -15.6516 4 -64.3484 -1.06066 0 1.40902 0 3.8 0 -1.06066 0 -1.40902 p/box4-1.dat
1 16 124.3484 4 64.3484 -1.06066 0 1.40902 0 3.8 0 1.06066 0 1.40902 p/box4-1.dat
1 16 124.3484 4 -64.3484 -1.06066 0 1.40902 0 3.8 0 -1.06066 0 -1.40902 p/box4-1.dat
1 16 -124.3484 4 64.3484 1.06066 0 -1.40902 0 3.8 0 1.06066 0 1.40902 p/box4-1.dat
1 16 -124.3484 4 -64.3484 1.06066 0 -1.40902 0 3.8 0 -1.06066 0 -1.40902 p/box4-1.dat
