0 BFC CERTIFY CCW
4 16 76 4 -36 -76 4 -36 -20 4 36 76 4 36
3 16 -20 4 36 -76 4 -36 -76 4 -20
1 16 -20 4 -20 -56 0 0 0 -1 0 0 0 56 p/48/1-4aring.dat
1 16 -20 4 -20 -56 0 0 0 -1 0 0 0 56 p/1-4chrd.dat
0 BFC INVERTNEXT
1 16 -20 8 -20 -56 0 0 0 -4 0 0 0 56 p/48/1-4cylo.dat
0 BFC INVERTNEXT
1 16 0 6 -28 0 -76 0 2 0 0 0 0 -8 p/box2-7.dat
0 BFC INVERTNEXT
1 16 28 6 0 0 48 0 2 0 0 0 0 36 p/box2-7.dat
1 16 -20 8 -20 -4 0 0 0 -1 0 0 0 4 p/48/1-4rin14.dat
4 16 -80 8 -20 -76 8 -20 -76 8 -36 -80 8 -40
4 16 -80 8 -40 -76 8 -36 76 8 -36 80 8 -40
4 16 80 8 -40 76 8 -36 76 8 36 80 8 40
4 16 80 8 40 76 8 36 -20 8 36 -20 8 40
4 16 -20 0 40 -80 0 -40 80 0 -40 80 0 40
3 16 -20 0 40 -80 0 -20 -80 0 -40
1 16 -20 0 -20 0 0 -60 0 1 0 60 0 0 p/1-4chrd.dat
1 16 -20 0 -20 -60 0 0 0 1 0 0 0 60 p/48/1-4aring.dat
1 16 0 4 0 0 80 0 4 0 0 0 0 -40 p/box2-7.dat
1 16 40 4 0 1 0 0 0 -1 0 0 0 1 p/stug4-3x3.dat
1 16 -20 4 0 1 0 0 0 -1 0 0 0 1 p/stug4-3x3.dat
1 16 -60 4 -10 0 0 1 0 -1 0 -1 0 0 p/stug4-1x2.dat
