0 BFC CERTIFY CCW
1 16 0 0 0 -1 0 0 0 1 0 0 0 1 p/connhole.dat
1 16 0 -10 -10 -1 0 0 0 1 0 0 0 1 p/npeghol8.dat
1 16 0 10 -10 -1 0 0 0 -1 0 0 0 1 p/npeghol8.dat
1 16 0 10 0 0 0 -1 0 -1 0 -1 0 0 p/1-8ring9.dat
1 16 0 10 0 0 0 1 0 -1 0 -1 0 0 p/1-8ring9.dat
1 16 0 -10 0 0 0 -1 0 1 0 -1 0 0 p/1-8ring9.dat
1 16 0 -10 0 0 0 1 0 1 0 -1 0 0 p/1-8ring9.dat
1 16 9 0 -20 0 -1 0 -10 0 0 0 0 10 p/2-4ndis.dat
1 16 10 0 -20 0 -1 0 -10 0 0 0 0 10 p/2-4cylo.dat
1 16 10 0 -20 0 -1 0 1 0 0 0 0 1 p/2-4ring9.dat
1 16 9 0 -5 0 -1 0 0 0 -10 -5 0 0 p/rect2p.dat
4 16 9 10 -20 7.071 10 -20 7.071 10 -7.071 9 10 -10
3 16 7.071 10 -7.071 8.3151 10 -3.4443 9 10 -10
3 16 7.071 10 -7.071 6.3639 10 -6.3639 8.3151 10 -3.4443
3 16 8.3151 10 -3.4443 9 10 0 9 10 -10
4 16 7.071 -10 -7.071 7.071 -10 -20 9 -10 -20 9 -10 -10
3 16 8.3151 -10 -3.4443 7.071 -10 -7.071 9 -10 -10
3 16 6.3639 -10 -6.3639 7.071 -10 -7.071 8.3151 -10 -3.4443
3 16 9 -10 0 8.3151 -10 -3.4443 9 -10 -10
1 16 -9 0 -20 0 1 0 -10 0 0 0 0 10 p/2-4ndis.dat
1 16 -10 0 -20 0 1 0 -10 0 0 0 0 10 p/2-4cylo.dat
1 16 -10 0 -20 0 1 0 1 0 0 0 0 1 p/2-4ring9.dat
1 16 -9 0 -5 0 1 0 0 0 -10 -5 0 0 p/rect2p.dat
4 16 -7.071 10 -7.071 -7.071 10 -20 -9 10 -20 -9 10 -10
3 16 -8.3151 10 -3.4443 -7.071 10 -7.071 -9 10 -10
3 16 -6.3639 10 -6.3639 -7.071 10 -7.071 -8.3151 10 -3.4443
3 16 -9 10 0 -8.3151 10 -3.4443 -9 10 -10
4 16 -9 -10 -20 -7.071 -10 -20 -7.071 -10 -7.071 -9 -10 -10
3 16 -7.071 -10 -7.071 -8.3151 -10 -3.4443 -9 -10 -10
3 16 -7.071 -10 -7.071 -6.3639 -10 -6.3639 -8.3151 -10 -3.4443
3 16 -8.3151 -10 -3.4443 -9 -10 0 -9 -10 -10
1 16 0 -10 0 -9 0 0 0 20 0 0 0 9 p/2-4cylo.dat
