0 BFC CERTIFY CW
4 16 0 35 165 -45 35 165 -45 8 165 0 8 165
4 16 0 2 216 -70 2 216 -70 54 216 0 54 216
4 16 -45 35 -70 -45 35 165 0 35 165 0 35 -70
4 16 0 2 -216 0 54 -147 -20 54 -147 -20 2 -216
4 16 -20 2 -216 -20 54 -147 -57 54 -87 -57 2 -156
4 16 -57 2 -156 -57 54 -87 -76 54 -12 -76 2 -80
4 16 0 54 -147 0 54 -87 -57 54 -87 -20 54 -147
4 16 0 54 -87 0 54 -12 -76 54 -12 -57 54 -87
4 16 0 54 -12 0 54 210 -76 54 210 -76 54 -12
4 16 -70 54 216 -70 54 210 0 54 210 0 54 216
4 16 0 35 -70 0 0 -152 -37 0 -152 -45 35 -70
4 16 -19 0 -214 -30 0 -152 0 0 -152 0 0 -214
4 16 -55 0 -156 -39 0 -152 -30 0 -152 -19 0 -214
4 16 -74 0 -80 -53 0 -71 -38 0 -152 -55 0 -156
4 16 -45 8 -70 -45 8 165 -45 35 165 -45 35 -70
4 16 -76 54 -12 -76 54 210 -76 2 210 -76 2 -81
3 16 -45 8 -70 -45 35 -70 -34 8 -132
1 16 -70 2 210 0 0 -6 0 52 0 6 0 0 p/1-4cyli.dat
1 16 -70 54 210 -6 0 0 0 -52 0 0 0 6 p/1-4disc.dat
1 16 -70 54 210 0 0 -6 0 52 0 6 0 0 p/1-4edge.dat
1 16 -70 2 210 -4 0 0 0 -4 0 0 0 4 p/t04o5000.dat
1 16 -70 0 210 0 0 -4 0 2 0 4 0 0 p/1-4disc.dat
3 16 -53 0 173 -70 0 210 -70 0 214
3 16 -74 0 210 -70 0 210 -53 0 173
1 16 -74 2 210 -2 0 0 0 0 -2 0 -290 0 p/1-4cyli.dat
1 16 -74 2 -80 -2 19 0 0 0 -2 0 -76 0 p/1-4cyli.dat
1 16 -55 2 -156 -2 36 0 0 0 -2 0 -58 0 p/1-4cyli.dat
1 16 0 2 214 0 -70 0 0 0 -2 2 0 0 p/1-4cyli.dat
1 16 -20 2 -214 0 20 0 0 0 -2 -2 0 0 p/1-4cyli.dat
1 16 -53 8 173 0 0 8 -8 0 0 0 -243 0 p/1-4cyli.dat
1 16 -53 8 173 0 -243 8 -8 0 0 0 0 -8 p/1-4edge.dat
1 16 -53 8 -70 0 0 8 -8 0 0 0 -243 0 p/1-4edge.dat
1 16 -53 8 -70 0 15 8 -8 0 0 0 -82 0 p/1-4cyli.dat
1 16 0 8 173 0 -53 0 -8 0 0 0 0 -8 p/1-4cyli.dat
4 16 -53 0 173 -53 0 -71 -74 0 -80 -74 0 210
4 16 0 0 173 -53 0 173 -70 0 214 0 0 214
