0 BFC CERTIFY CCW
4 16 -60 8 -60 -56 8 -56 56 8 -56 60 8 -60
4 16 0 4 -9 9 4 -9 9 4 -11 0 4 -11
4 16 0 4 -9 0 4 -11 -9 4 -11 -9 4 -9
4 16 -11 4 -9 -9 4 -11 -9 4 -20 -20 4 -9
4 16 -20 4 -9 -9 4 -20 -9 4 -29 -29 4 -9
4 16 9 4 -29 56 4 -56 -56 4 -56 0 4 -29
3 16 -9 4 -29 0 4 -29 -56 4 -56
3 16 -9 4 -29 -56 4 -56 -29 4 -9
3 16 -9 4 -11 -11 4 -9 -9 4 -9
1 16 0 6 -20 0 0 2 0 1 0 -2 0 0 p/4-4ring3.dat
0 BFC INVERTNEXT
1 16 0 0 -20 0 0 8 0 6 0 -8 0 0 p/4-4cylo.dat
1 16 0 4 -20 0 0 9 0 20 0 -9 0 0 p/4-4cylo.dat
1 16 0 4 -20 0 0 9 0 -1 0 -9 0 0 p/4-4ndis.dat
1 16 0 14 -20 0 0 1 0 -1 0 -1 0 0 p/connhol3.dat
1 16 0 0 -20 0 0 8 0 1 0 8 0 0 p/4-4ndis.dat
4 16 0 23.5 -9 0 23.5 -11 -1.5 23.5 -11.2983 -1.5 23.5 -8.7017
1 16 -1.5 13.75 -10 0 1 0 0 0 -9.75 1.2983 0 0 p/rect.dat
4 16 1.5 23.5 -11.2983 0 23.5 -11 0 23.5 -9 1.5 23.5 -8.7017
1 16 1.5 13.75 -10 0 -1 0 0 0 -9.75 1.2983 0 0 p/rect.dat
3 16 -1.5 23.5 -28.7017 -1.5 4 -37 -1.5 4 -28.7017
3 16 -1.5 8 -37 -1.5 4 -37 -1.5 23.5 -28.7017
3 16 1.5 4 -28.7017 1.5 4 -37 1.5 23.5 -28.7017
4 16 -1.5 8 -37 0 22.9428 -29 1.5 23.5 -28.7017 1.5 8 -37
3 16 -1.5 23.5 -28.7017 0 22.9428 -29 -1.5 8 -37
3 16 1.5 4 -37 1.5 8 -37 1.5 23.5 -28.7017
1 16 0 6 -37 1.5 0 0 0 0 2 0 -1 0 p/recte3.dat
0 BFC INVERTNEXT
1 16 9.25 6 -28.5 0 0 7.75 2 0 0 0 -8.5 0 p/box2-7.dat
0 BFC INVERTNEXT
1 16 -9.25 6 -28.5 0 0 -7.75 2 0 0 0 -8.5 0 p/box2-7.dat
1 16 -20 4 -20 3 0 0 0 4 0 0 0 3 p/1-4cylo.dat
1 16 17 4 -37 3 0 0 0 4 0 0 0 -3 p/1-4cylo.dat
1 16 15.5 6 -40 0 0 -1.5 2 0 0 0 1 0 p/rect3.dat
1 16 -17 4 -37 -3 0 0 0 4 0 0 0 -3 p/1-4cylo.dat
1 16 -20 6 -30 0 1 0 -2 0 0 0 0 2 p/rect.dat
1 16 -10 6 -40 -2 0 0 0 0 2 0 1 0 p/rect.dat
1 16 0 6 -40 -6 0 0 0 0 2 0 1 0 p/rect.dat
1 16 10 6 -40 0 0 -2 -2 0 0 0 1 0 p/rect.dat
1 16 -30 6 -20 -2 0 0 0 0 2 0 1 0 p/rect.dat
0 BFC INVERTNEXT
1 16 -23 6 -23 0 0 3 2 0 0 0 3 0 p/box2-5.dat
1 16 20 6 -35.5 0 -1 0 2 0 0 0 0 1.5 p/rect3.dat
1 16 -20 6 -35.5 0 1 0 -2 0 0 0 0 1.5 p/rect3.dat
1 16 -15.5 6 -40 0 0 1.5 2 0 0 0 1 0 p/rect3.dat
3 16 8 8 -40 6 8 -40 1.5 8 -37
4 16 -1.5 8 -37 1.5 8 -37 6 8 -40 -6 8 -40
3 16 -20 8 -28 -20 8 -26 -17 8 -20
3 16 -20 8 -20 -17 8 -20 -20 8 -26
3 16 -17 8 -20 -20 8 -20 -20 8 -17
3 16 -20 8 -17 -20 8 -20 -26 8 -20
3 16 -20 8 -17 -26 8 -20 -28 8 -20
3 16 17 8 -37 14 8 -40 12 8 -40
4 16 17 8 -37 12 8 -40 8 8 -40 1.5 8 -37
3 16 20 8 -32 20 8 -34 17 8 -37
4 16 17 8 -40 17 8 -37 20 8 -34 20 8 -37
4 16 17 8 -20 20 8 -28 20 8 -32 17 8 -37
3 16 17 8 -37 17 8 -40 14 8 -40
4 16 -17 8 -37 -20 8 -32 -20 8 -28 -17 8 -20
3 16 -1.5 8 -37 -6 8 -40 -8 8 -40
3 16 -12 8 -40 -14 8 -40 -17 8 -37
4 16 -20 8 -37 -17 8 -37 -14 8 -40 -17 8 -40
4 16 -1.5 8 -37 -8 8 -40 -12 8 -40 -17 8 -37
3 16 -17 8 -37 -20 8 -37 -20 8 -34
3 16 -17 8 -37 -20 8 -34 -20 8 -32
1 16 -20 8 -20 3 0 0 0 -1 0 0 0 3 p/1-4chrd.dat
1 16 17 8 -37 0 0 3 0 -1 0 -3 0 0 p/1-4chrd.dat
1 16 -17 8 -37 -3 0 0 0 -1 0 0 0 -3 p/1-4chrd.dat
1 16 0 4 -40 1 0 0 0 -1 0 0 0 -1 p/2-4stud4.dat
1 16 -40 4 -40 1 0 0 0 -1 0 0 0 -1 p/stud4.dat
1 16 -20 4 -40 1 0 0 0 -1 0 0 0 -1 p/3-4stud4.dat
1 16 -20 4 -20 -1 0 0 0 -1 0 0 0 -1 p/1-4stud4.dat
1 16 20 4 -40 0 0 1 0 -1 0 1 0 0 p/3-4stud4.dat
4 16 0 0 -12 8 0 -12 8 0 -8 0 0 -8
4 16 -8 0 -12 0 0 -12 0 0 -8 -8 0 -8
4 16 -8 0 -20 -8 0 -12 -12 0 -8 -20 0 -8
4 16 -8 0 -20 -20 0 -8 -28 0 -8 -8 0 -28
3 16 -28 0 -8 -60 0 -60 -8 0 -28
4 16 60 0 -60 8 0 -28 0 0 -28 -60 0 -60
3 16 -60 0 -60 0 0 -28 -8 0 -28
3 16 -8 0 -12 -8 0 -8 -12 0 -8
