0 BFC CERTIFY CCW
0 BFC INVERTNEXT
1 16 0 96 0 36 0 0 0 -92 0 0 0 16 p/box5.dat
4 16 -40 96 -20 -40 96 20 -36 96 16 -36 96 -16
4 16 36 96 16 40 96 20 40 96 -20 36 96 -16
4 16 36 96 16 -36 96 16 -40 96 20 40 96 20
1 16 0 4 0 1 0 0 0 -22.75 0 0 0 1 p/stud4.dat
1 16 20 49.5 16 1.5 0 0 0 0 45.5 0 -4 0 p/box4-1.dat
1 16 -20 49.5 16 1.5 0 0 0 0 45.5 0 -4 0 p/box4-1.dat
1 16 20 49.5 -16 1.5 0 0 0 0 45.5 0 4 0 p/box4-1.dat
1 16 -20 49.5 -16 1.5 0 0 0 0 45.5 0 4 0 p/box4-1.dat
1 16 36 49.5 0 0 -4 0 0 0 45.5 -1.5 0 0 p/box4-1.dat
1 16 -36 49.5 0 0 4 0 0 0 45.5 -1.5 0 0 p/box4-1.dat
4 16 -40 96 -20 -36 96 -16 36 96 -16 40 96 -20
1 16 0 89.5 -12 0 0 1.5 -5.5 0 0 0 -1 0 p/rect.dat
1 16 0 95 -14 1.5 0 0 0 -1 0 0 0 -2 p/rect3.dat
4 16 -1.5 84 -12 -1.5 95 -12 -1.5 95 -16 -1.5 4 -16
4 16 1.5 95 -12 1.5 84 -12 1.5 4 -16 1.5 95 -16
4 16 1.5 84 -12 -1.5 84 -12 -1.5 84 -7.7017 0 84 -8
3 16 0 84 -8 1.5 84 -7.7017 1.5 84 -12
4 16 1.5 84 -12 1.5 84 -7.7017 1.5 4 -7.7017 1.5 4 -16
4 16 -1.5 4 -16 -1.5 4 -7.7017 -1.5 84 -7.7017 -1.5 84 -12
1 16 0 89.5 12 0 0 -1.5 -5.5 0 0 0 1 0 p/rect.dat
1 16 0 95 14 -1.5 0 0 0 -1 0 0 0 2 p/rect3.dat
4 16 1.5 84 12 1.5 95 12 1.5 95 16 1.5 4 16
4 16 -1.5 95 12 -1.5 84 12 -1.5 4 16 -1.5 95 16
4 16 -1.5 84 12 1.5 84 12 1.5 84 7.7017 0 84 8
3 16 0 84 8 -1.5 84 7.7017 -1.5 84 12
4 16 -1.5 84 12 -1.5 84 7.7017 -1.5 4 7.7017 -1.5 4 16
4 16 1.5 4 16 1.5 4 7.7017 1.5 84 7.7017 1.5 84 12
