0 BFC CERTIFY CCW
4 16 46 24 6 50 24 10 49.484 24 2.17 46 24 0
4 16 46 24 0 49.484 24 2.17 47.954 24 -5.528 45.5434 24 -2.2962
4 16 44.0904 24 -4.4928 45.5434 24 -2.2962 47.954 24 -5.528 45.434 24 -12.962
3 16 44.0904 24 -4.4928 45.434 24 -12.962 41.7384 24 -11.4312
4 16 40.6572 24 -13.6216 41.7384 24 -11.4312 45.434 24 -12.962 44.276 24 -15.309
4 16 33.43606 24 -25.21835 37.604 24 -26.528 32.426 24 -32.426 29.59798 24 -29.59798
4 16 50 24 10 46 24 6 14 24 6 10 24 10
4 16 14 24 -14 10 24 -10 10 24 10 14 24 6
4 16 35.65685 24 -24.34315 33.43606 24 -25.21835 32.29612 24 -24.45657 33.06148722 24 -22.60875979
4 16 37.604 24 -26.528 33.43606 24 -25.21835 35.65685 24 -24.34315 37.895 24 -26.092
1 16 -10 20 10 60 0 0 0 4 0 0 0 -60 p/48/1-16cylo.dat
1 16 44.855 22 -14.1355 0 -1 -.579 2 0 0 0 0 -1.1735 p/rect1.dat
1 16 37.7495 22 -26.31 0 -1 -.1455 2 0 0 0 0 -.218 p/rect1.dat
1 16 35.015 22 -29.477 0 -1 -2.589 2 0 0 0 0 -2.949 p/rect1.dat
1 16 42.4666 22 -14.4653 -1.8094 0 0 0 0 -2 .8437 1 0 p/rect.dat
1 16 41.1978 22 -12.5264 .5406 1 0 0 0 -2 1.0952 0 0 p/rect2p.dat
1 16 42.9144 22 -7.962 0 1 1.176 2 0 0 0 0 3.4692 p/rect3.dat
1 16 44.8169 22 -3.3945 .7265 1 0 0 0 -2 1.0983 0 0 p/rect2p.dat
1 16 45.7717 22 -1.1481 .2283 1 0 0 0 -2 1.1481 0 0 p/rect2p.dat
1 16 46 22 3 0 1 0 0 0 -2 3 0 0 p/rect2p.dat
1 16 34.35916 22 -23.475955 -1.29769 -1 0 0 0 -2 .867195 0 0 p/rect2p.dat
1 16 36.775925 22 -25.217575 0 -1 1.119075 -2 0 0 0 0 -.874425 p/rect3.dat
1 16 31.51702 22 -27.408165 0 1 1.91904 -2 0 0 0 0 2.189815 p/rect3.dat
1 16 32.86608 22 -24.837535 -.56998 1 0 0 0 2 .380815 0 0 p/rect2p.dat
3 16 46 20 6 46 20 0 45.5184 20 2.692
4 16 46 20 0 45.5434 20 -2.2962 44.0904 20 -4.4928 45.5184 20 2.692
4 16 40.6572 20 -13.6216 44.276 20 -15.309 41.96076 20 -20 36.764 20 -17
4 16 36.764 20 -17 41.96076 20 -20 37.895 20 -26.092 35.65685 20 -24.34315
4 16 45.5184 20 2.692 43.5356 20 2.953 43.7364 20 6 46 20 6
4 16 42.1586 20 -3.9752 43.5356 20 2.953 45.5184 20 2.692 44.0904 20 -4.4928
4 16 39.8906 20 -10.6658 42.1586 20 -3.9752 44.0904 20 -4.4928 41.7384 20 -11.4312
4 16 39.8906 20 -10.6658 41.7384 20 -11.4312 40.6572 20 -13.6216 36.764 20 -17
4 16 32.8436 20 -22.8752 36.764 20 -17 35.65685 20 -24.34315 34.42497 20 -24.0899
4 16 29.59798 20 -29.59798 28.1834 20 -28.1834 32.8436 20 -22.8752 34.42497 20 -24.0899
3 16 14 7.44302 .05888 14 10.14259 -14 14 24 -14
4 16 14 24 -14 14 24 6 14 7.19448 6 14 7.44302 .05888
4 16 46 24 6 46 20 6 43.7364 20 6 14 24 6
4 16 14 24 6 43.7364 20 6 39.20435 17.4 6 27.47435 11.61 6
3 16 14 24 6 27.47435 11.61 6 14 7.19448 6
1 16 30 18 -10 .92388 0 .38268 0 4 0 -.38268 0 .92388 p/stud4s.dat
1 16 30 18 -10 1 0 0 0 -1.5 0 0 0 1 p/stud4a.dat
0 BFC INVERTNEXT
1 16 30 20 -30 -4.24264 0 4.24264 0 4 0 4.24264 0 4.24264 p/3-16cyli.dat
1 16 30 20 -30 -5.65685 0 5.65685 0 4 0 5.65685 0 5.65685 p/3-16cyli.dat
1 16 30 24 -30 .76537 0 -1.84776 0 -1 0 1.84776 0 .76537 p/3-16rin3.dat
0 BFC INVERTNEXT
1 16 30 20 -30 5.54328 0 2.2961 0 -3 0 -2.2961 0 5.54328 p/3-16cys2.dat
1 16 30 20 -30 7.39104 0 3.06147 0 -4 0 -3.06147 0 7.39104 p/3-16cys2.dat
1 16 30 24 -30 2.2961 0 -5.54328 0 1 0 5.54328 0 2.2961 p/3-16edge.dat
1 16 30 24 -30 3.06147 0 -7.39104 0 1 0 7.39104 0 3.06147 p/3-16edge.dat
4 16 16.8181 23.5 -14.6967 14 23.5 -11.8787 14 9.7353 -11.8787 16.8181 11.0862 -14.6967
3 16 14 23.5 -11.8787 16.8181 23.5 -14.6967 14 23.5 -14
3 16 16.8181 11.0862 -14.6967 15.7574 10.9851 -15.7574 16.8181 23.5 -14.6967
4 16 25.3553 17.4 -25.3553 17.061 11.61 -17.061 25.3569 11.61 -4.6453 36.194 17.4 -9.1342
4 16 36.194 17.4 -9.1342 25.3569 11.61 -4.6453 27.4744 11.61 6 39.2044 17.4 6
3 16 14 7.443 .0589 14 7.1945 6 27.4744 11.61 6
3 16 27.4744 11.61 6 25.3569 11.61 -4.6453 14 7.443 .0589
3 16 28.1834 20 -28.1834 25.3553 17.4 -25.3553 32.8436 20 -22.8752
3 16 36.194 17.4 -9.1342 39.8906 20 -10.6658 36.764 20 -17
3 16 39.8906 20 -10.6658 36.194 17.4 -9.1342 42.1586 20 -3.9752
3 16 39.2044 17.4 6 43.7364 20 6 43.5356 20 2.953
4 16 39.2044 17.4 6 43.5356 20 2.953 42.1586 20 -3.9752 36.194 17.4 -9.1342
4 16 36.194 17.4 -9.1342 36.764 20 -17 32.8436 20 -22.8752 25.3553 17.4 -25.3553
4 16 25.3569 11.61 -4.6453 17.061 11.61 -17.061 14 10.1426 -14 14 7.443 .0589
4 16 10 16 6 9.999 16 10 10 24 10 10 24 -10
4 16 10 6.40283 6 10 16 6 10 24 -10 10 8.22501 -10
4 16 10 16 6 -6 16 6 -10 16 10 9.999 16 10
4 16 10 6.40283 6 -6 4.37279 6 -6 16 6 10 16 6
3 16 10 6.40283 6 10 8.22501 -10 -6 4.37279 6
4 16 40 13.4 10 50 20 10 50 24 10 10 24 10
4 16 28.27 7.61 10 40 13.4 10 10 24 10 9.999 16 10
4 16 3.05 .86 10 15.88 3.41 10 28.27 7.61 10 9.999 16 10
4 16 9.999 16 10 -10 16 10 -10 0 10 3.05 .86 10
4 16 20.3616 7.61 -13.2973 17.061 7.61 -17.061 25.3553 13.4 -25.3553 29.6677 13.4 -20.4381
4 16 29.6677 13.4 -20.4381 25.3553 13.4 -25.3553 32.426 20 -32.426 37.604 20 -26.528
4 16 10.532 3.41 -5.7548 8.2999 3.41 -8.2999 17.061 7.61 -17.061 20.3616 7.61 -13.2973
4 16 .3533 .86 2.0557 -.7723 .86 .7723 8.2999 3.41 -8.2999 10.532 3.41 -5.7548
3 16 -10 0 10 -.7723 .86 .7723 .3533 .86 2.0557
4 16 23.1428 7.61 -9.135 20.3616 7.61 -13.2973 29.6677 13.4 -20.4381 33.3013 13.4 -15
4 16 33.3013 13.4 -15 29.6677 13.4 -20.4381 37.604 20 -26.528 41.9608 20 -20
4 16 12.4127 3.41 -2.94 10.532 3.41 -5.7548 20.3616 7.61 -13.2973 23.1428 7.61 -9.135
4 16 1.3016 .86 3.475 .3533 .86 2.0557 10.532 3.41 -5.7548 12.4127 3.41 -2.94
3 16 -10 0 10 .3533 .86 2.0557 1.3016 .86 3.475
4 16 25.3569 7.61 -4.6453 23.1428 7.61 -9.135 33.3013 13.4 -15 36.194 13.4 -9.1342
4 16 36.194 13.4 -9.1342 33.3013 13.4 -15 41.9608 20 -20 45.434 20 -12.962
4 16 13.91 3.41 .0961 12.4127 3.41 -2.94 23.1428 7.61 -9.135 25.3569 7.61 -4.6453
4 16 2.0566 .86 5.006 1.3016 .86 3.475 12.4127 3.41 -2.94 13.91 3.41 .0961
3 16 -10 0 10 1.3016 .86 3.475 2.0566 .86 5.006
4 16 26.966 7.61 .095 25.3569 7.61 -4.6453 36.194 13.4 -9.1342 38.2963 13.4 -2.941
4 16 38.2963 13.4 -2.941 36.194 13.4 -9.1342 45.434 20 -12.962 47.954 20 -5.528
4 16 14.9982 3.41 3.3018 13.91 3.41 .0961 25.3569 7.61 -4.6453 26.966 7.61 .095
4 16 2.6053 .86 6.6224 2.0566 .86 5.006 13.91 3.41 .0961 14.9982 3.41 3.3018
3 16 -10 0 10 2.0566 .86 5.006 2.6053 .86 6.6224
4 16 27.9426 7.61 5.0048 26.966 7.61 .095 38.2963 13.4 -2.941 39.5722 13.4 3.4737
4 16 39.5722 13.4 3.4737 38.2963 13.4 -2.941 47.954 20 -5.528 49.484 20 2.17
4 16 15.6586 3.41 6.622 14.9982 3.41 3.3018 26.966 7.61 .095 27.9426 7.61 5.0048
4 16 2.9384 .86 8.2966 2.6053 .86 6.6224 14.9982 3.41 3.3018 15.6586 3.41 6.622
3 16 -10 0 10 2.6053 .86 6.6224 2.9384 .86 8.2966
4 16 28.27 7.61 10 27.9426 7.61 5.0048 39.5722 13.4 3.4737 40 13.4 10
4 16 40 13.4 10 39.5722 13.4 3.4737 49.484 20 2.17 50 20 10
4 16 15.88 3.41 10 15.6586 3.41 6.622 27.9426 7.61 5.0048 28.27 7.61 10
4 16 3.05 .86 10 2.9384 .86 8.2966 15.6586 3.41 6.622 15.88 3.41 10
3 16 2.9384 .86 8.2966 3.05 .86 10 -10 0 10
