0 BFC CERTIFY CCW
0 BFC INVERTNEXT
1 16 0 20 0 -60 0 0 0 4 0 0 0 60 48\1-16cyli.dat
1 16 0 24 0 -60 0 0 0 1 0 0 0 60 48\1-16edge.dat
1 16 0 24 0 -60 0 0 0 -1 0 0 0 60 48\1-16tang.dat
4 16 -63.7364 24 4 -63.4496 24 8.352 -60 24 11.934 -60 24 0
4 16 -60 24 11.934 -63.4496 24 8.352 -61.8176 24 16.5632 -55.434 24 22.962
4 16 -55.434 24 22.962 -61.8176 24 16.5632 -59.1296 24 24.4928 -57.833 24 27.1196
3 16 -55.434 24 22.962 -57.833 24 27.1196 -54.3989 24 25.0591
4 16 -54.3989 20 25.0591 -55.434 20 22.962 -55.434 24 22.962 -54.3989 24 25.0591
1 16 -56.11595 22 26.08935 0 -1 1.71705 -2 0 0 0 0 -1.03025 rect.dat
4 16 -54.3989 20 25.0591 -57.833 20 27.1196 -55.424 20 32 -51.96 20 30
4 16 -55.424 20 32 -51.2143 20 38.3088 -47.7876 20 36.2528 -51.96 20 30
4 16 -47.604 24 36.528 -42.426 24 42.426 -42.426 20 42.426 -47.604 20 36.528
4 16 -47.7876 20 36.2528 -47.7876 24 36.2528 -47.604 24 36.528 -47.604 20 36.528
4 16 -47.7876 24 36.2528 -51.2143 24 38.3088 -50.7776 24 38.9632 -47.604 24 36.528
4 16 -47.604 24 36.528 -50.7776 24 38.9632 -45.2544 24 45.2544 -42.426 24 42.426
1 16 -49.50095 22 37.2808 -1.71335 1 0 0 0 2 1.028 0 0 rect.dat
4 16 -100 24 0 -96 24 4 -63.7364 24 4 -60 24 0
1 16 -80 22 0 -20 0 0 0 0 2 0 1 0 rect3.dat
1 16 0 24 0 -100 0 0 0 -1 0 0 0 100 48\1-24chrd.dat
4 16 -95.5434 24 12.2962 -96.59 24 25.88 -92.8732 24 24.1061 -95.0838 24 12.9839
4 16 -96 24 10 -100 24 0 -96.59 24 25.88 -95.5434 24 12.2962
3 16 -96 24 10 -96 24 4 -100 24 0
1 16 0 20 0 -100 0 0 0 4 0 0 0 100 48\1-24cylo.dat
1 16 -95.3136 22 12.64005 0 -1 .2298 2 0 0 0 0 .34385 rect3.dat
1 16 -93.9785 22 18.545 1.1053 -1 0 0 0 -2 5.5611 0 0 rect2p.dat
1 16 -94.7316 22 24.99305 0 -1 1.8584 -2 0 0 0 0 -.88695 rect.dat
1 16 -95.7717 22 11.1481 -.2283 -1 0 0 0 2 -1.1481 0 0 rect2p.dat
1 16 -96 22 7 0 -1 0 -2 0 0 0 0 -3 rect3.dat
4 16 -92.5794 20 37.7114 -88.7927 20 36.4492 -92.7264 20 24.8448 -96.59 20 25.88
3 16 -92.8732 20 24.1061 -96.59 20 25.88 -92.7264 20 24.8448
4 16 -88.7927 24 36.4492 -92.5794 24 37.7114 -92.39 24 38.27 -88.6944 24 36.7392
4 16 -87.7372 24 38.6784 -88.6944 24 36.7392 -92.39 24 38.27 -90.2121 24 42.6821
3 16 -90.2121 24 42.6821 -87.7398 24 41.3086 -87.7372 24 38.6784
1 16 -92.4847 22 37.9907 .0947 1 0 0 0 2 .2793 0 0 rect2p.dat
1 16 -91.30105 22 40.47605 1.08895 1 0 0 0 2 2.20605 0 0 rect2p.dat
1 16 -88.97595 22 41.99535 0 -1 -1.23615 2 0 0 0 0 .68675 rect.dat
1 16 -90.68605 22 37.0803 1.89335 1 0 0 0 -2 -.6311 0 0 rect.dat
1 16 -88.74355 22 36.5942 -.04915 -1 0 0 0 2 -.145 0 0 rect2p.dat
1 16 -88.2158 22 37.7088 0 -1 .4786 2 0 0 0 0 .9696 rect3.dat
3 16 -87.391 20 43.0614 -87.7398 20 41.3086 -90.2121 20 42.6821
4 16 -86.6 20 50 -83.8997 20 54.0467 -80.3989 20 52.1018 -83.136 20 48
4 16 -83.136 20 48 -83.6212 20 47.017 -85.657 20 45.657 -86.6 20 50
4 16 -86.6 20 50 -85.657 20 45.657 -87.391 20 43.0614 -90.2121 20 42.6821
4 16 -76.1664 24 58.4448 -80.3989 24 52.1018 -83.8997 24 54.0467 -79.34 24 60.88
4 16 -72.179 24 62.9867 -76.1664 24 58.4448 -79.34 24 60.88 -75.0074 24 65.8151
1 16 -74.1727 22 60.71575 0 -1 1.9937 2 0 0 0 0 2.27095 rect3.dat
1 16 -77.1737 22 63.34755 0 1 2.1663 -2 0 0 0 0 2.46755 rect3.dat
1 16 -81.61985 22 57.46335 0 1 -2.27985 2 0 0 0 0 -3.41665 rect3.dat
1 16 -82.1493 22 53.07425 0 1 1.7504 2 0 0 0 0 -.97245 rect3.dat
1 16 -73.5932 22 64.4009 1.4142 -1 0 0 0 2 -1.4142 0 0 rect2p.dat
1 16 -78.28265 22 55.2733 2.11625 -1 0 0 0 -2 3.1715 0 0 rect2p.dat
4 16 -75.0074 20 65.8151 -70.71 20 70.71 -67.8816 20 67.8816 -72.179 20 62.9867
1 16 -60 4 40 1 0 0 0 -5 0 0 0 1 stud4.dat
1 16 -80 24 40 0 0 -8 0 -1 0 -8 0 0 3-16edge.dat
1 16 -80 24 40 0 0 8 0 -1 0 -8 0 0 11-16edge.dat
1 16 -80 24 40 0 0 -2 0 -1 0 -2 0 0 3-16rin3.dat
1 16 -80 24 40 0 0 2 0 -1 0 -2 0 0 2-4ring3.dat
1 16 -80 24 40 0 0 -2 0 -1 0 2 0 0 3-16rin3.dat
1 16 -80 24 40 0 0 -6 0 1 0 -6 0 0 4-4edge.dat
1 16 -80 24 40 -5.54328 0 -2.2961 0 -1 0 2.2961 0 -5.54328 1-8tang.dat
4 16 -86.0003 24 38.8064 -85.5432 24 37.7039 -87.3909 24 36.9385 -87.7372 24 38.6784
4 16 -86.0002 24 40 -86.0003 24 38.8064 -87.7372 24 38.6784 -87.7398 24 41.3086
3 16 -85.5433 24 42.2961 -86 24 41.1935 -87.391 24 43.0614
4 16 -86 24 41.1935 -86.0002 24 40 -87.7398 24 41.3086 -87.391 24 43.0614
0 BFC INVERTNEXT
1 16 -80 24 40 0 0 -6 0 -4.6 0 -6 0 0 4-4cyli.dat
0 BFC INVERTNEXT
1 16 -80 19.4 40 -5.54328 0 2.2961 0 -6.3 0 2.2961 0 5.54328 2-4cyls.dat
0 BFC INVERTNEXT
1 16 -80 19.4 40 -5.54328 0 -2.2961 0 -6.3 0 2.2961 0 -5.54328 2-4cyls.dat
1 16 -80 24 40 0 0 -8 0 -4 0 -8 0 0 3-16cyli.dat
1 16 -80 24 40 0 0 8 0 -4 0 -8 0 0 11-16cyli.dat
4 16 -87.3909 20 36.9385 -87.7372 20 38.6784 -87.7372 24 38.6784 -87.3909 24 36.9385
1 16 -87.5654 22 42.185 -.1744 1 0 0 0 -2 -.8764 0 0 rect2p.dat
1 16 -80 20 40 -7.39104 0 3.06147 0 -7.2 0 3.06147 0 7.39104 2-4cyls.dat
1 16 -80 20 40 -7.39104 0 -3.06147 0 -7.2 0 3.06147 0 -7.39104 2-4cyls.dat
1 16 -80 13 20 0 0 1 0 -2.75 0 -1 0 0 stud4a.dat
0 BFC INVERTNEXT
1 16 -80 11 20 -5.54328 0 2.2961 0 -5 0 2.2961 0 5.54328 1-4cyls.dat
0 BFC INVERTNEXT
1 16 -80 11 20 -6 0 0 0 -6 0 0 0 -6 1-4cyls.dat
0 BFC INVERTNEXT
1 16 -80 13 20 0 0 6 0 -2 0 -6 0 0 4-4cyli.dat
0 BFC INVERTNEXT
1 16 -80 11 20 0 0 6 0 -7 0 -6 0 0 7-16cyli.dat
1 16 -80 13 20 -5.65686 0 -5.65686 0 -9.5 0 -5.65686 0 5.65686 1-4cyls2.dat
1 16 -80 13 20 -3.06147 0 -7.39104 0 -9.5 0 7.39104 0 -3.06147 1-4cyls2.dat
1 16 -80 13 20 3.06147 0 7.39104 0 -9 0 -7.39104 0 3.06147 5-16cyli.dat
0 BFC INVERTNEXT
1 16 -60 14 60 -4.24264 0 -4.24264 0 -5.5 0 4.24264 0 -4.24264 2-4cyls.dat
1 16 -60 16 60 -5.65685 0 -5.65685 0 -7.2 0 5.65685 0 -5.65685 3-8cyls.dat
1 16 -64 13.75 10 0 1 0 0 0 -9.75 -1.5 0 0 rect.dat
1 16 -63.41195 13.75 11.5 0 0 .58805 -9.75 0 0 0 -1 0 rect3.dat
1 16 -63.7101 13.75 8.5 0 0 .2899 9.75 0 0 0 1 0 rect3.dat
4 16 -64 23.5 8.5 -64 23.5 11.5 -62.8239 23.5 11.5 -63.4202 23.5 8.5
1 16 -65.7574 13.75 25.7574 0 1 -1.0607 9.75 0 0 0 0 -1.0607 rect3.dat
1 16 -62.3235 13.75 24.4449 0 -1 -2.3732 9.75 0 0 0 0 2.3732 rect.dat
1 16 -63.92125 13.75 21.79985 0 1 2.89685 9.75 0 0 0 0 -2.89685 rect3.dat
4 16 -61.0244 23.5 18.903 -66.8181 23.5 24.6967 -64.6967 23.5 26.8181 -59.9503 23.5 22.0717
4 16 -63.4496 24 8.352 -63.7364 24 4 -63.7364 4 4 -63.4496 4 8.352
4 16 -59.1296 4 24.4928 -59.1296 24 24.4928 -61.8176 24 16.5632 -61.8176 4 16.5632
4 16 -61.8176 4 16.5632 -61.8176 24 16.5632 -63.4496 24 8.352 -63.4496 4 8.352
4 16 -57.833 20 27.1196 -57.833 24 27.1196 -59.1296 24 24.4928 -59.1296 4 24.4928
4 16 -57.833 20 27.1196 -59.1296 4 24.4928 -55.424 4 32 -55.424 20 32
4 16 -55.424 20 32 -55.424 4 32 -50.7776 4 38.9632 -51.2143 20 38.3088
4 16 -51.2143 24 38.3088 -51.2143 20 38.3088 -50.7776 4 38.9632 -50.7776 24 38.9632
4 16 -45.2544 4 45.2544 -45.2544 24 45.2544 -50.7776 24 38.9632 -50.7776 4 38.9632
4 16 -63.7364 4 4 -63.7364 24 4 -96 24 4 -96 20 4
3 16 -79.4892 4 4 -63.7364 4 4 -96 20 4
4 16 -79.4892 4 4 -79.0642 4 10.4074 -63.4496 4 8.352 -63.7364 4 4
4 16 -63.4496 4 8.352 -79.0642 4 10.4074 -77.0305 4 20.6393 -61.8176 4 16.5632
4 16 -59.1296 4 24.4928 -61.8176 4 16.5632 -77.0305 4 20.6393 -73.681 4 30.5203
4 16 -59.1296 4 24.4928 -73.681 4 30.5203 -69.0635 4 39.875 -55.424 4 32
4 16 -55.424 4 32 -69.0635 4 39.875 -63.2737 4 48.5518 -50.7776 4 38.9632
4 16 -50.7776 4 38.9632 -63.2737 4 48.5518 -56.3912 4 56.3912 -45.2544 4 45.2544
3 16 -95.0838 20 12.9839 -79.0642 4 10.4074 -79.4892 4 4
3 16 -79.4892 4 4 -96 20 4 -95.0838 20 12.9839
4 16 -79.0642 4 10.4074 -95.0838 20 12.9839 -92.8732 20 24.1061 -77.0305 4 20.6393
3 16 -92.8732 20 24.1061 -92.7264 20 24.8448 -77.0305 4 20.6393
4 16 -77.0305 4 20.6393 -92.7264 20 24.8448 -88.6944 20 36.7392 -73.681 4 30.5203
4 16 -69.0635 4 39.875 -73.681 4 30.5203 -88.6944 20 36.7392 -83.136 20 48
4 16 -83.136 20 48 -80.3989 20 52.1018 -63.2737 4 48.5518 -69.0635 4 39.875
3 16 -80.3989 20 52.1018 -76.1664 20 58.4448 -63.2737 4 48.5518
4 16 -67.8816 20 67.8816 -56.3912 4 56.3912 -63.2737 4 48.5518 -72.179 20 62.9867
3 16 -76.1664 20 58.4448 -72.179 20 62.9867 -63.2737 4 48.5518
4 16 -96 20 10 -95.5434 20 12.2962 -95.0838 20 12.9839 -96 20 4
4 16 -60 0 0 -80 0 0 -100 20 0 -60 20 0
