0 BFC CERTIFY CCW
4 16 60 16 20 56 16 16 21.6569 16 16 20 16 20
4 16 60 16 -20 56 16 -16 56 16 16 60 16 20
4 16 20 16 -20 21.6569 16 -16 56 16 -16 60 16 -20
4 16 21.6569 16 -16 20 16 -20 16 16 -16 20 16 -14.3431
4 16 20 16 14.3431 14.2426 16 14.2426 20 16 20 21.6569 16 16
1 16 20 10 0 0 -1 0 0 0 6 -14.3431 0 0 p/rect.dat
1 16 20.82845 10 15.17155 0 -1 .82845 6 0 0 0 0 .82845 p/rect3.dat
1 16 20.82845 10 -15.17155 0 -1 .82845 -6 0 0 0 0 -.82845 p/rect3.dat
4 16 21.6569 4 -16 36 4 -16 36 12 -16 21.6569 16 -16
4 16 36 4 16 21.6569 4 16 21.6569 16 16 36 12 16
4 16 36 12 -16 56 12 -16 56 16 -16 21.6569 16 -16
4 16 56 12 16 36 12 16 21.6569 16 16 56 16 16
0 BFC INVERTNEXT
1 16 46 14 0 0 0 10 0 -2 0 -16 0 0 p/box2-5.dat
0 BFC INVERTNEXT
1 16 28.82845 8 0 0 0 7.1716 0 -4 0 -16 0 0 p/box2-7.dat
4 16 21.6569 4 -16 20 4 -14.3431 20 4 14.3431 21.6569 4 16
1 16 22 4 10 0 0 2 0 11.5 0 -2 0 0 p/box4-1.dat
1 16 22 4 -10 0 0 2 0 11.5 0 -2 0 0 p/box4-1.dat
1 16 50 12 0 0 0 10 0 -4 0 -20 0 0 p/box2-5.dat
1 16 30 4 0 0 0 10 0 -4 0 -20 0 0 p/box2-7.dat
4 16 40 8 -20 40 0 -20 20 0 -20 20 16 -20
4 16 60 8 -20 40 8 -20 20 16 -20 60 16 -20
4 16 40 8 20 60 8 20 60 16 20 20 16 20
4 16 20 0 20 40 0 20 40 8 20 20 16 20
1 16 40 12 0 -8 0 0 0 -8 0 0 0 8 p/3-16cyli.dat
1 16 40 12 0 -8 0 0 0 -8 0 0 0 -8 p/3-16cyli.dat
1 16 40 4 0 -8 0 0 0 -1 0 0 0 8 p/3-16edge.dat
1 16 40 4 0 -8 0 0 0 -1 0 0 0 -8 p/3-16edge.dat
0 BFC INVERTNEXT
1 16 40 12 0 -6 0 0 0 -8 0 0 0 6 p/3-16cyli.dat
0 BFC INVERTNEXT
1 16 40 12 0 -6 0 0 0 -8 0 0 0 -6 p/3-16cyli.dat
1 16 40 4 0 -6 0 0 0 -1 0 0 0 6 p/3-16edge.dat
1 16 40 4 0 -6 0 0 0 -1 0 0 0 -6 p/3-16edge.dat
1 16 40 12 0 0 0 1 0 -1 0 -1 0 0 p/stud4a.dat
1 16 40 12 0 8 0 0 0 -1 0 0 0 8 p/5-16edge.dat
1 16 40 12 0 8 0 0 0 -1 0 0 0 -8 p/5-16edge.dat
1 16 40 12 0 6 0 0 0 -1 0 0 0 6 p/5-16edge.dat
1 16 40 12 0 6 0 0 0 -1 0 0 0 -6 p/5-16edge.dat
4 16 16 16 -10 16 16 0 20 16 14.3431 20 16 -14.3431
3 16 16 16 -10 20 16 -14.3431 16 16 -16
3 16 14.7824 16 -6.1232 16 16 0 15.5434 16 -7.7038
3 16 15.5434 16 -7.7038 16 16 0 16 16 -10
3 16 14.7824 16 6.1232 14.6347 16 6.3442 15.5434 16 7.7038
3 16 15.5434 16 12.2962 14.2426 16 14.2426 20 16 14.3431
3 16 15.5434 16 12.2962 20 16 14.3431 16 16 10
4 16 16 16 10 20 16 14.3431 16 16 0 15.5434 16 7.7038
3 16 15.5434 16 7.7038 16 16 0 14.7824 16 6.1232
3 16 14.7824 16 -6.1232 15.5434 16 -7.7038 14.6347 16 -6.3442
1 16 15.08905 14 7.024 0 1 -.45435 2 0 0 0 0 -.6798 p/rect3.dat
1 16 15.7717 14 8.8519 .2283 1 0 0 0 2 1.1481 0 0 p/rect2p.dat
1 16 15.7717 14 11.1481 .2283 1 0 0 0 -2 -1.1481 0 0 p/rect2p.dat
1 16 14.893 14 13.2694 0 1 -.6504 -2 0 0 0 0 .9732 p/rect3.dat
4 16 14.7824 12 6.1232 14.6347 12 6.3442 14.6347 16 6.3442 14.7824 16 6.1232
4 16 16 12 0 14.7824 12 6.1232 14.7824 16 6.1232 16 16 0
4 16 14.7824 12 -6.1232 16 12 0 16 16 0 14.7824 16 -6.1232
4 16 14.6347 16 -6.3442 14.6347 12 -6.3442 14.7824 12 -6.1232 14.7824 16 -6.1232
1 16 16 14 -13 0 1 0 2 0 0 0 0 -3 p/rect3.dat
1 16 15.08905 14 -7.024 0 1 -.45435 -2 0 0 0 0 .6798 p/rect3.dat
1 16 15.7717 14 -8.8519 -.2283 1 0 0 0 2 1.1481 0 0 p/rect2p.dat
4 16 11.3136 12 11.3136 14.142 12 14.142 15.5434 12 7.7038 14.6347 12 6.3442
3 16 14.142 12 14.142 14.2426 12 14.2426 15.5434 12 12.2962
4 16 15.5434 12 12.2962 16 12 10 15.5434 12 7.7038 14.142 12 14.142
4 16 16 12 -16 14.142 12 -14.142 15.5434 12 -7.7038 16 12 -10
4 16 14.142 12 -14.142 11.3136 12 -11.3136 14.6347 12 -6.3442 15.5434 12 -7.7038
4 16 7.7038 12 -15.5434 6.3442 12 -14.6347 11.3136 12 -11.3136 10 12 -16
3 16 10.898 12 -16.31 10.7654 12 -15.8478 14.142 12 -14.142
4 16 14.142 12 -14.142 10.7654 12 -15.8478 10 12 -16 11.3136 12 -11.3136
1 16 7.024 14 -15.08905 0 -1 -.6798 2 0 0 0 0 .45435 p/rect3.dat
1 16 10.3827 14 -15.9239 .3827 1 0 0 0 2 .0761 0 0 p/rect2p.dat
1 16 10.8317 14 -16.0789 .0663 -1 0 0 0 2 -.2311 0 0 p/rect.dat
1 16 8.8519 14 -15.7717 -1.1481 -1 0 0 0 -2 .2283 0 0 p/rect2p.dat
3 16 10 16 -16 10.7654 16 -15.8478 10.898 16 -16.31
4 16 7.7038 16 -15.5434 10 16 -16 10.898 16 -16.31 7.6537 16 -18.4776
4 16 6.12292 16 -14.78208 6.1232 12 -14.7824 6.3442 12 -14.6347 6.3442 16 -14.6347
4 16 6.12292 16 -14.78208 6.3442 16 -14.6347 7.7038 16 -15.5434 7.6537 16 -18.4776
4 16 10.898 16 -16.31 10.898 12 -16.31 7.654 12 -18.478 7.6537 16 -18.4776
4 16 14.2426 12 14.2426 20 0 20 20 16 20 14.2426 16 14.2426
4 16 20 0 20 14.2426 12 14.2426 14.142 12 14.142 14.142 0 14.142
4 16 16 12 -16 16 16 -16 20 16 -20 20 0 -20
4 16 16 12 -16 20 0 -20 14.142 0 -14.142 14.142 12 -14.142
4 16 20 0 20 14.142 0 14.142 14.142 0 -14.142 20 0 -20
1 16 12 4 0 4 0 0 0 8 0 0 0 2 p/box3u8p.dat
1 16 8 4 0 -2 0 0 0 8 0 0 0 2 p/boxjcyl4.dat
