0 BFC CERTIFY CCW
1 16 0 44 0 1 0 0 0 -1 0 0 0 1 p/stud3.dat
0 BFC INVERTNEXT
1 16 0 48 0 16 0 0 0 -4 0 0 0 6 p/box5.dat
4 16 20 48 10 16 48 6 -16 48 6 -20 48 10
4 16 -20 48 10 -16 48 6 -16 48 -6 -20 48 -10
4 16 -20 48 -10 -16 48 -6 16 48 -6 20 48 -10
4 16 20 48 -10 16 48 -6 16 48 6 20 48 10
4 16 -20 48 10 -20 48 -10 -20 40 -10 -20 40 2
4 16 20 48 -10 20 48 10 20 40 2 20 40 -10
1 16 0 44 -10 20 0 0 0 0 -4 0 1 0 p/rect.dat
0 BFC INVERTNEXT
1 16 0 22 4 -16 0 0 0 0 18 0 2 0 p/box2-7.dat
3 16 -20 40 -10 -16 40 2 -20 40 2
3 16 20 40 2 16 40 2 20 40 -10
4 16 -20 40 -10 20 40 -10 16 40 2 -16 40 2
4 16 -16 40 2 -16 40 6 -16 4 6 -16 6 2
4 16 16 6 2 16 4 6 16 40 6 16 40 2
1 16 -18 23 2 -2 0 0 0 0 17 0 1 0 p/rect3.dat
1 16 18 23 2 -2 0 0 0 0 17 0 1 0 p/rect3.dat
4 16 -20 48 10 -20 40 2 -20 6 2 -20 0 10
4 16 20 40 2 20 48 10 20 0 10 20 6 2
0 BFC INVERTNEXT
1 16 -20 6 0 0 4 0 -2 0 0 0 0 2 p/1-4cylo.dat
1 16 -20 6 0 0 1 0 -2 0 0 0 0 2 p/1-4ndis.dat
1 16 -16 6 0 0 -1 0 0 0 -2 2 0 0 p/1-4ndis.dat
0 BFC INVERTNEXT
1 16 16 6 0 0 4 0 -2 0 0 0 0 2 p/1-4cylo.dat
1 16 16 6 0 0 1 0 -2 0 0 0 0 2 p/1-4ndis.dat
1 16 20 6 0 0 -1 0 0 0 -2 2 0 0 p/1-4ndis.dat
3 16 -20 6 2 -20 4 2 -20 0 10
3 16 -20 0 10 -20 4 2 -20 4 0
3 16 -16 4 6 -16 4 2 -16 6 2
3 16 16 6 2 16 4 2 16 4 6
3 16 20 0 10 20 4 2 20 6 2
3 16 20 4 0 20 4 2 20 0 10
1 16 0 4 3 -16 0 0 0 -1 0 0 0 3 p/rect3.dat
1 16 -18 0 -8 0 0 -2 0 4 0 -2 0 0 p/1-4cylc.dat
1 16 -18 4 -8 0 0 -2 0 -1 0 -2 0 0 p/1-4disc.dat
1 16 18 0 -8 2 0 0 0 4 0 0 0 -2 p/1-4cylc.dat
1 16 18 4 -8 2 0 0 0 -1 0 0 0 -2 p/1-4disc.dat
4 16 -20 4 0 -16 4 0 -18 4 -8 -20 4 -8
4 16 20 4 -8 18 4 -8 16 4 0 20 4 0
4 16 16 4 0 18 4 -8 -18 4 -8 -16 4 0
1 16 0 4 -9 0 0 -18 0 -1 0 -1 0 0 p/rect1.dat
4 16 -20 4 0 -20 4 -8 -20 0 -8 -20 0 10
4 16 20 4 -8 20 4 0 20 0 10 20 0 -8
1 16 0 2 -10 0 0 -18 -2 0 0 0 1 0 p/rect1.dat
4 16 18 0 -8 20 0 10 -20 0 10 -18 0 -8
4 16 18 0 -10 18 0 -8 -18 0 -8 -18 0 -10
3 16 -20 0 10 -20 0 -8 -18 0 -8
3 16 20 0 10 18 0 -8 20 0 -8
