0 BFC CERTIFY CCW
4 16 2.222 3.375 16.669 -2.222 3.375 16.669 -2.222 1.5 16.5948 2.222 1.5 16.5948
1 16 2.222 15.225 17.1379 0 -4.444 0 .85 0 0 .033635 0 .75 p/8/2-4cyli.dat
1 16 2.222 12.475 17.0291 0 -4.444 0 .85 0 0 .033635 0 .75 p/8/2-4cyli.dat
1 16 2.222 9.725 16.9203 0 -4.444 0 .85 0 0 .033635 0 .75 p/8/2-4cyli.dat
1 16 2.222 6.975 16.8114 0 -4.444 0 .85 0 0 .033635 0 .75 p/8/2-4cyli.dat
1 16 2.222 4.225 16.7026 0 -4.444 0 .85 0 0 .033635 0 .75 p/8/2-4cyli.dat
4 16 -2.222 17.3 17.22 -2.222 3.375 16.669 2.222 3.375 16.669 2.222 17.3 17.22
3 16 -2.222 17.3 17.22 2.222 17.3 17.22 0 17.3 13
3 16 -2.222 1.5 16.5948 0 1.5 16 2.222 1.5 16.5948
