0 BFC CERTIFY CCW
1 16 -1.4 -5 0 0 0 2.2 0 6.67 0 2.2 0 0 p/3-8con7.dat
1 16 -1.4 1.67 0 0 0 1.1 0 3.33 0 1.1 0 0 p/1-4con13.dat
1 16 -1.4 1.67 0 1.1 0 0 0 3.33 0 0 0 -1.1 p/1-8con13.dat
1 16 -1.4 -5 0 0 0 17.6 0 1 0 17.6 0 0 p/2-4edge.dat
1 16 -1.4 -5 0 0 0 0.73333 0 -0.8 0 0.73333 0 0 p/1-4con23.dat
1 16 -1.4 -5.8 0 0 0 0.84333 0 1 0 0.84333 0 0 p/1-4rin19.dat
1 16 -1.4 -5 0 0 0 0.73333 0 -0.8 0 -0.73333 0 0 p/1-4con23.dat
1 16 -1.4 -5.8 0 0 0 0.84333 0 1 0 -0.84333 0 0 p/1-4rin19.dat
1 16 -1.4 -5.8 0 0 0 16.02333 0 1 0 16.02333 0 0 p/2-4edge.dat
0 BFC INVERTNEXT
1 16 -1.4 -5.8 0 0 0 2.28905 0 5 0 2.28905 0 0 p/2-4con6.dat
1 16 -1.4 5 0 0 0 14.3 0 1 0 -14.3 0 0 p/2-4edge.dat
1 16 -1.4 5 0 0 0 14.3 0 -1 0 -14.3 0 0 p/2-4ering.dat
