0 BFC CERTIFY CCW
3 16 3.685 -10.022 5.114 3.624 -9.275 5.736 0 -10.183 5.412
3 16 3.624 -9.275 5.736 0 -9.42 6.146 0 -10.183 5.412
3 16 5.522 -9.237 4.117 5.378 -10.114 3.988 6.346 -9.3 0.174
3 16 6.094 -10.25 0.342 6.346 -9.3 0.174 5.378 -10.114 3.988
3 16 5.916 -10.261 -4.026 6.021 -9.243 -4.367 6.094 -10.25 0.342
3 16 6.094 -10.25 0.342 6.021 -9.243 -4.367 6.346 -9.3 0.174
3 16 4.859 -10.375 -4.882 4.615 -9.243 -5.336 5.916 -10.261 -4.026
3 16 5.916 -10.261 -4.026 4.615 -9.243 -5.336 6.021 -9.243 -4.367
3 16 4.615 -9.243 -5.336 4.859 -10.375 -4.882 0 -9.415 -5.824
3 16 0 -10.606 -5.336 0 -9.415 -5.824 4.859 -10.375 -4.882
3 16 0 -12.284 5.667 0 -13.206 6.734 3.97 -12.018 5.193
3 16 0 -13.206 6.734 4.23 -13.097 6.216 3.97 -12.018 5.193
3 16 3.97 -12.018 5.193 4.23 -13.097 6.216 5.81 -11.906 4.19
3 16 4.23 -13.097 6.216 6.325 -12.777 4.951 5.81 -11.906 4.19
3 16 5.81 -11.906 4.19 6.325 -12.777 4.951 7.202 -11.984 0.484
3 16 6.325 -12.777 4.951 8.035 -13.11 0.819 7.202 -11.984 0.484
3 16 6.695 -12.273 -4.132 7.693 -13.565 -5.061 5.648 -12.695 -5.548
3 16 5.648 -12.695 -5.548 7.693 -13.565 -5.061 6.66 -13.999 -7.017
3 16 5.648 -12.695 -5.548 6.66 -13.999 -7.017 0 -12.783 -6.698
3 16 0 -12.783 -6.698 6.66 -13.999 -7.017 0 -13.625 -7.857
3 16 6.39 -31.148 -7.717 5.279 -30.629 -11.072 9.745 -26.922 -6.43
3 16 5.279 -30.629 -11.072 7.175 -27.305 -10.778 9.745 -26.922 -6.43
3 16 0 -18.978 11.956 0 -21.87 12.891 3.984 -18.996 11.726
3 16 3.521 -22.212 12.717 3.984 -18.996 11.726 0 -21.87 12.891
3 16 6.165 -23.413 11.646 7.027 -19.812 10.536 3.521 -22.212 12.717
3 16 7.027 -19.812 10.536 3.984 -18.996 11.726 3.521 -22.212 12.717
3 16 8.101 -24.554 9.627 8.927 -20.371 8.097 6.165 -23.413 11.646
3 16 8.927 -20.371 8.097 7.027 -19.812 10.536 6.165 -23.413 11.646
3 16 9.811 -27.962 -1.443 9.804 -23.593 -1.458 9.77 -25.628 6.347
4 16 9.804 -20.976 6.125 9.807 -24.281 7.453 9.804 -23.593 -1.458 9.817 -18.265 2.949
3 16 9.804 -23.593 -1.458 9.807 -24.281 7.453 9.77 -25.628 6.347
3 16 9.804 -23.593 -1.458 9.745 -26.922 -6.43 9.803 -23.961 -7.31
3 16 9.811 -27.962 -1.443 9.745 -26.922 -6.43 9.804 -23.593 -1.458
3 16 7.175 -27.305 -10.778 9.803 -23.961 -7.31 9.745 -26.922 -6.43
3 16 8.074 -24.12 -10.723 9.803 -23.961 -7.31 7.175 -27.305 -10.778
4 16 4.261 -24.274 -14.486 8.074 -24.12 -10.723 7.175 -27.305 -10.778 3.429 -27.184 -14.566
4 16 0 -23.955 -14.807 4.261 -24.274 -14.486 3.429 -27.184 -14.566 0 -26.873 -14.851
3 16 0 -18.978 11.956 4.331 -16.71 10.331 0 -16.887 10.749
3 16 4.331 -16.71 10.331 0 -18.978 11.956 3.984 -18.996 11.726
3 16 7.246 -17.117 8.812 3.984 -18.996 11.726 7.027 -19.812 10.536
3 16 4.331 -16.71 10.331 3.984 -18.996 11.726 7.246 -17.117 8.812
3 16 8.839 -17.617 6.255 9.804 -20.976 6.125 9.817 -18.265 2.949
3 16 8.839 -17.617 6.255 8.927 -20.371 8.097 9.804 -20.976 6.125
3 16 4.945 -20.889 -14.141 8.074 -24.12 -10.723 4.261 -24.274 -14.486
3 16 8.074 -24.12 -10.723 4.945 -20.889 -14.141 8.313 -20.771 -10.117
4 16 0 -20.826 -14.539 4.945 -20.889 -14.141 4.261 -24.274 -14.486 0 -23.955 -14.807
3 16 9.804 -23.593 -1.458 9.813 -19.472 -1.263 9.817 -18.265 2.949
3 16 8.074 -24.12 -10.723 8.313 -20.771 -10.117 9.803 -23.961 -7.31
3 16 8.313 -20.771 -10.117 9.763 -21.252 -6.909 9.803 -23.961 -7.31
3 16 4.945 -20.889 -14.141 5.495 -17.475 -12.448 8.313 -20.771 -10.117
3 16 5.495 -17.475 -12.448 8.027 -17.23 -8.859 8.313 -20.771 -10.117
3 16 4.331 -16.71 10.331 4.367 -14.717 8.349 0 -16.887 10.749
3 16 4.367 -14.717 8.349 0 -14.922 9.011 0 -16.887 10.749
3 16 7.246 -17.117 8.812 6.936 -14.701 6.767 4.331 -16.71 10.331
3 16 6.936 -14.701 6.767 4.367 -14.717 8.349 4.331 -16.71 10.331
3 16 8.46 -15.148 4.202 6.936 -14.701 6.767 8.839 -17.617 6.255
3 16 6.936 -14.701 6.767 7.246 -17.117 8.812 8.839 -17.617 6.255
3 16 8.839 -17.617 6.255 9.817 -18.265 2.949 8.46 -15.148 4.202
4 16 8.46 -15.148 4.202 9.817 -18.265 2.949 9.45 -16.016 -1.194 8.035 -13.11 0.819
3 16 9.795 -17.415 -1.142 9.45 -16.016 -1.194 9.817 -18.265 2.949
3 16 5.495 -17.475 -12.448 0 -14.633 -9.734 6.201 -15.391 -9.725
3 16 0 -14.633 -9.734 5.495 -17.475 -12.448 0 -17.651 -13.193
3 16 9.813 -19.472 -1.263 9.795 -17.415 -1.142 9.817 -18.265 2.949
3 16 7.246 -17.117 8.812 8.927 -20.371 8.097 8.839 -17.617 6.255
3 16 7.027 -19.812 10.536 8.927 -20.371 8.097 7.246 -17.117 8.812
3 16 9.804 -23.593 -1.458 9.763 -21.252 -6.909 9.813 -19.472 -1.263
3 16 9.804 -23.593 -1.458 9.803 -23.961 -7.31 9.763 -21.252 -6.909
3 16 7.76 -27.605 8.204 9.77 -25.628 6.347 9.807 -24.281 7.453
3 16 7.592 -30.594 3.142 9.77 -25.628 6.347 7.76 -27.605 8.204
3 16 9.77 -25.628 6.347 7.75 -30.971 -1.953 9.811 -27.962 -1.443
3 16 7.75 -30.971 -1.953 9.77 -25.628 6.347 7.592 -30.594 3.142
3 16 9.811 -27.962 -1.443 6.39 -31.148 -7.717 9.745 -26.922 -6.43
3 16 7.75 -30.971 -1.953 6.39 -31.148 -7.717 9.811 -27.962 -1.443
3 16 5.601 -27.847 10.969 5.326 -26.702 12.717 5.285 -28.715 11.452
3 16 5.326 -26.702 12.717 5.601 -27.847 10.969 5.627 -25.798 12.091
3 16 5.51 -29.326 9.968 5.655 -29.33 10.843 4.766 -31.201 9.688
3 16 5.821 -28.304 10.449 5.655 -29.33 10.843 5.51 -29.326 9.968
3 16 5.326 -26.702 12.717 2.755 -24.76 15.203 5.117 -27.662 14.33
3 16 2.998 -24.28 13.767 2.755 -24.76 15.203 5.326 -26.702 12.717
3 16 5.285 -28.715 11.452 5.117 -27.662 14.33 5.147 -30.075 12.873
3 16 5.117 -27.662 14.33 5.285 -28.715 11.452 5.326 -26.702 12.717
3 16 5.664 -31.039 12.22 4.766 -31.201 9.688 5.655 -29.33 10.843
3 16 4.766 -31.201 9.688 5.664 -31.039 12.22 4.449 -32.723 10.86
3 16 2.876 -25.092 16.452 4.092 -27.178 16.569 4.58 -27.609 16.009
3 16 2.876 -25.092 16.452 3.132 -25.624 16.845 4.092 -27.178 16.569
3 16 4.189 -30.227 17.102 4.58 -27.609 16.009 4.092 -27.178 16.569
3 16 4.58 -27.609 16.009 4.189 -30.227 17.102 5.056 -30.669 14.354
3 16 5.683 -31.868 13.947 3.945 -33.946 15.855 4.267 -33.651 12.248
3 16 4.842 -31.41 17.137 3.945 -33.946 15.855 5.683 -31.868 13.947
3 16 4.267 -33.651 12.248 4.259 -35.436 15.348 4.658 -35.071 11.178
3 16 3.945 -33.946 15.855 4.259 -35.436 15.348 4.267 -33.651 12.248
3 16 2.755 -24.76 15.203 4.58 -27.609 16.009 5.117 -27.662 14.33
3 16 2.755 -24.76 15.203 2.876 -25.092 16.452 4.58 -27.609 16.009
3 16 5.147 -30.075 12.873 4.58 -27.609 16.009 5.056 -30.669 14.354
3 16 4.58 -27.609 16.009 5.147 -30.075 12.873 5.117 -27.662 14.33
3 16 4.267 -33.651 12.248 5.664 -31.039 12.22 5.683 -31.868 13.947
3 16 4.449 -32.723 10.86 5.664 -31.039 12.22 4.267 -33.651 12.248
3 16 4.449 -32.723 10.86 4.658 -35.071 11.178 4.791 -33.682 9.346
3 16 4.449 -32.723 10.86 4.267 -33.651 12.248 4.658 -35.071 11.178
3 16 4.092 -27.178 16.569 2.822 -28.136 18.619 4.189 -30.227 17.102
3 16 3.132 -25.624 16.845 2.822 -28.136 18.619 4.092 -27.178 16.569
3 16 4.842 -31.41 17.137 2.991 -31.474 19.021 3.945 -33.946 15.855
3 16 4.842 -31.41 17.137 3.128 -29.149 18.838 2.991 -31.474 19.021
3 16 3.945 -33.946 15.855 2.96 -32.268 18.921 4.259 -35.436 15.348
3 16 3.945 -33.946 15.855 2.991 -31.474 19.021 2.96 -32.268 18.921
4 16 2.755 -24.76 15.203 2.998 -24.28 13.767 0 -23.962 13.906 0 -24.455 15.271
4 16 0 -24.455 15.271 0 -24.814 16.644 2.876 -25.092 16.452 2.755 -24.76 15.203
3 16 2.876 -25.092 16.452 0 -25.213 17.143 3.132 -25.624 16.845
3 16 0 -24.814 16.644 0 -25.213 17.143 2.876 -25.092 16.452
3 16 4.189 -30.227 17.102 3.128 -29.149 18.838 4.842 -31.41 17.137
3 16 4.189 -30.227 17.102 2.822 -28.136 18.619 3.128 -29.149 18.838
3 16 5.056 -30.669 14.354 4.842 -31.41 17.137 5.683 -31.868 13.947
3 16 5.056 -30.669 14.354 4.189 -30.227 17.102 4.842 -31.41 17.137
3 16 5.664 -31.039 12.22 5.056 -30.669 14.354 5.683 -31.868 13.947
3 16 5.147 -30.075 12.873 5.056 -30.669 14.354 5.664 -31.039 12.22
3 16 5.655 -29.33 10.843 5.147 -30.075 12.873 5.664 -31.039 12.22
3 16 5.285 -28.715 11.452 5.147 -30.075 12.873 5.655 -29.33 10.843
3 16 5.821 -28.304 10.449 5.285 -28.715 11.452 5.655 -29.33 10.843
3 16 5.601 -27.847 10.969 5.285 -28.715 11.452 5.821 -28.304 10.449
3 16 0 -28.078 18.984 3.132 -25.624 16.845 0 -25.213 17.143
3 16 2.822 -28.136 18.619 3.132 -25.624 16.845 0 -28.078 18.984
3 16 1.301 -35.626 -19.141 0 -36.533 -19.655 0 -35.441 -19.289
3 16 1.157 -36.538 -19.49 0 -36.533 -19.655 1.301 -35.626 -19.141
3 16 0 -37.609 -18.695 1.157 -36.538 -19.49 1.606 -37.455 -18.566
3 16 0 -37.609 -18.695 0 -36.533 -19.655 1.157 -36.538 -19.49
3 16 0 -38.732 -17.415 1.857 -38.171 -17.583 1.876 -38.733 -17.212
3 16 0 -38.732 -17.415 0 -38.247 -17.858 1.857 -38.171 -17.583
3 16 0 -33.243 -16.899 2.017 -34.369 -16.972 0 -34.154 -17.217
3 16 1.301 -35.626 -19.141 0 -34.694 -18.177 1.707 -34.928 -18.085
3 16 0 -35.441 -19.289 0 -34.694 -18.177 1.301 -35.626 -19.141
4 16 1.606 -37.455 -18.566 1.857 -38.171 -17.583 0 -38.247 -17.858 0 -37.609 -18.695
3 16 1.301 -35.626 -19.141 1.432 -36.522 -19.186 1.157 -36.538 -19.49
3 16 1.301 -35.626 -19.141 1.628 -36.357 -18.829 1.432 -36.522 -19.186
3 16 2.029 -36.122 -17.883 1.301 -35.626 -19.141 1.707 -34.928 -18.085
3 16 1.301 -35.626 -19.141 2.029 -36.122 -17.883 1.628 -36.357 -18.829
3 16 1.857 -38.171 -17.583 2.645 -35.665 -16.35 2.5 -38.059 -16.366
3 16 2.645 -35.665 -16.35 1.857 -38.171 -17.583 2.029 -36.122 -17.883
3 16 3.445 -33.725 5.647 4.791 -33.682 9.346 3.128 -35.931 8.557
3 16 4.791 -33.682 9.346 4.766 -31.201 9.688 4.449 -32.723 10.86
3 16 3.445 -33.725 5.647 4.766 -31.201 9.688 4.791 -33.682 9.346
3 16 4.259 -35.436 15.348 3.202 -37.165 11.285 4.658 -35.071 11.178
3 16 4.259 -35.436 15.348 3.059 -37.06 15.313 3.202 -37.165 11.285
3 16 3.128 -35.931 8.557 4.658 -35.071 11.178 3.202 -37.165 11.285
3 16 4.658 -35.071 11.178 3.128 -35.931 8.557 4.791 -33.682 9.346
3 16 2.96 -32.268 18.921 3.059 -37.06 15.313 4.259 -35.436 15.348
3 16 2.097 -33.947 18.808 3.059 -37.06 15.313 2.96 -32.268 18.921
3 16 3.128 -35.931 8.557 0 -34.204 5.583 3.445 -33.725 5.647
3 16 0 -34.204 5.583 3.128 -35.931 8.557 0 -36.499 8.465
3 16 3.202 -37.165 11.285 0 -37.46 15.312 0 -37.676 11.254
3 16 3.202 -37.165 11.285 3.059 -37.06 15.313 0 -37.46 15.312
3 16 0 -36.499 8.465 3.202 -37.165 11.285 0 -37.676 11.254
3 16 3.128 -35.931 8.557 3.202 -37.165 11.285 0 -36.499 8.465
3 16 2.097 -33.947 18.808 0 -37.46 15.312 3.059 -37.06 15.313
3 16 0 -37.46 15.312 2.097 -33.947 18.808 0 -34.817 18.476
3 16 0 -32.306 19.426 2.097 -33.947 18.808 2.96 -32.268 18.921
3 16 0 -32.306 19.426 0 -34.817 18.476 2.097 -33.947 18.808
3 16 0 -32.306 19.426 2.991 -31.474 19.021 0 -31.33 19.51
3 16 2.991 -31.474 19.021 0 -32.306 19.426 2.96 -32.268 18.921
3 16 0 -31.33 19.51 2.822 -28.136 18.619 0 -28.078 18.984
3 16 0 -31.33 19.51 3.128 -29.149 18.838 2.822 -28.136 18.619
3 16 2.991 -31.474 19.021 3.128 -29.149 18.838 0 -31.33 19.51
3 16 5.511 -32.51 1.622 0 -33.057 -1.261 5.729 -32.684 -1.804
3 16 0 -32.85 1.456 0 -33.057 -1.261 5.511 -32.51 1.622
4 16 0 -32.85 1.456 5.511 -32.51 1.622 4.405 -32.559 3.909 0 -32.838 3.384
3 16 0 -33.389 -3.905 4.084 -35.492 -6.519 4.954 -33.404 -5.006
3 16 0 -35.737 -5.413 4.084 -35.492 -6.519 0 -33.389 -3.905
3 16 2.5 -38.059 -16.366 2.645 -35.665 -16.35 3.416 -35.479 -14.661
3 16 4.54 -33.981 -9.265 5.279 -30.629 -11.072 6.39 -31.148 -7.717
3 16 4.257 -32.288 -12.871 5.279 -30.629 -11.072 4.54 -33.981 -9.265
3 16 4.257 -32.288 -12.871 2.693 -29.147 -14.868 5.279 -30.629 -11.072
3 16 3.627 -38.239 -7.995 3.64 -39.006 -11.101 4.05 -36.312 -10.294
3 16 3.391 -39.804 -9.06 3.64 -39.006 -11.101 3.627 -38.239 -7.995
3 16 2.749 -40.342 -14.799 3.533 -38.527 -12.635 2.958 -41.153 -12.879
3 16 1.432 -36.522 -19.186 1.606 -37.455 -18.566 1.157 -36.538 -19.49
3 16 1.432 -36.522 -19.186 1.628 -36.357 -18.829 1.606 -37.455 -18.566
3 16 1.857 -38.171 -17.583 1.628 -36.357 -18.829 2.029 -36.122 -17.883
3 16 1.606 -37.455 -18.566 1.628 -36.357 -18.829 1.857 -38.171 -17.583
4 16 0 -34.154 -17.217 2.017 -34.369 -16.972 1.707 -34.928 -18.085 0 -34.694 -18.177
3 16 1.707 -41.607 -14.734 2.958 -41.153 -12.879 1.676 -42.413 -12.79
3 16 2.958 -41.153 -12.879 1.707 -41.607 -14.734 2.749 -40.342 -14.799
3 16 1.765 -40.044 -16.331 2.749 -40.342 -14.799 1.707 -41.607 -14.734
3 16 2.749 -40.342 -14.799 1.765 -40.044 -16.331 2.295 -39.116 -16.335
3 16 1.967 -39.067 -7.362 3.391 -39.804 -9.06 3.627 -38.239 -7.995
3 16 3.391 -39.804 -9.06 1.967 -39.067 -7.362 2.128 -40.358 -8.291
3 16 0 -33.057 -1.261 4.954 -33.404 -5.006 5.729 -32.684 -1.804
3 16 0 -33.057 -1.261 0 -33.389 -3.905 4.954 -33.404 -5.006
3 16 8.027 -17.23 -8.859 7.693 -13.565 -5.061 9.214 -17.069 -6.01
3 16 7.693 -13.565 -5.061 8.027 -17.23 -8.859 6.66 -13.999 -7.017
4 16 0 -13.625 -7.857 6.66 -13.999 -7.017 6.201 -15.391 -9.725 0 -14.633 -9.734
4 16 0 -13.206 6.734 0 -14.922 9.011 4.367 -14.717 8.349 4.23 -13.097 6.216
3 16 6.325 -12.777 4.951 4.367 -14.717 8.349 6.936 -14.701 6.767
3 16 4.23 -13.097 6.216 4.367 -14.717 8.349 6.325 -12.777 4.951
3 16 6.325 -12.777 4.951 8.46 -15.148 4.202 8.035 -13.11 0.819
3 16 6.325 -12.777 4.951 6.936 -14.701 6.767 8.46 -15.148 4.202
3 16 9.68 -19.242 -5.847 9.813 -19.472 -1.263 9.763 -21.252 -6.909
3 16 9.813 -19.472 -1.263 9.68 -19.242 -5.847 9.795 -17.415 -1.142
3 16 5.279 -30.629 -11.072 3.429 -27.184 -14.566 7.175 -27.305 -10.778
3 16 2.693 -29.147 -14.868 3.429 -27.184 -14.566 5.279 -30.629 -11.072
3 16 2.693 -29.147 -14.868 0 -26.873 -14.851 3.429 -27.184 -14.566
3 16 0 -26.873 -14.851 2.693 -29.147 -14.868 0 -28.75 -14.982
4 16 2.998 -24.28 13.767 3.521 -22.212 12.717 0 -21.87 12.891 0 -23.962 13.906
3 16 8.101 -24.554 9.627 9.804 -20.976 6.125 8.927 -20.371 8.097
3 16 9.804 -20.976 6.125 8.101 -24.554 9.627 9.807 -24.281 7.453
3 16 8.313 -20.771 -10.117 8.027 -17.23 -8.859 9.763 -21.252 -6.909
3 16 9.763 -21.252 -6.909 8.027 -17.23 -8.859 9.68 -19.242 -5.847
3 16 9.68 -19.242 -5.847 8.027 -17.23 -8.859 9.214 -17.069 -6.01
3 16 2.998 -24.28 13.767 5.326 -26.702 12.717 3.521 -22.212 12.717
3 16 5.326 -26.702 12.717 5.627 -25.798 12.091 3.521 -22.212 12.717
3 16 5.627 -25.798 12.091 6.165 -23.413 11.646 3.521 -22.212 12.717
3 16 7.693 -13.565 -5.061 8.035 -13.11 0.819 9.214 -17.069 -6.01
3 16 9.45 -16.016 -1.194 9.214 -17.069 -6.01 8.035 -13.11 0.819
3 16 7.202 -11.984 0.484 8.035 -13.11 0.819 6.695 -12.273 -4.132
3 16 8.035 -13.11 0.819 7.693 -13.565 -5.061 6.695 -12.273 -4.132
4 16 7.76 -27.605 8.204 9.807 -24.281 7.453 8.101 -24.554 9.627 5.601 -27.847 10.969
3 16 8.101 -24.554 9.627 5.627 -25.798 12.091 5.601 -27.847 10.969
3 16 6.165 -23.413 11.646 5.627 -25.798 12.091 8.101 -24.554 9.627
3 16 5.601 -27.847 10.969 5.821 -28.304 10.449 7.76 -27.605 8.204
3 16 5.51 -29.326 9.968 7.76 -27.605 8.204 5.821 -28.304 10.449
3 16 7.76 -27.605 8.204 5.51 -29.326 9.968 7.592 -30.594 3.142
3 16 6.042 -31.282 5.735 7.592 -30.594 3.142 5.51 -29.326 9.968
4 16 5.729 -32.684 -1.804 7.75 -30.971 -1.953 7.592 -30.594 3.142 5.511 -32.51 1.622
3 16 5.511 -32.51 1.622 7.592 -30.594 3.142 4.405 -32.559 3.909
3 16 7.592 -30.594 3.142 6.042 -31.282 5.735 4.405 -32.559 3.909
3 16 5.729 -32.684 -1.804 4.954 -33.404 -5.006 7.75 -30.971 -1.953
3 16 7.75 -30.971 -1.953 4.954 -33.404 -5.006 6.39 -31.148 -7.717
3 16 4.54 -33.981 -9.265 6.39 -31.148 -7.717 4.084 -35.492 -6.519
3 16 4.954 -33.404 -5.006 4.084 -35.492 -6.519 6.39 -31.148 -7.717
3 16 3.182 -40.936 -11.348 1.757 -42.186 -11.147 2.958 -41.153 -12.879
3 16 1.676 -42.413 -12.79 2.958 -41.153 -12.879 1.757 -42.186 -11.147
3 16 9.68 -19.242 -5.847 9.214 -17.069 -6.01 9.795 -17.415 -1.142
3 16 9.795 -17.415 -1.142 9.214 -17.069 -6.01 9.45 -16.016 -1.194
3 16 1.757 -42.186 -11.147 3.182 -40.936 -11.348 2.128 -40.358 -8.291
3 16 3.182 -40.936 -11.348 3.391 -39.804 -9.06 2.128 -40.358 -8.291
3 16 1.857 -38.171 -17.583 2.5 -38.059 -16.366 1.876 -38.733 -17.212
3 16 1.876 -38.733 -17.212 2.5 -38.059 -16.366 2.295 -39.116 -16.335
3 16 4.257 -32.288 -12.871 4.54 -33.981 -9.265 3.919 -35.515 -12.362
3 16 4.05 -36.312 -10.294 3.919 -35.515 -12.362 4.54 -33.981 -9.265
3 16 4.084 -35.492 -6.519 3.627 -38.239 -7.995 4.54 -33.981 -9.265
3 16 3.627 -38.239 -7.995 4.05 -36.312 -10.294 4.54 -33.981 -9.265
3 16 0 -35.737 -5.413 0 -39.126 -7.033 4.084 -35.492 -6.519
3 16 0 -39.126 -7.033 1.967 -39.067 -7.362 4.084 -35.492 -6.519
3 16 1.967 -39.067 -7.362 3.627 -38.239 -7.995 4.084 -35.492 -6.519
4 16 3.416 -35.479 -14.661 2.645 -35.665 -16.35 3.312 -32.915 -14.916 4.257 -32.288 -12.871
3 16 3.416 -35.479 -14.661 4.257 -32.288 -12.871 3.919 -35.515 -12.362
4 16 3.533 -38.527 -12.635 3.919 -35.515 -12.362 4.05 -36.312 -10.294 3.64 -39.006 -11.101
3 16 3.391 -39.804 -9.06 3.182 -40.936 -11.348 3.64 -39.006 -11.101
3 16 2.958 -41.153 -12.879 3.533 -38.527 -12.635 3.182 -40.936 -11.348
3 16 3.182 -40.936 -11.348 3.533 -38.527 -12.635 3.64 -39.006 -11.101
3 16 3.624 -9.275 5.736 3.685 -10.022 5.114 5.522 -9.237 4.117
3 16 5.378 -10.114 3.988 5.522 -9.237 4.117 3.685 -10.022 5.114
3 16 5.495 -17.475 -12.448 6.201 -15.391 -9.725 8.027 -17.23 -8.859
3 16 6.66 -13.999 -7.017 8.027 -17.23 -8.859 6.201 -15.391 -9.725
3 16 5.495 -17.475 -12.448 4.945 -20.889 -14.141 0 -17.651 -13.193
3 16 0 -20.826 -14.539 0 -17.651 -13.193 4.945 -20.889 -14.141
3 16 2.645 -35.665 -16.35 2.029 -36.122 -17.883 2.017 -34.369 -16.972
3 16 1.707 -34.928 -18.085 2.017 -34.369 -16.972 2.029 -36.122 -17.883
3 16 5.51 -29.326 9.968 4.766 -31.201 9.688 6.042 -31.282 5.735
3 16 4.766 -31.201 9.688 3.445 -33.725 5.647 6.042 -31.282 5.735
3 16 4.405 -32.559 3.909 6.042 -31.282 5.735 3.445 -33.725 5.647
3 16 4.405 -32.559 3.909 3.445 -33.725 5.647 0 -32.838 3.384
3 16 0 -34.204 5.583 0 -32.838 3.384 3.445 -33.725 5.647
3 16 3.624 -9.275 5.736 4.821 -8.445 6.716 0 -9.42 6.146
3 16 0 -9.42 6.146 4.821 -8.445 6.716 0 -8.438 8.293
3 16 5.522 -9.237 4.117 6.659 -8.456 4.894 3.624 -9.275 5.736
3 16 3.624 -9.275 5.736 6.659 -8.456 4.894 4.821 -8.445 6.716
3 16 6.021 -9.243 -4.367 6.679 -8.478 -4.849 6.346 -9.3 0.174
3 16 6.346 -9.3 0.174 6.679 -8.478 -4.849 7.992 -8.46 0.659
3 16 6.679 -8.478 -4.849 6.021 -9.243 -4.367 4.836 -8.468 -6.677
3 16 4.615 -9.243 -5.336 4.836 -8.468 -6.677 6.021 -9.243 -4.367
3 16 0 -9.415 -5.824 0 -8.462 -8.255 4.615 -9.243 -5.336
3 16 0 -8.462 -8.255 4.836 -8.468 -6.677 4.615 -9.243 -5.336
3 16 6.346 -9.3 0.174 7.992 -8.46 0.659 5.522 -9.237 4.117
3 16 5.522 -9.237 4.117 7.992 -8.46 0.659 6.659 -8.456 4.894
3 16 4.821 -8.445 6.716 5.393 -6.864 7.538 0 -8.438 8.293
3 16 0 -8.438 8.293 5.393 -6.864 7.538 0 -6.846 9.231
4 16 4.821 -8.445 6.716 6.659 -8.456 4.894 7.453 -6.866 5.489 5.393 -6.864 7.538
4 16 7.992 -8.46 0.659 6.679 -8.478 -4.849 7.487 -6.877 -5.458 8.966 -6.872 0.734
4 16 6.679 -8.478 -4.849 4.836 -8.468 -6.677 5.413 -6.873 -7.511 7.487 -6.877 -5.458
4 16 0 -6.868 -9.269 5.413 -6.873 -7.511 4.836 -8.468 -6.677 0 -8.462 -8.255
4 16 8.966 -6.872 0.734 7.453 -6.866 5.489 6.659 -8.456 4.894 7.992 -8.46 0.659
3 16 0 -5.488 9.333 0 -6.846 9.231 4.667 -5.488 8.083
3 16 4.667 -5.488 8.083 0 -6.846 9.231 5.393 -6.864 7.538
4 16 5.393 -6.864 7.538 7.453 -6.866 5.489 8.084 -5.488 4.666 4.667 -5.488 8.083
3 16 9.334 -5.488 0 8.966 -6.872 0.734 8.084 -5.488 -4.667
3 16 8.084 -5.488 -4.667 8.966 -6.872 0.734 7.487 -6.877 -5.458
4 16 7.487 -6.877 -5.458 5.413 -6.873 -7.511 4.667 -5.488 -8.084 8.084 -5.488 -4.667
3 16 0 -6.868 -9.269 0 -5.488 -9.334 5.413 -6.873 -7.511
3 16 4.667 -5.488 -8.084 5.413 -6.873 -7.511 0 -5.488 -9.334
3 16 8.084 -5.488 4.666 7.453 -6.866 5.489 9.334 -5.488 0
3 16 9.334 -5.488 0 7.453 -6.866 5.489 8.966 -6.872 0.734
3 16 3.97 -12.018 5.193 3.685 -10.022 5.114 0 -12.284 5.667
3 16 3.685 -10.022 5.114 0 -10.183 5.412 0 -12.284 5.667
3 16 3.685 -10.022 5.114 3.97 -12.018 5.193 5.378 -10.114 3.988
3 16 5.81 -11.906 4.19 5.378 -10.114 3.988 3.97 -12.018 5.193
3 16 7.202 -11.984 0.484 6.094 -10.25 0.342 5.81 -11.906 4.19
3 16 6.094 -10.25 0.342 5.378 -10.114 3.988 5.81 -11.906 4.19
3 16 6.094 -10.25 0.342 7.202 -11.984 0.484 5.916 -10.261 -4.026
3 16 7.202 -11.984 0.484 6.695 -12.273 -4.132 5.916 -10.261 -4.026
3 16 5.648 -12.695 -5.548 4.859 -10.375 -4.882 6.695 -12.273 -4.132
3 16 6.695 -12.273 -4.132 4.859 -10.375 -4.882 5.916 -10.261 -4.026
3 16 4.859 -10.375 -4.882 5.648 -12.695 -5.548 0 -10.606 -5.336
3 16 5.648 -12.695 -5.548 0 -12.783 -6.698 0 -10.606 -5.336
3 16 1.876 -38.733 -17.212 2.295 -39.116 -16.335 1.765 -40.044 -16.331
3 16 2.098 -33.241 -16.653 2.449 -31.638 -15.953 3.312 -32.915 -14.916
3 16 2.693 -29.147 -14.868 4.257 -32.288 -12.871 2.521 -30.219 -15.335
4 16 2.509 -30.897 -15.631 2.521 -30.219 -15.335 4.257 -32.288 -12.871 3.312 -32.915 -14.916
3 16 3.312 -32.915 -14.916 2.449 -31.638 -15.953 2.509 -30.897 -15.631
3 16 2.017 -34.369 -16.972 0 -33.243 -16.899 1.75 -33.75 -16.833
3 16 1.75 -33.75 -16.833 2.074 -33.57 -16.746 2.017 -34.369 -16.972
4 16 3.312 -32.915 -14.916 2.645 -35.665 -16.35 2.017 -34.369 -16.972 2.074 -33.57 -16.746
3 16 3.312 -32.915 -14.916 2.074 -33.57 -16.746 2.098 -33.241 -16.653
4 16 3.255 -38.383 -14.076 3.533 -38.527 -12.635 2.749 -40.342 -14.799 3.15 -38.707 -14.293
4 16 2.634 -38.707 -15.707 2.295 -39.116 -16.335 2.5 -38.059 -16.366 2.613 -38.383 -15.924
4 16 2.716 -37.617 -15.924 2.5 -38.059 -16.366 3.416 -35.479 -14.661 2.832 -37.293 -15.707
3 16 3.919 -35.515 -12.362 3.341 -37.592 -14.093 3.325 -37.293 -14.293
3 16 2.5 -38.059 -16.366 2.648 -38.106 -15.979 2.613 -38.383 -15.924
4 16 3.274 -37.076 -14.617 3.266 -37.068 -14.657 3.416 -35.479 -14.661 3.919 -35.515 -12.362
3 16 3.325 -37.293 -14.293 3.274 -37.076 -14.617 3.919 -35.515 -12.362
3 16 3.264 -38.342 -14.068 3.533 -38.527 -12.635 3.255 -38.383 -14.076
3 16 3.022 -38.941 -14.702 3.043 -38.924 -14.617 2.749 -40.342 -14.799
3 16 3.15 -38.707 -14.293 2.749 -40.342 -14.799 3.043 -38.924 -14.617
3 16 2.634 -38.707 -15.707 2.655 -38.759 -15.63 2.295 -39.116 -16.335
3 16 3.266 -37.068 -14.657 3.138 -37 -15 3.416 -35.479 -14.661
3 16 2.648 -38.106 -15.979 2.5 -38.059 -16.366 2.65 -38 -16
3 16 2.716 -37.617 -15.924 2.65 -38 -16 2.5 -38.059 -16.366
3 16 2.98 -37.076 -15.383 2.832 -37.293 -15.707 3.416 -35.479 -14.661
3 16 3.138 -37 -15 2.98 -37.076 -15.383 3.416 -35.479 -14.661
3 16 2.734 -38.924 -15.383 2.885 -39 -15 2.749 -40.342 -14.799
3 16 3.315 -38 -14 3.342 -37.617 -14.076 3.533 -38.527 -12.635
3 16 3.533 -38.527 -12.635 3.264 -38.342 -14.068 3.315 -38 -14
4 16 3.342 -37.617 -14.076 3.341 -37.592 -14.093 3.919 -35.515 -12.362 3.533 -38.527 -12.635
4 16 2.734 -38.924 -15.383 2.749 -40.342 -14.799 2.295 -39.116 -16.335 2.655 -38.759 -15.63
3 16 2.885 -39 -15 3.022 -38.941 -14.702 2.749 -40.342 -14.799
3 16 0 -5.488 -9.334 0 -5 -8 3.062 -5 -7.391
3 16 0 -5.488 -9.334 3.062 -5 -7.391 4.667 -5.488 -8.084
3 16 4.667 -5.488 -8.084 3.062 -5 -7.391 5.657 -5 -5.657
3 16 4.667 -5.488 -8.084 5.657 -5 -5.657 8.084 -5.488 -4.667
3 16 8.084 -5.488 -4.667 5.657 -5 -5.657 7.391 -5 -3.062
3 16 8.084 -5.488 -4.667 7.391 -5 -3.062 8 -5 0
3 16 8.084 -5.488 -4.667 8 -5 0 9.334 -5.488 0
3 16 9.334 -5.488 0 8 -5 0 7.391 -5 3.062
3 16 9.334 -5.488 0 7.391 -5 3.062 8.084 -5.488 4.666
3 16 8.084 -5.488 4.666 7.391 -5 3.062 5.657 -5 5.657
3 16 8.084 -5.488 4.666 5.657 -5 5.657 4.667 -5.488 8.083
3 16 4.667 -5.488 8.083 5.657 -5 5.657 3.062 -5 7.391
3 16 4.667 -5.488 8.083 3.062 -5 7.391 0 -5 8
3 16 4.667 -5.488 8.083 0 -5 8 0 -5.488 9.333
