0 BFC CERTIFY CCW
1 16 4 -6 4 1.75 0 0 0 2 0 0 0 3 1-4edge.dat
1 16 -4 -6 4 -1.75 0 0 0 2 0 0 0 3 1-4edge.dat
4 16 5.75 -6 0 5.75 -6 4 4 -6 4 2 -6 0
1 16 4 -6 4 1.75 0 0 0 2 0 0 0 3 1-4disc.dat
4 16 4 -6 7 0.4 -6 5 2 -6 0 4 -6 4
4 16 -0.4 -6 5 0.4 -6 5 4 -6 7 -4 -6 7
4 16 -4 -6 4 -2 -6 0 -0.4 -6 5 -4 -6 7
1 16 -4 -6 4 -1.75 0 0 0 2 0 0 0 3 1-4disc.dat
4 16 -2 -6 0 -4 -6 4 -5.75 -6 4 -5.75 -6 0
1 16 5.75 -5 2 0 -1 0 -1 0 0 0 0 2 rect1.dat
1 16 4 -6 4 1.75 0 0 0 2 0 0 0 3 1-4cyli.dat
1 16 0 -5 7 0 0 -4 -1 0 0 0 -1 0 rect1.dat
1 16 -4 -6 4 -1.75 0 0 0 2 0 0 0 3 1-4cyli.dat
1 16 -5.75 -5 2 0 1 0 -1 0 0 0 0 2 rect1.dat
1 16 4 -4 0 0 0 1.75 4 0 0 0 4 0 1-4cyli.dat
1 16 4 -4 4 1.75 0 0 0 4 0 0 0 3 1-8sphe.dat
1 16 4 -4 4 0 -8 0 4 0 0 0 0 3 1-4cyli.dat
1 16 -4 -4 4 -1.75 0 0 0 4 0 0 0 3 1-8sphe.dat
1 16 -4 -4 0 0 0 -1.75 4 0 0 0 4 0 1-4cyli.dat
1 16 0 0 0 4 0 0 0 -1 0 0 0 4 2-4ndis.dat
4 16 2 -6 0 0.4 -6 5 0.4 -42 5 2 -42 0
4 16 -0.4 -6 5 -0.4 -42 5 0.4 -42 5 0.4 -6 5
4 16 -2 -42 0 -0.4 -42 5 -0.4 -6 5 -2 -6 0
3 16 2 -42 0 0.4 -42 5 0.4 -56 2
3 16 2 -42 0 0.4 -57.82 0.75 0.4 -58 0
3 16 2 -42 0 0.4 -57.5 1.2 0.4 -57.82 0.75
3 16 2 -42 0 0.4 -56.75 1.7 0.4 -57.5 1.2
3 16 2 -42 0 0.4 -56 2 0.4 -56.75 1.7
3 16 -0.4 -56 2 -0.4 -42 5 -2 -42 0
3 16 -0.4 -58 0 -0.4 -57.82 0.75 -2 -42 0
3 16 -0.4 -57.82 0.75 -0.4 -57.5 1.2 -2 -42 0
3 16 -0.4 -57.5 1.2 -0.4 -56.75 1.7 -2 -42 0
3 16 -0.4 -56.75 1.7 -0.4 -56 2 -2 -42 0
4 16 -0.4 -42 5 -0.4 -56 2 0.4 -56 2 0.4 -42 5
4 16 -0.4 -56 2 -0.4 -56.75 1.7 0.4 -56.75 1.7 0.4 -56 2
4 16 -0.4 -56.75 1.7 -0.4 -57.5 1.2 0.4 -57.5 1.2 0.4 -56.75 1.7
4 16 -0.4 -57.5 1.2 -0.4 -57.82 0.75 0.4 -57.82 0.75 0.4 -57.5 1.2
4 16 -0.4 -57.82 0.75 -0.4 -58 0 0.4 -58 0 0.4 -57.82 0.75
