0 BFC CERTIFY CCW
1 16 0 4 0 80 0 0 0 20 0 0 0 80 p/48/5-48cyli.dat
1 16 0 24 0 80 0 0 0 1 0 0 0 80 p/48/5-48edge.dat
0 BFC INVERTNEXT
1 16 60 24 60 0 0 -12 0 -20 0 -12 0 0 p/1-8cylo.dat
1 16 60 24 60 0 0 -16 0 -20 0 -16 0 0 p/1-8cylo.dat
0 BFC INVERTNEXT
1 16 0 4 0 76 0 0 0 20 0 0 0 76 p/48/1-12cylo.dat
1 16 0 24 0 4 0 0 0 -1 0 0 0 4 p/48/1-12ring19.dat
1 16 63.758 14 41.15 0 1 -2.058 -10 0 0 0 0 3.15 p/rect3.dat
4 16 60 24 44 61.7 24 44.3 61.7 4 44.3 60 4 44
1 16 60 24 60 0 0 -4 0 -1 0 -4 0 0 p/1-8ring3.dat
4 16 61.7 24 44.3 60 24 44 60 24 48 63.472 24 48.704
4 16 69.28 24 40 65.816 24 38 61.7 24 44.3 63.472 24 48.704
1 16 61.736 14 48.352 0 0 1.736 -10 0 0 0 -1 0.352 p/rect3.dat
1 16 0 4 0 76 0 0 0 -1 0 0 0 76 p/48/5-48chrd.dat
3 16 60.2984 4 46.2688 76 4 0 48.6864 4 48.6864
1 16 60 4 34 1.5 0 0 0 19 0 0 0 -2 p/box4-4a.dat
1 16 73 4 20 0 0 -1 0 19 0 -1.5 0 0 p/box4-4a.dat
4 16 59.5379 23 38.4677 59.5379 4 38.4677 63.7237 4 41.2025 63.7237 23 41.2025
4 16 58.5 4 36 59.5379 4 38.4677 59.5379 23 38.4677 58.5 23 36
1 16 63.4323 13.5 37.3455 1.9323 0 0 0 0 -9.5 1.3455 1 0 p/rect.dat
4 16 59.5379 23 38.4677 63.7237 23 41.2025 65.3646 23 38.691 61.5 23 36
3 16 58.5 23 36 59.5379 23 38.4677 61.5 23 36
4 16 76 4 0 16 4 0 11.3136 4 11.3136 48.6864 4 48.6864
