0 BFC CERTIFY CCW
1 16 0 24 0 6.364 0 6.364 0 -1 0 6.364 0 -6.364 p/1-4edge.dat
1 16 0 24 0 -6.364 0 -6.364 0 -1 0 -6.364 0 6.364 p/1-4edge.dat
1 16 0 4 0 6.364 0 6.364 0 -1 0 6.364 0 -6.364 p/1-4edge.dat
1 16 0 4 0 -6.364 0 -6.364 0 -1 0 -6.364 0 6.364 p/1-4edge.dat
1 16 0 12 10 0 0 14 -12 0 0 0 -1 0 p/rect.dat
4 16 0 24 10 5.412 24 7 2.2962 24 5.5434 0 24 6
4 16 4.2426 24 4.2426 2.2962 24 5.5434 5.412 24 7 6.364 24 6.364
1 16 0 24 0 2.12132 0 2.12132 0 -1 0 2.12132 0 -2.12132 p/1-4ring2.dat
4 16 6.364 24 -6.364 5.412 24 -7 2.2962 24 -5.5434 4.2426 24 -4.2426
4 16 0 24 -6 2.2962 24 -5.5434 5.412 24 -7 0 24 -10
4 16 0 24 -10 -5.412 24 -7 -2.2962 24 -5.5434 0 24 -6
4 16 -4.2426 24 -4.2426 -2.2962 24 -5.5434 -5.412 24 -7 -6.364 24 -6.364
1 16 0 24 0 -2.12132 0 -2.12132 0 -1 0 -2.12132 0 2.12132 p/1-4ring2.dat
4 16 -6.364 24 6.364 -5.412 24 7 -2.2962 24 5.5434 -4.2426 24 4.2426
4 16 0 24 6 -2.2962 24 5.5434 -5.412 24 7 0 24 10
4 16 14 24 10 11 24 7 5.412 24 7 0 24 10
4 16 14 24 -10 11 24 -7 11 24 7 14 24 10
4 16 0 24 -10 5.412 24 -7 11 24 -7 14 24 -10
4 16 0 24 10 -5.412 24 7 -11 24 7 -14 24 10
4 16 -14 24 10 -11 24 7 -11 24 -7 -14 24 -10
4 16 -14 24 -10 -11 24 -7 -5.412 24 -7 0 24 -10
1 16 -14 13 0 0 1 0 -4.15746 0 1.72208 1.72208 0 4.15746 p/7-8edge.dat
1 16 -14 4 0 0 1 0 1.41421 0 -1.41421 -1.41421 0 -1.41421 p/3-4edge.dat
1 16 -17 13 0 0 1 0 -3 0 0 0 0 3 p/4-4edge.dat
1 16 -17 13 0 0 1 0 -3 0 0 0 0 3 p/4-4disc.dat
1 16 -15.5 13 0 0 -1.5 0 -3 0 0 0 0 -3 p/4-4cyli.dat
1 16 -15.5 13 0 0 1 0 -3 0 0 0 0 3 p/4-4edge.dat
1 16 -15.5 13 0 0 1 0 -1.5 0 0 0 0 1.5 p/4-4ring2.dat
1 16 -15.5 13 0 0 1 0 -4.5 0 0 0 0 4.5 p/4-4edge.dat
1 16 -14 13 0 0 -1.5 0 -4.5 0 0 0 0 -4.5 p/4-4cyli.dat
1 16 -14 5.5 0 0 0 -1 0 3.5 0 1 0 0 p/2-4cyli.dat
1 16 -14 4 0 0 -2 0 -2 0 0 0 0 -2 p/4-8sphe.dat
4 16 -14 17.5 -4.5 -14 17.5 4.5 -14 24 10 -14 24 -10
1 16 -14 13 0 0 1 0 0 0 4.5 4.5 0 0 p/2-4ndis.dat
4 16 -14 0 10 -14 24 10 -14 17.5 4.5 -14 13 4.5
4 16 -14 17.5 -4.5 -14 24 -10 -14 0 -10 -14 13 -4.5
1 16 -14 13 0 0 1 0 0 0 -4.5 -4.5 0 0 p/3-16ndis.dat
1 16 -14 13 0 0 1 0 0 0 -4.5 4.5 0 0 p/3-16ndis.dat
3 16 -14 13 -4.5 -14 0 -10 -14 8.5 -4.5
3 16 -14 8.5 4.5 -14 0 10 -14 13 4.5
3 16 -14 8.5 -4.5 -14 6 -2 -14 8.8425 -1.7222
3 16 -14 8.8425 -1.7222 -14 6 -2 -14 5.4142 -1.4142
4 16 -14 5.4142 -1.4142 -14 5.69085 -1 -14 8.69861 -1 -14 8.8425 -1.7222
4 16 -14 8.8425 1.7222 -14 8.69861 1 -14 5.69085 1 -14 5.4142 1.4142
3 16 -14 5.4142 1.4142 -14 6 2 -14 8.8425 1.7222
3 16 -14 8.8425 1.7222 -14 6 2 -14 8.5 4.5
1 16 -14 4 0 0 1 0 0 0 2 -2 0 0 p/1-8ndis.dat
1 16 -14 4 0 0 1 0 0 0 2 2 0 0 p/1-8ndis.dat
1 16 -14 4 0 0 1 0 0 0 -2 -2 0 0 p/2-4ndis.dat
3 16 -14 8.5 4.5 -14 6 2 -14 4 2
4 16 -14 4 2 -14 2 2 -14 0 10 -14 8.5 4.5
4 16 -14 2 2 -14 2 -2 -14 0 -10 -14 0 10
4 16 -14 8.5 -4.5 -14 0 -10 -14 2 -2 -14 4 -2
3 16 -14 4 -2 -14 6 -2 -14 8.5 -4.5
1 16 5.888 14 6.682 0 -12.72 -0.476 10 0 0 0 -19.04 0.318 p/rect3.dat
1 16 0 24 0 6.364 0 6.364 0 -20 0 6.364 0 -6.364 p/1-4cyli.dat
1 16 5.888 14 -6.682 0 -1.59 -0.476 -10 0 0 0 2.38 -0.318 p/rect3.dat
1 16 8.206 14 7 0 0 2.794 10 0 0 0 1 0 p/rect3.dat
1 16 11 14 0 0 1 0 10 0 0 0 0 -7 p/rect3.dat
1 16 8.206 14 -7 -2.794 0 0 0 0 -10 0 -1.00685 0 p/rect2p.dat
1 16 -11 14 0 0 -1 0 0 0 10 -7 0 0 p/rect.dat
1 16 -8.206 14 7 0 0 2.794 10 0 0 0 1 0 p/rect3.dat
1 16 -5.888 14 6.682 0.476 1.59 0 0 0 10 0.318 -2.38 0 p/rect2p.dat
1 16 0 24 0 -6.364 0 -6.364 0 -20 0 -6.364 0 6.364 p/1-4cyli.dat
1 16 -5.888 14 -6.682 0 1.59 0.476 10 0 0 0 2.38 -0.318 p/rect3.dat
1 16 -8.206 14 -7 2.794 0 0 0 0 10 0 -1.00685 0 p/rect2p.dat
3 16 11 4 7 6.364 4 6.364 5.412 4 7
3 16 8.315 4 3.445 6.364 4 6.364 11 4 7
4 16 9 4 0 8.315 4 3.445 11 4 7 11 4 -7
3 16 8.315 4 -3.445 9 4 0 11 4 -7
3 16 11 4 -7 6.364 4 -6.364 8.315 4 -3.445
3 16 5.412 4 -7 6.364 4 -6.364 11 4 -7
3 16 -5.412 4 7 -6.364 4 6.364 -11 4 7
3 16 -11 4 7 -6.364 4 6.364 -8.315 4 3.445
4 16 -11 4 7 -8.315 4 3.445 -9 4 0 -11 4 -7
3 16 -11 4 -7 -9 4 0 -8.315 4 -3.445
3 16 -8.315 4 -3.445 -6.364 4 -6.364 -11 4 -7
3 16 -11 4 -7 -6.364 4 -6.364 -5.412 4 -7
1 16 0 24 0 6 0 0 0 1 0 0 0 6 p/4-4edge.dat
0 BFC INVERTNEXT
1 16 0 4 0 6 0 0 0 20 0 0 0 6 p/4-4cyli.dat
1 16 0 4 0 6 0 0 0 1 0 0 0 6 p/4-4edge.dat
1 16 0 4 0 2 0 0 0 -1 0 0 0 -2 p/4-4ring2.dat
1 16 0 0 0 1 0 0 0 1 0 0 0 1 p/filstud3.dat
1 16 0 0 0 2 0 0 0 1 0 0 0 2 p/4-4ring3.dat
1 16 0 0 0 6 0 0 0 1 0 0 0 6 p/4-4edge.dat
1 16 0 0 0 1 0 0 0 1 0 0 0 1 p/stud2a.dat
4 16 8 0 8 14 0 10 -14 0 10 -8 0 8
4 16 8 0 -8 14 0 -10 14 0 10 8 0 8
4 16 -8 0 -8 -14 0 -10 14 0 -10 8 0 -8
4 16 -8 0 8 -14 0 10 -14 0 -10 -8 0 -8
1 16 0 0 0 8 0 0 0 1 0 0 0 8 p/4-4ndis.dat
1 16 14 13 0 0 1 0 -4.15746 0 1.72208 1.72208 0 4.15746 p/7-8edge.dat
1 16 14 4 0 0 1 0 1.41421 0 -1.41421 -1.41421 0 -1.41421 p/3-4edge.dat
4 16 14 24 -10 14 24 10 14 17.5 4.5 14 17.5 -4.5
1 16 14 13 0 0 -1 0 0 0 4.5 -4.5 0 0 p/2-4ndis.dat
4 16 14 17.5 4.5 14 24 10 14 0 10 14 13 4.5
4 16 14 0 -10 14 24 -10 14 17.5 -4.5 14 13 -4.5
1 16 14 13 0 0 -1 0 0 0 -4.5 -4.5 0 0 p/3-16ndis.dat
1 16 14 13 0 0 -1 0 0 0 -4.5 4.5 0 0 p/3-16ndis.dat
3 16 14 8.5 -4.5 14 0 -10 14 13 -4.5
3 16 14 13 4.5 14 0 10 14 8.5 4.5
3 16 14 8.8425 -1.7222 14 6 -2 14 8.5 -4.5
3 16 14 5.4142 -1.4142 14 6 -2 14 8.8425 -1.7222
4 16 14 8.8425 -1.7222 14 8.69861 -1 14 5.69085 -1 14 5.4142 -1.4142
4 16 14 5.4142 1.4142 14 5.69085 1 14 8.69861 1 14 8.8425 1.7222
3 16 14 8.8425 1.7222 14 6 2 14 5.4142 1.4142
3 16 14 8.5 4.5 14 6 2 14 8.8425 1.7222
1 16 14 4 0 0 -1 0 0 0 2 -2 0 0 p/1-8ndis.dat
1 16 14 4 0 0 -1 0 0 0 2 2 0 0 p/1-8ndis.dat
1 16 14 4 0 0 -1 0 0 0 -2 2 0 0 p/2-4ndis.dat
3 16 14 4 2 14 6 2 14 8.5 4.5
4 16 14 8.5 4.5 14 0 10 14 2 2 14 4 2
4 16 14 0 10 14 0 -10 14 2 -2 14 2 2
4 16 14 4 -2 14 2 -2 14 0 -10 14 8.5 -4.5
3 16 14 8.5 -4.5 14 6 -2 14 4 -2
1 16 14 13 0 0 1.5 0 -4.5 0 0 0 0 4.5 p/4-4cyli.dat
1 16 15.5 13 0 0 1 0 -4.5 0 0 0 0 4.5 p/4-4edge.dat
1 16 15.5 13 0 0 -1 0 -1.5 0 0 0 0 -1.5 p/4-4ring2.dat
1 16 15.5 13 0 0 1 0 -3 0 0 0 0 3 p/4-4edge.dat
1 16 15.5 13 0 0 1.5 0 -3 0 0 0 0 3 p/4-4cyli.dat
1 16 17 13 0 0 1 0 -3 0 0 0 0 3 p/4-4edge.dat
1 16 17 13 0 0 -1 0 -3 0 0 0 0 -3 p/4-4disc.dat
1 16 14 5.5 0 0 0 1 0 3.5 0 -1 0 0 p/2-4cyli.dat
1 16 14 4 0 0 2 0 -2 0 0 0 0 2 p/4-8sphe.dat
