0 BFC CERTIFY CCW
1 16 0 0 0 1 0 0 0 1 0 0 0 1 p/connhole.dat
1 16 0 -10 0 9 0 0 0 20 0 0 0 -9 p/1-8cylo.dat
1 16 0 -10 0 -9 0 0 0 20 0 0 0 -9 p/1-8cylo.dat
1 16 6.364 0 -6.932 0 -1 0 -10 0 0 0 0 -.568 p/rect3.dat
1 16 -6.364 0 -6.932 0 1 0 10 0 0 0 0 -0.568 p/rect3.dat
1 16 9 0 -8.75 0 -1 0 8 0 0 0 0 1.25 p/rect2p.dat
1 16 -9 0 -8.75 0 1 0 8 0 0 0 0 -1.25 p/rect2p.dat
1 16 7 -8 -10 2 0 0 0 0 -2 0 2.5 0 p/1-4cylo.dat
1 16 7 8 -10 0 0 2 2 0 0 0 2.5 0 p/1-4cylo.dat
1 16 -7 -8 -10 0 0 -2 -2 0 0 0 2.5 0 p/1-4cylo.dat
1 16 -7 8 -10 -2 0 0 0 0 2 0 2.5 0 p/1-4cylo.dat
1 16 -7 -8 -10 0 0 -2 -2 0 0 0 1 0 p/1-4chrd.dat
1 16 -7 -8 -7.5 0 0 -2 -2 0 0 0 -1 0 p/1-4chrd.dat
1 16 -7 8 -10 0 0 -2 2 0 0 0 1 0 p/1-4chrd.dat
1 16 -7 8 -7.5 0 0 -2 2 0 0 0 -1 0 p/1-4chrd.dat
4 16 -6.364 -10 -7.5 -6.364 10 -7.5 -9 -8 -7.5 -7 -10 -7.5
4 16 -6.364 10 -7.5 -7 10 -7.5 -9 8 -7.5 -9 -8 -7.5
1 16 7 -8 -10 0 0 2 -2 0 0 0 1 0 p/1-4chrd.dat
1 16 7 -8 -7.5 0 0 2 -2 0 0 0 -1 0 p/1-4chrd.dat
1 16 7 8 -10 0 0 2 2 0 0 0 1 0 p/1-4chrd.dat
1 16 7 8 -7.5 0 0 2 2 0 0 0 -1 0 p/1-4chrd.dat
4 16 6.364 -10 -7.5 7 -10 -7.5 9 -8 -7.5 6.364 10 -7.5
4 16 6.364 10 -7.5 9 -8 -7.5 9 8 -7.5 7 10 -7.5
4 16 9 -8 -10 7 -10 -10 -7 -10 -10 -9 -8 -10
4 16 9 -8 -10 -9 -8 -10 -9 8 -10 -7 10 -10
4 16 9 -8 -10 -7 10 -10 7 10 -10 9 8 -10
3 16 7 -10 -10 0 -10 -9 -7 -10 -10
3 16 -3.444 -10 -8.315 -6.364 -10 -6.364 -6.364 -10 -7.5
3 16 6.364 -10 -7.5 6.364 -10 -6.364 3.444 -10 -8.315
3 16 0 10 -9 7 10 -10 -7 10 -10
3 16 -6.364 10 -6.364 -3.444 10 -8.315 -6.364 10 -7.5
3 16 6.364 10 -6.364 6.364 10 -7.5 3.444 10 -8.315
4 16 -6.364 -10 -7.5 -7 -10 -7.5 -7 -10 -10 -3.4443 -10 -8.3151
3 16 -3.4443 -10 -8.3151 -7 -10 -10 0 -10 -9
3 16 3.444 -10 -8.315 0 -10 -9 7 -10 -10
4 16 7 -10 -7.5 6.364 -10 -7.5 3.444 -10 -8.315 7 -10 -10
4 16 6.364 10 -7.5 7 10 -7.5 7 10 -10 3.444 10 -8.315
4 16 -7 10 -7.5 -6.364 10 -7.5 -3.4443 10 -8.3151 -7 10 -10
3 16 -7 10 -10 -3.4443 10 -8.3151 0 10 -9
3 16 3.444 10 -8.315 7 10 -10 0 10 -9
