0 BFC CERTIFY CCW
1 16 0 -6.364 0 0 0 9 0 12.7279 0 9 0 0 2-4cylo.dat
1 16 10 0 -20 0 -16 0 6.36396 0 -6.36396 6.36396 0 6.36396 1-4cylo.dat
1 16 10 0 20 0 -16 0 6.36396 0 -6.36396 -6.36396 0 -6.36396 1-4cylo.dat
1 16 -3 -.00005 -9 0 0 -3 -6.36395 0 0 0 1 0 rect3.dat
1 16 -3 -.00005 9 0 0 -3 6.36395 0 0 0 -1 0 rect3.dat
3 16 10 -6.364 -13.6331 9 -6.364 0 10 -6.364 13.6331
3 16 9 6.364 0 10 6.364 -13.6331 10 6.364 13.6331
3 16 3.4443 6.3639 8.3151 9 6.364 0 10 6.364 13.6331
4 16 -6 6.364 13.7 -6 6.3639 9 3.4443 6.3639 8.3151 10 6.364 13.6331
3 16 9 -6.364 0 3.4443 -6.3639 8.3151 10 -6.364 13.6331
4 16 3.4443 -6.3639 8.3151 -6 -6.364 9 -6 -6.364 13.7 10 -6.364 13.6331
4 16 -6 6.364 13.7 -6 -6.364 13.7 -6 -6.364 9 -6 6.3639 9
3 16 9 6.364 0 3.4443 6.3639 -8.3151 10 6.364 -13.6331
4 16 3.4443 6.3639 -8.3151 -6 6.3639 -9 -6 6.364 -13.7 10 6.364 -13.6331
3 16 3.4443 -6.3639 -8.3151 9 -6.364 0 10 -6.364 -13.6331
4 16 -6 -6.364 -13.7 -6 -6.364 -9 3.4443 -6.3639 -8.3151 10 -6.364 -13.6331
4 16 -6 -6.364 -9 -6 -6.364 -13.7 -6 6.364 -13.7 -6 6.3639 -9
