0 BFC CERTIFY CCW
1 16 0 0 -10 0 0 -1 -1 0 0 0 20 0 p/axlehol5.dat
4 16 -5.602 -2 -10 -6 0 -10 -6 0 -5 -5.801 -1 -5
4 16 -6 0 10 -5.602 -2 10 -5.801 -1 5 -6 0 5
4 16 -6 0 -10 -5.602 2 -10 -5.801 1 -5 -6 0 -5
4 16 -5.602 2 10 -6 0 10 -6 0 5 -5.801 1 5
4 16 6 0 -10 5.602 -2 -10 5.801 -1 -5 6 0 -5
4 16 5.602 -2 10 6 0 10 6 0 5 5.801 -1 5
4 16 5.602 2 -10 6 0 -10 6 0 -5 5.801 1 -5
4 16 6 0 10 5.602 2 10 5.801 1 5 6 0 5
4 16 -5.602 -2 -10 -5.801 -1 -5 -5.801 -1 5 -5.602 -2 10
4 16 -5.602 2 10 -5.801 1 5 -5.801 1 -5 -5.602 2 -10
4 16 5.602 -2 10 5.801 -1 5 5.801 -1 -5 5.602 -2 -10
4 16 5.602 2 -10 5.801 1 -5 5.801 1 5 5.602 2 10
1 16 -6.301 1 0 0 0 0.5 0 1 0 -4 0 0 p/rect2p.dat
1 16 -6.301 -1 0 0 0 0.5 0 -1 0 4 0 0 p/rect2p.dat
1 16 6.301 -1 0 0 0 -0.5 0 -1 0 -4 0 0 p/rect2p.dat
1 16 6.301 1 0 0 0 -0.5 0 1 0 4 0 0 p/rect2p.dat
0 BFC INVERTNEXT
1 16 6 0 -4 0 1 -0.199 0 0 1 -1 0 0 p/1-4cylo.dat
0 BFC INVERTNEXT
1 16 6 0 -4 0 1 -0.199 0 0 -1 -1 0 0 p/1-4cylo.dat
0 BFC INVERTNEXT
1 16 6 0 4 0 1 -0.199 0 0 -1 1 0 0 p/1-4cylo.dat
0 BFC INVERTNEXT
1 16 6 0 4 0 1 -0.199 0 0 1 1 0 0 p/1-4cylo.dat
0 BFC INVERTNEXT
1 16 -6 0 -4 0 -1 0.199 0 0 -1 -1 0 0 p/1-4cylo.dat
0 BFC INVERTNEXT
1 16 -6 0 -4 0 -1 0.199 0 0 1 -1 0 0 p/1-4cylo.dat
0 BFC INVERTNEXT
1 16 -6 0 4 0 -1 0.199 0 0 1 1 0 0 p/1-4cylo.dat
0 BFC INVERTNEXT
1 16 -6 0 4 0 -1 0.199 0 0 -1 1 0 0 p/1-4cylo.dat
1 16 7 0 -4 0 -1 -0.199 0 0 1 -1 0 0 p/1-4ndis.dat
1 16 7 0 -4 0 -1 -0.199 0 0 -1 -1 0 0 p/1-4ndis.dat
1 16 7 0 4 0 -1 -0.199 0 0 -1 1 0 0 p/1-4ndis.dat
1 16 7 0 4 0 -1 -0.199 0 0 1 1 0 0 p/1-4ndis.dat
1 16 -7 0 -4 0 1 0.199 0 0 -1 -1 0 0 p/1-4ndis.dat
1 16 -7 0 -4 0 1 0.199 0 0 1 -1 0 0 p/1-4ndis.dat
1 16 -7 0 4 0 1 0.199 0 0 1 1 0 0 p/1-4ndis.dat
1 16 -7 0 4 0 1 0.199 0 0 -1 1 0 0 p/1-4ndis.dat
1 16 6 0 -4 0 1 -0.199 0 0 1 -1 0 0 p/1-4ndis.dat
1 16 6 0 -4 0 1 -0.199 0 0 -1 -1 0 0 p/1-4ndis.dat
1 16 6 0 4 0 1 -0.199 0 0 -1 1 0 0 p/1-4ndis.dat
1 16 6 0 4 0 1 -0.199 0 0 1 1 0 0 p/1-4ndis.dat
1 16 -6 0 -4 0 -1 0.199 0 0 -1 -1 0 0 p/1-4ndis.dat
1 16 -6 0 -4 0 -1 0.199 0 0 1 -1 0 0 p/1-4ndis.dat
1 16 -6 0 4 0 -1 0.199 0 0 1 1 0 0 p/1-4ndis.dat
1 16 -6 0 4 0 -1 0.199 0 0 -1 1 0 0 p/1-4ndis.dat
1 16 0 0 6 -6.46716 0 2.67878 2.67878 0 6.46716 0 -12 0 p/3-8cyli.dat
1 16 0 0 6 -6.46716 0 2.67878 -2.67878 0 -6.46716 0 -12 0 p/3-8cyli.dat
1 16 0 0 6 7 0 0 0 0 7 0 1 0 p/4-4edge.dat
1 16 0 0 -6 7 0 0 0 0 7 0 1 0 p/4-4edge.dat
4 16 6.4673 -2.6789 -6 6.801 -1 -5 6.801 -1 5 6.4673 -2.6789 6
4 16 6.4673 2.6789 6 6.801 1 5 6.801 1 -5 6.4673 2.6789 -6
4 16 6.4673 2.6789 -6 6.801 1 -5 7 0 -5 7 0 -6
4 16 7 0 -6 7 0 -5 6.801 -1 -5 6.4673 -2.6789 -6
4 16 7 0 6 7 0 5 6.801 1 5 6.4673 2.6789 6
4 16 6.4673 -2.6789 6 6.801 -1 5 7 0 5 7 0 6
4 16 -6.4673 -2.6789 6 -6.801 -1 5 -6.801 -1 -5 -6.4673 -2.6789 -6
4 16 -6.4673 2.6789 -6 -6.801 1 -5 -6.801 1 5 -6.4673 2.6789 6
4 16 -7 0 -6 -7 0 -5 -6.801 1 -5 -6.4673 2.6789 -6
4 16 -6.4673 -2.6789 -6 -6.801 -1 -5 -7 0 -5 -7 0 -6
4 16 -6.4673 2.6789 6 -6.801 1 5 -7 0 5 -7 0 6
4 16 -7 0 6 -7 0 5 -6.801 -1 5 -6.4673 -2.6789 6
