0 BFC CERTIFY CCW
1 16 0 0 0 4.75 0 0 0 0 4 0 -3 0 p/box4o8a.dat
1 16 -5.075 0 -3.75 -0.325 12 0 0 0 -4 -0.75 -5.2 0 p/rect2p.dat
1 16 -5.95 0 -5.25 -0.55 3 0 0 0 -4 -0.75 -2.2 0 p/rect2p.dat
1 16 -6.85 0 -6.75 -0.35 12 0 0 0 -4 -0.75 -5.6 0 p/rect2p.dat
1 16 -7.392 0 -8.25 -0.192 4 0 0 0 -4 -0.75 -1.024 0 p/rect2p.dat
1 16 -7.584 0 -11.5 0 1 0 4 0 0 0 0 -2.5 p/rect3.dat
1 16 -5.64 0 -14 0 0 1.944 4 0 0 0 1 0 p/rect3.dat
1 16 -3.696 0 -12.7655 0 -1.03958 0 4 0 0 0 0 1.2345 p/rect3.dat
1 16 -3.848 0 -10.7655 -0.152 -6.124 0 0 0 -4 0.7655 -1.216 0 p/rect2p.dat
3 16 -4 -4 -6 -4.75 -4 -3 -5.4 -4 -4.5
4 16 -4 -4 -6 -5.4 -4 -4.5 -6.5 -4 -6 -7.2 -4 -7.5
4 16 -4 -4 -10 -4 -4 -6 -7.2 -4 -7.5 -7.584 -4 -9
4 16 -3.696 -4 -11.531 -4 -4 -10 -7.584 -4 -9 -7.584 -4 -14
3 16 -7.584 -4 -14 -3.696 -4 -14 -3.696 -4 -11.531
3 16 -4 4 -6 -5.4 4 -4.5 -4.75 4 -3
4 16 -6.5 4 -6 -5.4 4 -4.5 -4 4 -6 -7.2 4 -7.5
4 16 -4 4 -10 -7.584 4 -9 -7.2 4 -7.5 -4 4 -6
4 16 -3.696 4 -11.531 -7.584 4 -14 -7.584 4 -9 -4 4 -10
3 16 -7.584 4 -14 -3.696 4 -11.531 -3.696 4 -14
1 16 5.075 0 -3.75 0.325 -12 0 0 0 4 -0.75 -5.2 0 p/rect2p.dat
1 16 5.95 0 -5.25 0.55 -3 0 0 0 4 -0.75 -2.2 0 p/rect2p.dat
1 16 6.85 0 -6.75 0.35 -12 0 0 0 4 -0.75 -5.6 0 p/rect2p.dat
1 16 7.392 0 -8.25 0.192 -4 0 0 0 4 -0.75 -1.024 0 p/rect2p.dat
1 16 7.584 0 -11.5 0 -1 0 -4 0 0 0 0 -2.5 p/rect3.dat
1 16 5.64 0 -14 0 0 -1.944 -4 0 0 0 1 0 p/rect3.dat
1 16 3.696 0 -12.7655 0 1 0 -4 0 0 0 0 1.2345 p/rect3.dat
1 16 3.848 0 -10.7655 0.152 0.980851 0 0 0 4 0.7655 -0.999992 0 p/rect2p.dat
3 16 4 -4 -6 5.4 -4 -4.5 4.75 -4 -3
4 16 6.5 -4 -6 5.4 -4 -4.5 4 -4 -6 7.2 -4 -7.5
4 16 4 -4 -10 7.584 -4 -9 7.2 -4 -7.5 4 -4 -6
4 16 3.696 -4 -11.531 7.584 -4 -14 7.584 -4 -9 4 -4 -10
3 16 7.584 -4 -14 3.696 -4 -11.531 3.696 -4 -14
3 16 4 4 -6 4.75 4 -3 5.4 4 -4.5
4 16 4 4 -6 5.4 4 -4.5 6.5 4 -6 7.2 4 -7.5
4 16 4 4 -10 4 4 -6 7.2 4 -7.5 7.584 4 -9
4 16 3.696 4 -11.531 4 4 -10 7.584 4 -9 7.584 4 -14
3 16 7.584 4 -14 3.696 4 -14 3.696 4 -11.531
1 16 0 -4 -10 -4 0 0 0 1 0 0 0 4 p/2-4edge.dat
1 16 0 4 -10 -4 0 0 0 1 0 0 0 4 p/2-4edge.dat
0 BFC INVERTNEXT
1 16 0 -4 -10 -4 0 0 0 8 0 0 0 4 p/2-4cyli.dat
1 16 0 -4 -10 -4 0 0 0 1 0 0 0 4 p/2-4ndis.dat
1 16 0 4 -10 4 0 0 0 -1 0 0 0 4 p/2-4ndis.dat
4 16 -4.75 -4 -3 -4 -4 -6 4 -4 -6 4.75 -4 -3
4 16 -4.75 4 -3 4.75 4 -3 4 4 -6 -4 4 -6
