0 BFC CERTIFY CCW
1 16 0 4 0.098 6.3254 0 4.2265 0 -8 0 -4.09842 0 6.13371 p/11-16cyli.dat
0 BFC INVERTNEXT
1 16 0 4 0 3.69552 0 1.53073 0 -8 0 -1.53073 0 3.69552 p/5-8cylo.dat
1 16 5.011 0 -2.765 0 0.1522 -1.16272 4 0 0 0 -1.2346 0 p/box2-5.dat
1 16 -5.011 0 -2.765 0 -0.1522 1.16272 -4 0 0 0 -1.2346 0 p/box2-5.dat
3 16 6.3254 4 -4 4 4 -4 4 4 0
4 16 6.3254 4 -4 4 4 0 4 4 4 4.2265 4 6.2317
3 16 -4 4 0 -4 4 -4 -6.3254 4 -4
4 16 -4.2266 4 6.2319 -4 4 4 -4 4 0 -6.3254 4 -4
4 16 0 4 4 -4 4 4 -4.2266 4 6.2319 4.2265 4 6.2317
3 16 4.2265 4 6.2317 4 4 4 0 4 4
1 16 0 4 0.098 6.3254 0 4.2265 0 -1 0 -4.09842 0 6.13371 p/11-16edge.dat
1 16 0 4 0.098 6.3254 0 4.2265 0 -1 0 -4.09842 0 6.13371 p/1-4chrd.dat
1 16 0 4 0.098 4.2265 0 -6.3254 0 -1 0 6.13371 0 4.09842 p/3-16chrd.dat
1 16 0 4 0.098 -4.2265 0 -6.3254 0 -1 0 6.13371 0 -4.09842 p/1-4chrd.dat
1 16 0 -4 0 4 0 0 0 1 0 0 0 4 p/2-4ndis.dat
1 16 0 -4 0 4 0 0 0 1 0 0 0 -4 p/1-16ndis.dat
1 16 0 -4 0 -4 0 0 0 1 0 0 0 -4 p/1-16ndis.dat
1 16 0 4 0 -4 0 0 0 -1 0 0 0 -4 p/1-16ndis.dat
1 16 0 4 0 4 0 0 0 -1 0 0 0 4 p/2-4ndis.dat
1 16 0 4 0 4 0 0 0 -1 0 0 0 -4 p/1-16ndis.dat
3 16 -6.3254 -4 -4 -4 -4 -4 -4 -4 0
4 16 -6.3254 -4 -4 -4 -4 0 -4 -4 4 -4.2265 -4 6.2317
3 16 4 -4 0 4 -4 -4 6.3254 -4 -4
4 16 4.2266 -4 6.2319 4 -4 4 4 -4 0 6.3254 -4 -4
4 16 0 -4 4 4 -4 4 4.2266 -4 6.2319 -4.2265 -4 6.2317
3 16 -4.2265 -4 6.2317 -4 -4 4 0 -4 4
1 16 0 -4 0.098 -6.3254 0 -4.2265 0 1 0 -4.09842 0 6.13371 p/11-16edge.dat
1 16 0 -4 0.098 -6.3254 0 -4.2265 0 1 0 -4.09842 0 6.13371 p/1-4chrd.dat
1 16 0 -4 0.098 -4.2265 0 6.3254 0 1 0 6.13371 0 4.09842 p/3-16chrd.dat
1 16 0 -4 0.098 4.2265 0 6.3254 0 1 0 6.13371 0 -4.09842 p/1-4chrd.dat
