0 BFC CERTIFY CCW
1 16 0 0 0 8.31492 0 3.44415 0 1 0 -3.44415 0 8.31492 p/1-8cylo.dat
1 16 0 0 0 8.31492 0 3.44415 0 1 0 -3.44415 0 8.31492 p/1-8chrd.dat
1 16 0 1 0 8.31492 0 3.44415 0 -1 0 -3.44415 0 8.31492 p/1-8chrd.dat
1 16 0 0 0 -8.31492 0 -3.44415 0 1 0 -3.44415 0 8.31492 p/1-8cylo.dat
1 16 0 0 0 -8.31492 0 -3.44415 0 1 0 -3.44415 0 8.31492 p/1-8chrd.dat
1 16 0 1 0 -8.31492 0 -3.44415 0 -1 0 -3.44415 0 8.31492 p/1-8chrd.dat
1 16 0 0 0 -3.44415 0 8.31492 0 1 0 -8.31492 0 -3.44415 p/1-8cylo.dat
1 16 0 0 0 -3.44415 0 8.31492 0 1 0 -8.31492 0 -3.44415 p/1-8chrd.dat
1 16 0 1 0 -3.44415 0 8.31492 0 -1 0 -8.31492 0 -3.44415 p/1-8chrd.dat
1 16 0 0 0 -3.44415 0 8.31492 0 1 0 8.31492 0 3.44415 p/1-8cylo.dat
1 16 0 0 0 -3.44415 0 8.31492 0 1 0 8.31492 0 3.44415 p/1-8chrd.dat
1 16 0 1 0 -3.44415 0 8.31492 0 -1 0 8.31492 0 3.44415 p/1-8chrd.dat
0 BFC INVERTNEXT
1 16 5.88 0.5 -5.879 0 -2.4354 0 0.5 0 0 0 0 2.4354 p/box2-5.dat
0 BFC INVERTNEXT
1 16 5.879 0.5 5.88 0 0 -2.4354 0.5 0 0 0 -2.4354 0 p/box2-5.dat
0 BFC INVERTNEXT
1 16 -5.88 0.5 5.879 0 2.4354 0 0.5 0 0 0 0 -2.4354 p/box2-5.dat
0 BFC INVERTNEXT
1 16 -5.879 0.5 -5.88 0 0 2.4354 0.5 0 0 0 2.4354 0 p/box2-5.dat
4 16 8.315 0 -3.444 8.315 0 3.444 3.444 0 3.444 3.444 0 -3.444
4 16 3.444 0 8.315 -3.444 0 8.315 -3.444 0 3.444 3.444 0 3.444
4 16 -8.315 0 3.444 -8.315 0 -3.444 -3.444 0 -3.444 -3.444 0 3.444
4 16 -3.444 0 -8.315 3.444 0 -8.315 3.444 0 -3.444 -3.444 0 -3.444
4 16 3.444 0 -3.444 3.444 0 3.444 -3.444 0 3.444 -3.444 0 -3.444
4 16 3.444 1 3.444 8.315 1 3.444 8.315 1 -3.444 3.444 1 -3.444
4 16 -3.444 1 3.444 -3.444 1 8.315 3.444 1 8.315 3.444 1 3.444
4 16 -3.444 1 -3.444 -8.315 1 -3.444 -8.315 1 3.444 -3.444 1 3.444
4 16 3.444 1 -3.444 3.444 1 -8.315 -3.444 1 -8.315 -3.444 1 -3.444
4 16 -3.444 1 3.444 3.444 1 3.444 3.444 1 -3.444 -3.444 1 -3.444
