0 BFC CERTIFY CCW
1 16 0 0 0 24 0 0 0 1 0 0 0 24 p/4-4cylo.dat
1 16 0 0 0 4 0 0 0 .025 0 0 0 4 p/4-4ring5.dat
1 16 0 1 0 4 0 0 0 -.025 0 0 0 4 p/4-4ring5.dat
0 BFC INVERTNEXT
1 16 0 0 0 18.47759 0 -7.65367 0 1 0 7.65367 0 18.47759 p/3-8cylo.dat
0 BFC INVERTNEXT
1 16 0 0 0 18.47759 0 -7.65367 0 1 0 -7.65367 0 -18.47759 p/3-8cylo.dat
4 16 -19.3148 0 3.4436 -20 0 0 -20 1 0 -19.3148 1 3.4436
4 16 -18.478 0 7.654 -18.7187 0 6.4436 -18.7187 1 6.4436 -18.478 1 7.654
4 16 -20 1 0 -20 0 0 -19.3148 0 -3.4436 -19.3148 1 -3.4436
4 16 -18.7187 1 -6.4436 -18.7187 0 -6.4436 -18.478 0 -7.654 -18.478 1 -7.654
4 16 20 1 0 20 0 0 19.3148 0 3.4436 19.3148 1 3.4436
4 16 18.7187 1 6.4436 18.7187 0 6.4436 18.478 0 7.654 18.478 1 7.654
4 16 19.3148 0 -3.4436 20 0 0 20 1 0 19.3148 1 -3.4436
4 16 18.478 0 -7.654 18.7187 0 -6.4436 18.7187 1 -6.4436 18.478 1 -7.654
