0 BFC CERTIFY CCW
1 16 -3 0 0 0 1 0 2 0 0 0 0 -2 4-4edge.dat
1 16 -3 0 0 0 -1 0 2 0 0 0 0 -2 4-4disc.dat
0 BFC INVERTNEXT
1 16 -3 0 0 0 5 0 2 0 0 0 0 -2 4-4cyli.dat
1 16 7 0 0 0 1 0 2 0 0 0 0 2 3-4edge.dat
0 BFC INVERTNEXT
1 16 7 0 0 0 -5 0 2 0 0 0 0 2 3-4cyli.dat
1 16 7 0 0 0 -1 0 2 0 0 0 0 2 3-4ring1.dat
1 16 7 0 0 0 -1 0 4 0 0 0 0 4 3-4edge.dat
1 16 0 0 0 0 2 0 5 0 0 0 0 -5 4-4cylo.dat
1 16 3.5 0 0 0 -1.5 0 0.5 0 0 0 0 0.5 2-4con10.dat
1 16 5 0 0 0 1 0 0.5 0 0 0 0 0.5 2-4con10.dat
1 16 6 0 0 0 1 0 1 0 0 0 0 1 2-4con4.dat
1 16 3.5 0 0 0 -1.5 0 -0.5 0 0 0 0 -0.5 1-4con10.dat
1 16 5 0 0 0 1 0 -0.5 0 0 0 0 -0.5 1-4con10.dat
1 16 6 0 0 0 1 0 -1 0 0 0 0 -1 1-4con4.dat
1 16 3.5 0 0 0 1.5 0 5.5 0 0 0 0 5.5 3-4cyli.dat
4 16 2 5 0 3.5 5.5 0 3.5 5.0813 -2.1043 2 4.6194 -1.9134
4 16 3.5 5.5 0 5 5.5 0 5 5.0813 -2.1043 3.5 5.0813 -2.1043
4 16 5 5.5 0 6 5 0 6 4.6188 -1.9134 5 5.0813 -2.1043
4 16 6 5 0 7 4 0 7 3.696 -1.5309 6 4.6188 -1.9134
4 16 2 4.6194 -1.9134 3.5 5.0813 -2.1043 5 5.0813 -2.1043 6 4.6188 -1.9134
4 16 2 4.6194 -1.9134 6 4.6188 -1.9134 7 3.696 -1.5309 2 3.6956 -1.5307
4 16 2 2 0 2 3.6956 -1.5307 7 3.696 -1.5309 7 2 0
3 16 7 2 0 7 3.696 -1.5309 7 4 0
4 16 3.5 2.1043 -5.0813 3.5 0 -5.5 2 0 -5 2 1.9134 -4.6194
4 16 5 2.1043 -5.0813 5 0 -5.5 3.5 0 -5.5 3.5 2.1043 -5.0813
4 16 6 1.9134 -4.6188 6 0 -5 5 0 -5.5 5 2.1043 -5.0813
4 16 7 1.5309 -3.696 7 0 -4 6 0 -5 6 1.9134 -4.6188
4 16 5 2.1043 -5.0813 3.5 2.1043 -5.0813 2 1.9134 -4.6194 6 1.9134 -4.6188
4 16 7 1.5309 -3.696 6 1.9134 -4.6188 2 1.9134 -4.6194 2 1.5307 -3.6956
4 16 7 1.5309 -3.696 2 1.5307 -3.6956 2 0 -2 7 0 -2
3 16 7 1.5309 -3.696 7 0 -2 7 0 -4
1 16 2 0 0 0 1 0 0 0 2 -2 0 0 1-4edge.dat
1 16 2 0 0 0 -1 0 0 0 2 -2 0 0 1-4ndis.dat
1 16 2 0 0 0 -1 0 4.6194 0 -1.9134 -1.9134 0 -4.6194 1-8chrd.dat
4 16 2 4.6194 -1.9134 2 3.6956 -1.5307 2 1.5307 -3.6956 2 1.9134 -4.6194
3 16 2 2 -2 2 1.5307 -3.6956 2 3.6956 -1.5307
3 16 2 2 -2 2 3.6956 -1.5307 2 2 0
3 16 2 1.5307 -3.6956 2 2 -2 2 0 -2
