0 BFC CERTIFY CCW
1 16 -7.071 10 -10 0 14.1421 0 -9 0 0 0 0 9 p/3-16cyli.dat
1 16 -7.071 10 -10 0 1 0 -9 0 0 0 0 9 p/3-16edge.dat
1 16 7.071 10 -10 0 1 0 -9 0 0 0 0 9 p/3-16edge.dat
1 16 -7.071 10 -10 0 -1 0 -9 0 0 0 0 9 p/3-16ndis.dat
1 16 7.071 10 -10 0 1 0 -9 0 0 0 0 9 p/3-16ndis.dat
4 16 -7.071 0 2.929 -7.071 1 -1 -7.071 6.556 -1.685 -7.071 6.556 2.929
4 16 -7.071 0 -10 -7.071 1 -10 -7.071 1 -1 -7.071 0 2.929
4 16 7.071 6.556 2.929 7.071 6.556 -1.685 7.071 1 -1 7.071 0 2.929
4 16 7.071 0 2.929 7.071 1 -1 7.071 1 -10 7.071 0 -10
1 16 0 0 10 -7.07107 0 7.07107 0 6.55585 0 -7.07107 0 -7.07107 p/1-4cylo.dat
3 16 7.071 6.556 -1.685 7.071 6.556 2.929 3.827 6.556 0.761
4 16 7.071 6.556 -1.685 3.827 6.556 0.761 0 6.556 0 -7.071 6.556 -1.685
3 16 -7.071 6.556 -1.685 0 6.556 0 -3.827 6.556 0.761
3 16 -7.071 6.556 -1.685 -3.827 6.556 0.761 -7.071 6.556 2.929
