0 BFC CERTIFY CCW
1 16 0 0 -10 8.31 0 -3.442 0 1 0 3.442 0 8.31 p/3-8edge.dat
1 16 0 1 -10 8.31 0 -3.442 0 1 0 3.442 0 8.31 p/3-8edge.dat
1 16 0 1 10 8.31 0 -3.442 0 -1 0 -3.442 0 -8.31 p/3-8edge.dat
1 16 0 0 10 8.31 0 -3.442 0 -1 0 -3.442 0 -8.31 p/3-8edge.dat
1 16 0 0 -10 8.31 0 -3.442 0 1 0 3.442 0 8.31 p/3-8cyli.dat
1 16 0 1 10 8.31 0 -3.442 0 -1 0 -3.442 0 -8.31 p/3-8cyli.dat
4 16 8.31 1 6.558 6.36 1 3.64 6.36 1 -3.64 8.31 1 -6.558
4 16 6.36 1 -3.64 6.36 1 3.64 3.442 1 1.69 3.442 1 -1.69
4 16 3.442 1 -1.69 3.442 1 1.69 0 1 1.0057 0 1 -1.0057
4 16 0 1 -1.0057 0 1 1.0057 -3.442 1 1.69 -3.442 1 -1.69
4 16 -3.442 1 -1.69 -3.442 1 1.69 -6.36 1 3.64 -6.36 1 -3.64
4 16 -8.31 1 -6.558 -6.36 1 -3.64 -6.36 1 3.64 -8.31 1 6.558
1 16 8.31 0.5 0 0 1 0 0.5 0 0 0 0 6.558 p/rect.dat
1 16 -8.31 0.5 0 0 -1 0 0.5 0 0 0 0 6.558 p/rect.dat
4 16 -9 0 10 -9 0 -10 -8.31 0 -6.558 -8.31 0 6.558
4 16 8.31 0 6.558 8.31 0 -6.558 9 0 -10 9 0 10
