0 BFC CERTIFY CCW
3 16 5.4 1 7.0081 5.4 1 10 3.4443 1 8.3151
4 16 3.4443 1 8.3151 5.4 1 10 1.8 1 10 1.8 1 8.6421
4 16 5.4 1 10 5.4 1 7.0081 5.4 0 7.0081 5.4 0 10
4 16 9 0 10 5.4 0 10 5.4 0 7.0081 9 0 9
3 16 5.4 0 7.0081 6.3639 0 6.3639 9 0 9
1 16 0 0 0 9 0 0 0 1 0 0 0 9 p/1-8ndis.dat
4 16 1.8 0 8.6421 1.8 1 8.6421 1.8 1 10 1.8 0 10
4 16 0 0 9 1.8 0 8.6421 1.8 0 10 0 0 10
4 16 3.4443 1 8.3151 1.8 1 8.6421 1.8 0 8.6421 3.4443 0 8.3151
4 16 5.4 1 7.0081 3.4443 1 8.3151 3.4443 0 8.3151 5.4 0 7.0081
