0 BFC CERTIFY CCW
1 16 6.3639 .5 9.23394 0 1 0 0 0 .5 .76606 0 0 rect2p.dat
4 16 5.09822 1 7.62975 6.3639 1 8.46788 6.3639 1 10 3.4443 1 8.3151
4 16 0 1 9 3.4443 1 8.3151 6.3639 1 10 0 1 10
0 BFC INVERTNEXT
1 16 5.58171 0 8.3 .78219 0 .09843 0 1 0 .16788 0 -.78 8\3-8cylo.dat
1 16 5.58171 1 8.3 .78219 0 .09843 0 1 0 .16788 0 -.78 8\3-8chrd.dat
1 16 0 0 0 6.36396 0 -6.36396 0 1 0 6.36396 0 6.36396 1-16tang.dat
3 16 5.68014 0 7.52 5.09817 0 7.62975 6.36396 0 6.36396
3 16 5.68014 0 7.52 6.36396 0 6.36396 6.2044 0 7.86717
3 16 6.2044 0 7.86717 6.36396 0 6.36396 6.3639 0 8.46788
1 16 0 0 0 0 0 9 0 1 0 9 0 0 1-16cylo.dat
4 16 3.4443 1 8.3151 3.44418 0 8.31515 5.09817 0 7.62975 5.09822 1 7.62975
