0 BFC CERTIFY CCW
1 16 0 10 10 3.827 0 9.239 0 -1 0 -9.239 0 3.827 p/1-16tang.dat
1 16 0 10 10 -3.827 0 -9.239 0 -1 0 -9.239 0 3.827 p/1-16tang.dat
1 16 0 -10 0 -1 0 0 0 1 0 0 0 1 p/npeghol8.dat
1 16 -7.071 0 -10 0 10.898 0 9 0 0 0 0 9 p/3-16cylo.dat
1 16 -7.071 0 -10 0 -1 0 9 0 0 0 0 9 p/3-16ndis.dat
1 16 3.827 0 -10 0 1 0 9 0 0 0 0 9 p/3-16tndis.dat
1 16 0 10 10 -3.827 0 9.239 0 -6.55585 0 -9.239 0 -3.827 p/1-8cylo.dat
0 BFC INVERTNEXT
1 16 -6.2056 10 .78272 -.8672 0 -.1095 0 -6.5557 0 -.1865 0 .868 p/8/3-8cylo.dat
1 16 -6.2056 3.4443 .78272 -.8672 0 -.1095 0 -1 0 -.1865 0 .868 p/8/3-8chrd.dat
4 16 -5.66983 3.4443 1.528357 -5.66983 10 1.528357 -3.827 10 .761 -3.827 3.44415 .761
3 16 -7.071531 10 2.928681 -5.66983 10 1.528357 -6.3151 10 1.65072
3 16 -7.071531 10 2.928681 -6.3151 10 1.65072 -6.89622 10 1.26461
3 16 -7.071531 10 2.928681 -6.89622 10 1.26461 -7.0728 10 .59622
4 16 3.827 3.4443 -1.6849 -7.071 3.4443 -1.6849 -3.827 3.44415 .761 0 3.44415 -.00051
3 16 0 3.44415 -.00051 3.826825 3.44415 .761031 3.827 3.4443 -1.6849
4 16 -7.071 3.4443 -1.6849 -7.0728 3.4443 .59622 -5.66983 3.4443 1.528357 -3.827 3.44415 .761
4 16 3.827 10 -1.68503 3.827 10 -10 3.827 9 -10 3.827 9 -1.6849
4 16 -7.071 3.4443 -1.6849 -7.071 9 -1 -7.0728 10 .59622 -7.0728 3.4443 .59622
4 16 -7.071 9 -10 -7.071 10 -10 -7.0728 10 .59622 -7.071 9 -1
0 BFC INVERTNEXT
1 16 5.7844 10 .71245 .38961 0 .55971 0 -6.556 0 -.60345 0 .43416 p/8/2-4cylo.dat
1 16 5.7844 3.444 .7125 .38961 0 .55971 0 -1 0 -.60345 0 .43416 p/8/2-4chrd.dat
4 16 5.39479 10 1.3159 5.39479 3.444 1.3159 3.826825 3.44415 .761031 3.826825 10 .761031
4 16 6.17401 3.444 .109 3.827 3.4443 -1.6849 3.826825 3.44415 .761031 5.39479 3.444 1.3159
3 16 5.39479 10 1.3159 3.826825 10 .761031 5.664637 10 1.52219
3 16 5.39479 10 1.3159 5.664637 10 1.52219 5.904678 10 1.446144
3 16 5.904678 10 1.446144 5.664637 10 1.52219 7.071531 10 2.928681
3 16 7.071531 10 2.928681 6.34411 10 1.14661 5.904678 10 1.446144
3 16 6.455664 10 .592745 6.34411 10 1.14661 7.071531 10 2.928681
4 16 3.827 9 -1.6849 3.827 3.4443 -1.6849 6.17401 3.444 .109 6.17401 10 .109
3 16 3.827 10 -1.68503 3.827 9 -1.6849 6.17401 10 .109
