0 BFC CERTIFY CCW
1 16 0 0 0 0 0 -6 0 1 0 6 0 0 p/3-4edge.dat
1 16 0 -4 0 0 0 -6 0 1 0 6 0 0 p/3-4edge.dat
1 16 0.9694 -2 5.8072 -0.9694 -1.542 0 0 0 -2 0.1928 -7.7548 0 p/rect2p.dat
1 16 3.7766 -2 3.7766 0 -1.0502 -1.8379 2 0 0 0 -1.0502 1.8379 p/rect3.dat
1 16 5.8072 -2 0.9694 0 -7.7548 -0.1928 2 0 0 0 -1.542 0.9694 p/rect3.dat
1 16 0 -4 0 0 0 -6 0 4 0 6 0 0 p/3-4cyli.dat
1 16 0 -4 0 0 0 -6 0 1 0 6 0 0 p/3-4disc.dat
3 16 6 -4 0 0 -4 6 0 -4 0
4 16 0 -4 6 6 -4 0 5.6145 -4 1.9387 1.9387 -4 5.6145
