0 BFC CERTIFY CCW
1 16 0 5.3525 0 0.8 0 0 0 -1 0 0 0 4.75 p/rect.dat
1 16 1.275 4.1025 0 0 -1 -0.475 0 0 1.25 -4.75 0 0 p/rect3.dat
1 16 2 1.3525 0 0 -1 0.25 0 0 -1.5 -4.75 0 0 p/rect3.dat
1 16 -1.275 4.1025 0 0 1 0.475 0 0 1.25 -4.75 0 0 p/rect3.dat
1 16 -2 1.3525 0 0 1 -0.25 0 0 -1.5 -4.75 0 0 p/rect3.dat
4 16 1.75 2.8525 4.75 -1.75 2.8525 4.75 0 0 4.75 2.25 -0.1475 4.75
3 16 -1.75 2.8525 4.75 -2.25 -0.1475 4.75 0 0 4.75
4 16 0.8 5.3525 4.75 -0.8 5.3525 4.75 -1.75 2.8525 4.75 1.75 2.8525 4.75
4 16 2.25 -0.1475 -4.75 0 0 -4.75 -1.75 2.8525 -4.75 1.75 2.8525 -4.75
3 16 0 0 -4.75 -2.25 -0.1475 -4.75 -1.75 2.8525 -4.75
4 16 0.8 5.3525 -4.75 1.75 2.8525 -4.75 -1.75 2.8525 -4.75 -0.8 5.3525 -4.75
