0 BFC CERTIFY CCW
1 16 0 4.6192 0 1 0 0 0 -1 0 0 0 4.75 p/rect.dat
1 16 1.438 3.3096 0 0 -1 -0.4375 0 0 1.3096 -4.75 0 0 p/rect3.dat
1 16 1.938 0.9346 0 0 -1 0.0625 0 0 -1.0654 -4.75 0 0 p/rect3.dat
1 16 -1.438 3.3096 0 0 1 0.4375 0 0 1.3096 4.75 0 0 p/rect3.dat
1 16 -1.938 0.9346 0 0 1 -0.0625 0 0 -1.0654 -4.75 0 0 p/rect3.dat
4 16 1.875 2 4.75 -1.875 2 4.75 0 0 4.75 2 -0.1308 4.75
3 16 -1.875 2 4.75 -2 -0.1308 4.75 0 0 4.75
4 16 1 4.6192 4.75 -1 4.6192 4.75 -1.875 2 4.75 1.875 2 4.75
4 16 2 -0.1308 -4.75 0 0 -4.75 -1.875 2 -4.75 1.875 2 -4.75
3 16 0 0 -4.75 -2 -0.1308 -4.75 -1.875 2 -4.75
4 16 -1 4.6192 -4.75 1 4.6192 -4.75 1.875 2 -4.75 -1.875 2 -4.75
